Experiment: 1
Latency: 0
Source: (0.07, 0.86, 0.50)
SourceSize: 0.0750
Target: (0.93, 0.14, 0.50)
TargetSize: 0.0750

Trace:
time; position; button;
90.3643; (0.09, 0.89, 0.47);
90.3643; (0.09, 0.89, 0.47);
90.3764; (0.09, 0.88, 0.47);
90.3764; (0.08, 0.88, 0.47);
90.3800; (0.09, 0.88, 0.47);
90.3868; (0.09, 0.88, 0.47);
90.3868; (0.09, 0.88, 0.47);
90.3977; (0.10, 0.88, 0.47);
90.3977; (0.10, 0.87, 0.47);
90.4000; (0.10, 0.87, 0.47);
90.4098; (0.11, 0.87, 0.47);
90.4098; (0.11, 0.87, 0.47);
90.4195; (0.10, 0.86, 0.46);
90.4195; (0.10, 0.86, 0.46);
90.4200; (0.11, 0.85, 0.46);
90.4312; (0.11, 0.84, 0.46);
90.4312; (0.11, 0.84, 0.46);
90.4400; (0.10, 0.84, 0.46);
90.4422; (0.10, 0.82, 0.46);
90.4422; (0.10, 0.82, 0.46);
90.4529; (0.11, 0.82, 0.47);
90.4529; (0.11, 0.81, 0.46);
90.4600; (0.10, 0.81, 0.46);
90.4640; (0.10, 0.80, 0.46);
90.4640; (0.10, 0.80, 0.46);
90.4764; (0.09, 0.80, 0.47);
90.4764; (0.09, 0.79, 0.47);
90.4800; (0.09, 0.79, 0.47);
90.4860; (0.09, 0.78, 0.47);
90.4860; (0.09, 0.78, 0.47);
90.4971; (0.09, 0.78, 0.47);
90.4971; (0.09, 0.76, 0.47);
90.5000; (0.09, 0.77, 0.48);
90.5092; (0.09, 0.75, 0.48);
90.5092; (0.09, 0.75, 0.48);
90.5198; (0.09, 0.75, 0.48);
90.5198; (0.09, 0.74, 0.48);
90.5200; (0.09, 0.74, 0.48);
90.5307; (0.09, 0.72, 0.48);
90.5307; (0.09, 0.72, 0.48);
90.5400; (0.10, 0.72, 0.47);
90.5426; (0.10, 0.70, 0.47);
90.5426; (0.10, 0.70, 0.47);
90.5533; (0.10, 0.70, 0.47);
90.5533; (0.10, 0.68, 0.47);
90.5600; (0.11, 0.68, 0.47);
90.5642; (0.11, 0.66, 0.46);
90.5642; (0.11, 0.66, 0.46);
90.5749; (0.12, 0.65, 0.46);
90.5749; (0.12, 0.63, 0.46);
90.5800; (0.13, 0.63, 0.46);
90.5862; (0.13, 0.60, 0.45);
90.5862; (0.13, 0.60, 0.45);
90.5972; (0.14, 0.60, 0.45);
90.5972; (0.14, 0.58, 0.44);
90.6000; (0.15, 0.57, 0.44);
90.6084; (0.16, 0.55, 0.43);
90.6084; (0.16, 0.55, 0.43);
90.6194; (0.16, 0.54, 0.43);
90.6194; (0.17, 0.51, 0.42);
90.6200; (0.17, 0.51, 0.42);
90.6302; (0.18, 0.48, 0.41);
90.6302; (0.18, 0.48, 0.41);
90.6400; (0.18, 0.47, 0.42);
90.6417; (0.20, 0.44, 0.41);
90.6417; (0.20, 0.44, 0.41);
90.6528; (0.20, 0.44, 0.42);
90.6528; (0.21, 0.40, 0.41);
90.6600; (0.22, 0.40, 0.41);
90.6638; (0.23, 0.36, 0.41);
90.6638; (0.23, 0.36, 0.41);
90.6754; (0.24, 0.35, 0.41);
90.6754; (0.26, 0.32, 0.40);
90.6800; (0.26, 0.31, 0.40);
90.6863; (0.27, 0.27, 0.40);
90.6863; (0.27, 0.27, 0.40);
90.6973; (0.27, 0.27, 0.40);
90.6973; (0.29, 0.23, 0.39);
90.7000; (0.29, 0.24, 0.39);
90.7083; (0.31, 0.20, 0.38);
90.7083; (0.31, 0.20, 0.38);
90.7194; (0.31, 0.20, 0.39);
90.7194; (0.33, 0.17, 0.39);
90.7200; (0.33, 0.17, 0.40);
90.7304; (0.35, 0.14, 0.39);
90.7304; (0.35, 0.14, 0.39);
90.7400; (0.35, 0.15, 0.40);
90.7417; (0.38, 0.12, 0.39);
90.7417; (0.38, 0.12, 0.39);
90.7527; (0.37, 0.13, 0.39);
90.7527; (0.39, 0.11, 0.38);
90.7600; (0.39, 0.12, 0.39);
90.7638; (0.41, 0.10, 0.39);
90.7638; (0.41, 0.10, 0.39);
90.7750; (0.40, 0.11, 0.40);
90.7750; (0.42, 0.09, 0.39);
90.7800; (0.42, 0.09, 0.39);
90.7864; (0.43, 0.08, 0.39);
90.7864; (0.43, 0.08, 0.39);
90.7976; (0.43, 0.09, 0.39);
90.7976; (0.45, 0.08, 0.39);
90.8000; (0.45, 0.08, 0.39);
90.8085; (0.47, 0.08, 0.39);
90.8085; (0.47, 0.08, 0.39);
90.8195; (0.47, 0.08, 0.39);
90.8195; (0.49, 0.08, 0.39);
90.8200; (0.49, 0.08, 0.39);
90.8307; (0.50, 0.08, 0.39);
90.8307; (0.50, 0.08, 0.39);
90.8400; (0.51, 0.08, 0.40);
90.8417; (0.52, 0.08, 0.40);
90.8417; (0.52, 0.08, 0.40);
90.8528; (0.53, 0.08, 0.41);
90.8528; (0.55, 0.08, 0.41);
90.8600; (0.56, 0.08, 0.41);
90.8640; (0.58, 0.08, 0.42);
90.8640; (0.58, 0.08, 0.42);
90.8757; (0.59, 0.08, 0.42);
90.8757; (0.62, 0.09, 0.42);
90.8800; (0.63, 0.09, 0.42);
90.8864; (0.66, 0.09, 0.42);
90.8864; (0.66, 0.09, 0.42);
90.8972; (0.66, 0.09, 0.42);
90.8972; (0.69, 0.09, 0.43);
90.9000; (0.69, 0.09, 0.43);
90.9086; (0.72, 0.10, 0.43);
90.9086; (0.72, 0.10, 0.43);
90.9195; (0.72, 0.09, 0.43);
90.9195; (0.75, 0.09, 0.44);
90.9200; (0.74, 0.09, 0.44);
90.9308; (0.77, 0.09, 0.45);
90.9308; (0.77, 0.09, 0.45);
90.9400; (0.77, 0.09, 0.45);
90.9415; (0.80, 0.09, 0.46);
90.9415; (0.80, 0.09, 0.46);
90.9530; (0.79, 0.08, 0.47);
90.9530; (0.81, 0.08, 0.47);
90.9600; (0.81, 0.09, 0.47);
90.9641; (0.84, 0.09, 0.48);
90.9641; (0.84, 0.09, 0.48);
90.9760; (0.83, 0.10, 0.48);
90.9760; (0.85, 0.10, 0.48);
90.9800; (0.85, 0.10, 0.49);
90.9863; (0.87, 0.11, 0.49);
90.9863; (0.87, 0.11, 0.49);
90.9974; (0.86, 0.11, 0.49);
90.9974; (0.88, 0.11, 0.50);
91.0000; (0.88, 0.11, 0.50);
91.0087; (0.90, 0.11, 0.50);
91.0087; (0.90, 0.11, 0.50);
91.0192; (0.89, 0.11, 0.50);
91.0192; (0.91, 0.12, 0.51);
91.0200; (0.91, 0.11, 0.51);
91.0304; (0.92, 0.12, 0.51);
91.0304; (0.92, 0.12, 0.51);
91.0400; (0.92, 0.12, 0.51);
91.0418; (0.93, 0.12, 0.52);
91.0418; (0.93, 0.12, 0.52);
91.0529; (0.93, 0.12, 0.52);
91.0529; (0.95, 0.12, 0.52);
91.0600; (0.94, 0.11, 0.52);
91.0640; (0.95, 0.11, 0.53);
91.0640; (0.95, 0.11, 0.53);
91.0753; (0.93, 0.11, 0.53);
91.0753; (0.94, 0.11, 0.53);
91.0800; (0.93, 0.11, 0.54);
