Experiment: 0
Latency: 450
Source: (0.75, 0.10, 0.20)
SourceSize: 0.2000
Target: (0.10, 0.50, 0.20)
TargetSize: 0.1000

Trace:
time; position; button;
24.5879; (0.79, 0.15, 0.20);
24.5879; (0.79, 0.15, 0.19);
24.5991; (0.79, 0.15, 0.19);
24.5991; (0.79, 0.15, 0.19);
24.6000; (0.79, 0.15, 0.19);
24.6099; (0.79, 0.15, 0.19);
24.6099; (0.79, 0.14, 0.19);
24.6200; (0.79, 0.14, 0.19);
24.6225; (0.79, 0.14, 0.19);
24.6225; (0.79, 0.14, 0.19);
24.6324; (0.79, 0.14, 0.19);
24.6324; (0.79, 0.14, 0.19);
24.6400; (0.79, 0.14, 0.19);
24.6428; (0.79, 0.14, 0.19);
24.6428; (0.79, 0.14, 0.19);
24.6541; (0.79, 0.14, 0.19);
24.6541; (0.79, 0.13, 0.19);
24.6600; (0.79, 0.13, 0.19);
24.6650; (0.79, 0.13, 0.19);
24.6650; (0.79, 0.13, 0.19);
24.6763; (0.79, 0.13, 0.19);
24.6763; (0.79, 0.13, 0.19);
24.6800; (0.79, 0.13, 0.19);
24.6872; (0.79, 0.13, 0.19);
24.6872; (0.79, 0.13, 0.19);
24.6984; (0.79, 0.13, 0.19);
24.6984; (0.79, 0.12, 0.19);
24.7000; (0.79, 0.12, 0.19);
24.7200; (0.79, 0.12, 0.19);
24.7216; (0.78, 0.12, 0.19);
24.7216; (0.78, 0.12, 0.19);
24.7326; (0.78, 0.12, 0.19);
24.7326; (0.78, 0.12, 0.19);
24.7400; (0.78, 0.12, 0.18);
24.7437; (0.78, 0.12, 0.18);
24.7437; (0.78, 0.12, 0.18);
24.7540; (0.78, 0.12, 0.18);
24.7540; (0.78, 0.12, 0.18);
24.7600; (0.78, 0.12, 0.18);
24.7656; (0.78, 0.12, 0.18);
24.7656; (0.78, 0.12, 0.18);
24.7763; (0.78, 0.12, 0.18);
24.7763; (0.78, 0.12, 0.18);
24.7800; (0.78, 0.12, 0.18);
24.7875; (0.78, 0.12, 0.18);
24.7875; (0.78, 0.12, 0.18);
24.7984; (0.78, 0.12, 0.18);
24.7984; (0.78, 0.12, 0.18);
24.8000; (0.78, 0.12, 0.18);
24.8094; (0.78, 0.12, 0.18);
24.8094; (0.78, 0.12, 0.18);
24.8200; (0.78, 0.12, 0.18);
24.8214; (0.78, 0.12, 0.18);
24.8214; (0.78, 0.12, 0.18);
24.8317; (0.77, 0.12, 0.18);
24.8317; (0.77, 0.12, 0.18);
24.8400; (0.77, 0.11, 0.18);
24.8441; (0.77, 0.11, 0.18);
24.8441; (0.77, 0.11, 0.18);
24.8543; (0.77, 0.11, 0.18);
24.8543; (0.77, 0.11, 0.18);
24.8600; (0.77, 0.11, 0.18);
24.8656; (0.77, 0.11, 0.18);
24.8656; (0.77, 0.11, 0.17);
24.8763; (0.77, 0.11, 0.17);
24.8763; (0.77, 0.11, 0.17);
24.8800; (0.77, 0.11, 0.17);
24.8873; (0.77, 0.11, 0.17);
24.8873; (0.77, 0.11, 0.17);
24.8984; (0.77, 0.11, 0.17);
24.8984; (0.77, 0.11, 0.17);
24.9000; (0.77, 0.11, 0.17);
24.9104; (0.77, 0.11, 0.17);
24.9104; (0.77, 0.11, 0.17);
24.9200; (0.77, 0.11, 0.17);
24.9215; (0.77, 0.11, 0.17);
24.9215; (0.77, 0.11, 0.17);
24.9326; (0.77, 0.11, 0.17);
24.9326; (0.77, 0.11, 0.17);
24.9400; (0.77, 0.11, 0.17);
24.9436; (0.77, 0.11, 0.17);
24.9436; (0.77, 0.11, 0.17);
24.9541; (0.77, 0.11, 0.17);
24.9541; (0.77, 0.11, 0.17);
24.9600; (0.77, 0.11, 0.17);
24.9656; (0.77, 0.11, 0.17);
24.9656; (0.77, 0.11, 0.17);
24.9762; (0.77, 0.11, 0.16);
24.9762; (0.77, 0.11, 0.16);
24.9800; (0.77, 0.11, 0.16);
24.9879; (0.77, 0.11, 0.16);
24.9879; (0.77, 0.11, 0.16);
24.9989; (0.77, 0.11, 0.16);
24.9989; (0.77, 0.11, 0.16);
25.0000; (0.77, 0.11, 0.16);
25.0095; (0.77, 0.11, 0.16);
25.0095; (0.77, 0.11, 0.16);
25.0200; (0.77, 0.11, 0.16);
25.0214; (0.77, 0.11, 0.16);
25.0214; (0.77, 0.11, 0.16);
25.0317; (0.77, 0.11, 0.16);
25.0317; (0.77, 0.11, 0.16);
25.0400; (0.77, 0.11, 0.16);
25.0437; (0.76, 0.11, 0.16);
25.0437; (0.76, 0.11, 0.16);
25.0550; (0.76, 0.11, 0.16);
25.0550; (0.76, 0.11, 0.16);
25.0600; (0.76, 0.11, 0.16);
25.0656; (0.76, 0.11, 0.16);
25.0656; (0.76, 0.12, 0.16);
25.0764; (0.76, 0.12, 0.16);
25.0764; (0.76, 0.12, 0.16);
25.0800; (0.76, 0.12, 0.16);
25.0874; (0.76, 0.12, 0.16);
25.0874; (0.76, 0.12, 0.16);
25.0984; (0.76, 0.12, 0.16);
25.0984; (0.76, 0.12, 0.16);
25.1000; (0.76, 0.12, 0.16);
25.1104; (0.76, 0.12, 0.16);
25.1104; (0.76, 0.12, 0.16);
25.1200; (0.76, 0.13, 0.16);
25.1208; (0.76, 0.13, 0.15);
25.1208; (0.76, 0.13, 0.15);
25.1318; (0.76, 0.13, 0.15);
25.1318; (0.76, 0.13, 0.15);
25.1400; (0.76, 0.13, 0.16);
25.1436; (0.75, 0.14, 0.15);
25.1436; (0.75, 0.14, 0.15);
25.1539; (0.75, 0.14, 0.15);
25.1539; (0.75, 0.14, 0.15);
25.1600; (0.75, 0.14, 0.16);
25.1654; (0.75, 0.15, 0.15);
25.1654; (0.74, 0.16, 0.16);
25.1763; (0.74, 0.16, 0.16);
25.1763; (0.74, 0.16, 0.16);
25.1800; (0.74, 0.16, 0.16);
25.1873; (0.74, 0.16, 0.16);
25.1873; (0.73, 0.17, 0.16);
25.1993; (0.73, 0.17, 0.16);
25.1993; (0.72, 0.18, 0.17);
25.2000; (0.72, 0.18, 0.17);
25.2094; (0.72, 0.18, 0.17);
25.2094; (0.71, 0.19, 0.17);
25.2200; (0.71, 0.19, 0.17);
25.2208; (0.70, 0.20, 0.18);
25.2208; (0.70, 0.20, 0.18);
25.2326; (0.70, 0.20, 0.18);
25.2326; (0.69, 0.21, 0.18);
25.2400; (0.69, 0.21, 0.18);
25.2436; (0.68, 0.22, 0.19);
25.2436; (0.68, 0.22, 0.19);
25.2541; (0.68, 0.22, 0.19);
25.2541; (0.67, 0.22, 0.19);
25.2600; (0.67, 0.23, 0.20);
25.2654; (0.66, 0.23, 0.20);
25.2654; (0.66, 0.23, 0.20);
25.2764; (0.65, 0.24, 0.20);
25.2764; (0.64, 0.24, 0.21);
25.2800; (0.64, 0.24, 0.21);
25.2875; (0.64, 0.24, 0.21);
25.2875; (0.62, 0.25, 0.22);
25.2985; (0.62, 0.25, 0.22);
25.2985; (0.60, 0.26, 0.22);
25.3000; (0.60, 0.26, 0.22);
25.3102; (0.60, 0.26, 0.22);
25.3102; (0.58, 0.27, 0.23);
25.3200; (0.57, 0.27, 0.23);
25.3215; (0.56, 0.28, 0.23);
25.3215; (0.56, 0.28, 0.23);
25.3322; (0.55, 0.28, 0.23);
25.3322; (0.53, 0.28, 0.24);
25.3400; (0.53, 0.28, 0.24);
25.3432; (0.51, 0.29, 0.24);
25.3432; (0.51, 0.29, 0.24);
25.3542; (0.51, 0.29, 0.24);
25.3542; (0.49, 0.30, 0.24);
25.3600; (0.49, 0.30, 0.24);
25.3656; (0.47, 0.31, 0.25);
25.3656; (0.47, 0.31, 0.25);
25.3765; (0.47, 0.31, 0.25);
25.3765; (0.45, 0.32, 0.25);
25.3800; (0.45, 0.32, 0.25);
25.3878; (0.45, 0.32, 0.25);
25.3878; (0.42, 0.33, 0.25);
25.3987; (0.42, 0.33, 0.25);
25.3987; (0.40, 0.34, 0.25);
25.4000; (0.40, 0.34, 0.25);
25.4097; (0.40, 0.34, 0.25);
25.4097; (0.38, 0.35, 0.25);
25.4200; (0.38, 0.34, 0.25);
25.4210; (0.36, 0.35, 0.25);
25.4210; (0.36, 0.35, 0.25);
25.4322; (0.36, 0.35, 0.25);
25.4322; (0.34, 0.36, 0.25);
25.4400; (0.35, 0.36, 0.25);
25.4433; (0.33, 0.37, 0.25);
25.4433; (0.33, 0.37, 0.25);
25.4544; (0.33, 0.37, 0.25);
25.4544; (0.31, 0.37, 0.24);
25.4600; (0.32, 0.37, 0.24);
25.4655; (0.30, 0.38, 0.24);
25.4655; (0.30, 0.38, 0.24);
25.4763; (0.30, 0.38, 0.24);
25.4763; (0.28, 0.39, 0.24);
25.4800; (0.28, 0.39, 0.24);
25.4873; (0.29, 0.39, 0.24);
25.4873; (0.27, 0.40, 0.24);
25.4986; (0.27, 0.40, 0.24);
25.4986; (0.26, 0.40, 0.23);
25.5000; (0.26, 0.40, 0.23);
25.5094; (0.26, 0.40, 0.23);
25.5094; (0.25, 0.41, 0.23);
25.5200; (0.25, 0.41, 0.23);
25.5215; (0.23, 0.41, 0.23);
25.5215; (0.23, 0.41, 0.23);
25.5325; (0.23, 0.41, 0.23);
25.5325; (0.22, 0.42, 0.22);
25.5400; (0.22, 0.42, 0.22);
25.5436; (0.21, 0.42, 0.22);
25.5436; (0.21, 0.42, 0.22);
25.5547; (0.21, 0.42, 0.22);
25.5547; (0.20, 0.43, 0.22);
25.5600; (0.21, 0.43, 0.22);
25.5658; (0.20, 0.44, 0.22);
25.5658; (0.20, 0.44, 0.22);
25.5768; (0.20, 0.43, 0.22);
25.5768; (0.19, 0.44, 0.21);
25.5800; (0.19, 0.44, 0.21);
25.5876; (0.19, 0.44, 0.21);
25.5876; (0.19, 0.45, 0.21);
25.5988; (0.19, 0.45, 0.21);
25.5988; (0.18, 0.45, 0.21);
25.6000; (0.18, 0.45, 0.21);
25.6096; (0.18, 0.45, 0.21);
25.6096; (0.17, 0.46, 0.20);
25.6200; (0.17, 0.45, 0.20);
25.6213; (0.17, 0.46, 0.20);
25.6213; (0.17, 0.46, 0.20);
25.6324; (0.17, 0.46, 0.20);
25.6324; (0.16, 0.46, 0.20);
25.6400; (0.16, 0.46, 0.20);
25.6437; (0.16, 0.46, 0.20);
25.6437; (0.16, 0.46, 0.20);
25.6542; (0.16, 0.46, 0.20);
25.6542; (0.15, 0.47, 0.20);
25.6600; (0.15, 0.47, 0.20);
25.6650; (0.15, 0.47, 0.20);
25.6650; (0.15, 0.47, 0.20);
25.6770; (0.15, 0.47, 0.20);
25.6770; (0.14, 0.47, 0.19);
25.6800; (0.14, 0.47, 0.19);
25.6873; (0.15, 0.47, 0.20);
25.6873; (0.14, 0.48, 0.19);
25.6991; (0.14, 0.48, 0.20);
25.6991; (0.14, 0.48, 0.19);
25.7000; (0.14, 0.48, 0.19);
25.7095; (0.14, 0.48, 0.19);
25.7095; (0.14, 0.48, 0.19);
25.7200; (0.14, 0.48, 0.19);
25.7209; (0.13, 0.49, 0.19);
25.7209; (0.13, 0.49, 0.19);
25.7317; (0.13, 0.48, 0.19);
25.7317; (0.13, 0.49, 0.19);
25.7400; (0.13, 0.49, 0.19);
25.7434; (0.13, 0.49, 0.19);
25.7434; (0.13, 0.49, 0.19);
25.7544; (0.13, 0.49, 0.19);
25.7544; (0.13, 0.49, 0.19);
25.7600; (0.13, 0.49, 0.19);
25.7654; (0.12, 0.49, 0.19);
25.7654; (0.12, 0.49, 0.19);
25.7770; (0.12, 0.49, 0.19);
25.7770; (0.12, 0.50, 0.19);
25.7800; (0.12, 0.50, 0.19);
25.7880; (0.12, 0.50, 0.19);
25.7880; (0.12, 0.50, 0.19);
25.7983; (0.12, 0.50, 0.19);
25.7983; (0.12, 0.50, 0.19);
25.8000; (0.12, 0.50, 0.19);
25.8103; (0.12, 0.50, 0.19);
25.8103; (0.12, 0.50, 0.19);
25.8200; (0.12, 0.50, 0.19);
25.8207; (0.11, 0.50, 0.19);
25.8207; (0.11, 0.50, 0.19);
25.8318; (0.11, 0.50, 0.19);
25.8318; (0.11, 0.51, 0.19);
25.8400; (0.11, 0.50, 0.19);
25.8436; (0.11, 0.51, 0.19);
25.8436; (0.11, 0.51, 0.19);
25.8542; (0.11, 0.51, 0.19);
25.8542; (0.11, 0.51, 0.19);
25.8600; (0.11, 0.51, 0.19);
