Experiment: 0
Latency: 0
Source: (0.75, 0.10, 0.20)
SourceSize: 0.2000
Target: (0.10, 0.50, 0.20)
TargetSize: 0.1000

Trace:
time; position; button;
4.3367; (0.76, 0.13, 0.17);
4.3400; (0.76, 0.13, 0.17);
4.3483; (0.76, 0.13, 0.17);
4.3483; (0.76, 0.13, 0.17);
4.3592; (0.76, 0.13, 0.17);
4.3592; (0.76, 0.13, 0.17);
4.3600; (0.76, 0.14, 0.17);
4.3703; (0.76, 0.14, 0.17);
4.3703; (0.76, 0.14, 0.17);
4.3800; (0.76, 0.14, 0.17);
4.3814; (0.76, 0.14, 0.17);
4.3814; (0.76, 0.14, 0.17);
4.3962; (0.76, 0.14, 0.17);
4.3962; (0.76, 0.14, 0.17);
4.4000; (0.76, 0.14, 0.17);
4.4041; (0.75, 0.14, 0.17);
4.4041; (0.75, 0.14, 0.17);
4.4148; (0.75, 0.15, 0.17);
4.4148; (0.75, 0.15, 0.17);
4.4200; (0.75, 0.15, 0.17);
4.4257; (0.74, 0.15, 0.17);
4.4257; (0.74, 0.15, 0.17);
4.4368; (0.74, 0.16, 0.17);
4.4368; (0.74, 0.16, 0.17);
4.4400; (0.73, 0.17, 0.17);
4.4478; (0.72, 0.17, 0.17);
4.4478; (0.72, 0.17, 0.17);
4.4591; (0.72, 0.17, 0.17);
4.4591; (0.71, 0.18, 0.17);
4.4600; (0.69, 0.19, 0.17);
4.4700; (0.69, 0.19, 0.17);
4.4700; (0.69, 0.19, 0.17);
4.4800; (0.67, 0.20, 0.17);
4.4815; (0.66, 0.21, 0.17);
4.4815; (0.66, 0.21, 0.17);
4.4924; (0.65, 0.22, 0.18);
4.4924; (0.63, 0.22, 0.17);
4.5000; (0.62, 0.23, 0.18);
4.5037; (0.61, 0.24, 0.17);
4.5037; (0.61, 0.24, 0.17);
4.5146; (0.60, 0.25, 0.17);
4.5146; (0.58, 0.26, 0.17);
4.5200; (0.57, 0.26, 0.17);
4.5255; (0.55, 0.27, 0.17);
4.5255; (0.55, 0.27, 0.17);
4.5369; (0.55, 0.28, 0.17);
4.5369; (0.53, 0.29, 0.17);
4.5400; (0.52, 0.29, 0.17);
4.5522; (0.50, 0.31, 0.17);
4.5522; (0.50, 0.31, 0.17);
4.5590; (0.49, 0.31, 0.17);
4.5590; (0.47, 0.32, 0.17);
4.5600; (0.47, 0.32, 0.17);
4.5704; (0.44, 0.34, 0.17);
4.5704; (0.44, 0.34, 0.17);
4.5800; (0.44, 0.34, 0.17);
4.5811; (0.42, 0.35, 0.17);
4.5811; (0.42, 0.35, 0.17);
4.5924; (0.42, 0.35, 0.17);
4.5924; (0.39, 0.36, 0.17);
4.6000; (0.39, 0.36, 0.17);
4.6034; (0.37, 0.38, 0.17);
4.6034; (0.37, 0.38, 0.17);
4.6147; (0.36, 0.38, 0.17);
4.6147; (0.34, 0.39, 0.16);
4.6200; (0.34, 0.39, 0.17);
4.6261; (0.31, 0.40, 0.16);
4.6261; (0.31, 0.40, 0.16);
4.6368; (0.31, 0.40, 0.16);
4.6368; (0.29, 0.41, 0.16);
4.6400; (0.29, 0.41, 0.16);
4.6481; (0.26, 0.42, 0.16);
4.6481; (0.26, 0.42, 0.16);
4.6595; (0.26, 0.42, 0.16);
4.6595; (0.24, 0.43, 0.15);
4.6600; (0.24, 0.43, 0.16);
4.6705; (0.22, 0.44, 0.15);
4.6705; (0.22, 0.44, 0.15);
4.6800; (0.22, 0.44, 0.15);
4.6813; (0.20, 0.45, 0.15);
4.6813; (0.20, 0.45, 0.15);
4.6927; (0.21, 0.45, 0.16);
4.6927; (0.18, 0.46, 0.15);
4.7000; (0.19, 0.46, 0.16);
4.7064; (0.17, 0.47, 0.16);
4.7064; (0.17, 0.47, 0.16);
4.7143; (0.18, 0.47, 0.16);
4.7143; (0.16, 0.48, 0.16);
4.7200; (0.17, 0.47, 0.16);
4.7258; (0.15, 0.48, 0.16);
4.7258; (0.15, 0.48, 0.16);
4.7368; (0.16, 0.48, 0.16);
4.7368; (0.14, 0.49, 0.16);
4.7400; (0.15, 0.48, 0.17);
4.7486; (0.13, 0.49, 0.17);
4.7486; (0.13, 0.49, 0.17);
4.7589; (0.14, 0.49, 0.17);
4.7589; (0.12, 0.49, 0.17);
4.7600; (0.13, 0.49, 0.17);
4.7701; (0.12, 0.50, 0.16);
4.7701; (0.12, 0.50, 0.16);
4.7800; (0.13, 0.49, 0.17);
4.7813; (0.12, 0.50, 0.17);
4.7813; (0.12, 0.50, 0.17);
4.7925; (0.12, 0.50, 0.17);
4.7925; (0.11, 0.50, 0.17);
4.8000; (0.13, 0.49, 0.17);
4.8035; (0.12, 0.50, 0.17);
4.8035; (0.12, 0.50, 0.17);
4.8146; (0.12, 0.49, 0.18);
4.8146; (0.12, 0.50, 0.18);
4.8200; (0.12, 0.49, 0.18);
4.8257; (0.12, 0.50, 0.18);
4.8257; (0.12, 0.50, 0.18);
4.8366; (0.12, 0.49, 0.18);
4.8366; (0.12, 0.49, 0.18);
4.8400; (0.12, 0.49, 0.18);
4.8478; (0.12, 0.49, 0.18);
4.8478; (0.12, 0.49, 0.18);
4.8600; (0.12, 0.49, 0.18);
4.8620; (0.12, 0.49, 0.19);
4.8620; (0.12, 0.49, 0.19);
4.8700; (0.12, 0.49, 0.19);
4.8700; (0.12, 0.49, 0.19);
4.8800; (0.12, 0.48, 0.19);
4.8816; (0.12, 0.48, 0.19);
4.8816; (0.12, 0.48, 0.19);
4.8925; (0.13, 0.48, 0.19);
4.8925; (0.12, 0.48, 0.19);
4.9000; (0.13, 0.48, 0.19);
4.9035; (0.12, 0.48, 0.19);
4.9035; (0.12, 0.48, 0.19);
4.9147; (0.13, 0.48, 0.19);
4.9147; (0.12, 0.48, 0.19);
4.9200; (0.13, 0.48, 0.19);
4.9259; (0.13, 0.48, 0.19);
4.9259; (0.13, 0.48, 0.19);
4.9372; (0.13, 0.48, 0.19);
4.9372; (0.13, 0.47, 0.19);
4.9400; (0.13, 0.47, 0.19);
4.9482; (0.13, 0.47, 0.19);
4.9482; (0.13, 0.47, 0.19);
4.9590; (0.13, 0.47, 0.19);
4.9590; (0.13, 0.47, 0.19);
4.9600; (0.13, 0.48, 0.19);
4.9700; (0.13, 0.47, 0.19);
4.9700; (0.13, 0.47, 0.19);
4.9800; (0.13, 0.48, 0.19);
4.9809; (0.13, 0.48, 0.19);
4.9809; (0.13, 0.48, 0.19);
4.9923; (0.13, 0.48, 0.19);
4.9923; (0.13, 0.48, 0.19);
5.0000; (0.13, 0.48, 0.19);
