Experiment: 1
Latency: 300
Source: (0.90, 0.30, 0.25)
SourceSize: 0.0500
Target: (0.10, 0.50, 0.75)
TargetSize: 0.2500

Trace:
time; position; button;
22.8554; (0.90, 0.30, 0.24);
22.8600; (0.90, 0.30, 0.24);
22.8672; (0.90, 0.30, 0.24);
22.8672; (0.90, 0.30, 0.24);
22.8781; (0.90, 0.30, 0.24);
22.8781; (0.90, 0.30, 0.24);
22.8800; (0.90, 0.30, 0.24);
22.8891; (0.90, 0.30, 0.24);
22.8891; (0.90, 0.30, 0.24);
22.9000; (0.90, 0.30, 0.24);
22.9003; (0.90, 0.30, 0.24);
22.9003; (0.90, 0.30, 0.24);
22.9111; (0.90, 0.29, 0.24);
22.9111; (0.90, 0.29, 0.24);
22.9200; (0.90, 0.29, 0.24);
22.9223; (0.90, 0.29, 0.24);
22.9223; (0.90, 0.29, 0.24);
22.9338; (0.90, 0.29, 0.24);
22.9338; (0.90, 0.29, 0.24);
22.9400; (0.90, 0.29, 0.24);
22.9450; (0.90, 0.29, 0.24);
22.9450; (0.90, 0.29, 0.24);
22.9556; (0.90, 0.29, 0.24);
22.9556; (0.90, 0.29, 0.24);
22.9600; (0.90, 0.29, 0.24);
22.9674; (0.90, 0.29, 0.24);
22.9674; (0.90, 0.29, 0.24);
22.9779; (0.90, 0.29, 0.24);
22.9779; (0.90, 0.29, 0.24);
22.9800; (0.90, 0.29, 0.24);
22.9889; (0.90, 0.29, 0.24);
22.9889; (0.90, 0.29, 0.24);
22.9999; (0.90, 0.29, 0.24);
22.9999; (0.90, 0.29, 0.24);
23.0000; (0.90, 0.29, 0.24);
23.0116; (0.90, 0.29, 0.24);
23.0116; (0.90, 0.29, 0.24);
23.0200; (0.90, 0.29, 0.24);
23.0233; (0.90, 0.29, 0.24);
23.0233; (0.90, 0.29, 0.24);
23.0338; (0.90, 0.29, 0.24);
23.0338; (0.90, 0.29, 0.24);
23.0400; (0.90, 0.29, 0.24);
23.0450; (0.90, 0.29, 0.24);
23.0450; (0.90, 0.29, 0.24);
23.0556; (0.90, 0.29, 0.24);
23.0556; (0.90, 0.29, 0.24);
23.0600; (0.90, 0.29, 0.24);
23.0670; (0.90, 0.29, 0.24);
23.0670; (0.90, 0.29, 0.24);
23.0776; (0.90, 0.29, 0.24);
23.0776; (0.90, 0.29, 0.23);
23.0800; (0.90, 0.29, 0.23);
23.0887; (0.90, 0.29, 0.23);
23.0887; (0.90, 0.29, 0.23);
23.1000; (0.90, 0.29, 0.23);
23.1003; (0.90, 0.29, 0.23);
23.1003; (0.90, 0.29, 0.23);
23.1119; (0.90, 0.29, 0.23);
23.1119; (0.90, 0.29, 0.23);
23.1200; (0.90, 0.29, 0.23);
23.1231; (0.90, 0.29, 0.23);
23.1231; (0.90, 0.29, 0.23);
23.1333; (0.90, 0.29, 0.23);
23.1333; (0.90, 0.30, 0.23);
23.1400; (0.90, 0.30, 0.23);
23.1450; (0.90, 0.29, 0.23);
23.1450; (0.90, 0.30, 0.23);
23.1559; (0.90, 0.30, 0.23);
23.1559; (0.90, 0.30, 0.23);
23.1600; (0.90, 0.30, 0.23);
23.1665; (0.90, 0.30, 0.23);
23.1665; (0.90, 0.30, 0.23);
23.1785; (0.90, 0.30, 0.23);
23.1785; (0.90, 0.30, 0.23);
23.1800; (0.90, 0.30, 0.23);
23.1887; (0.90, 0.30, 0.24);
23.1887; (0.90, 0.30, 0.24);
23.2000; (0.90, 0.30, 0.24);
23.2007; (0.90, 0.30, 0.24);
23.2007; (0.90, 0.30, 0.24);
23.2111; (0.90, 0.30, 0.24);
23.2111; (0.90, 0.30, 0.24);
23.2200; (0.90, 0.30, 0.24);
23.2221; (0.90, 0.30, 0.24);
23.2221; (0.90, 0.30, 0.24);
23.2332; (0.90, 0.30, 0.24);
23.2332; (0.90, 0.30, 0.24);
23.2400; (0.90, 0.30, 0.24);
23.2451; (0.90, 0.30, 0.24);
23.2451; (0.90, 0.30, 0.24);
23.2556; (0.90, 0.30, 0.24);
23.2556; (0.90, 0.30, 0.24);
23.2600; (0.90, 0.30, 0.24);
23.2671; (0.90, 0.30, 0.24);
23.2671; (0.90, 0.30, 0.24);
23.2785; (0.90, 0.30, 0.24);
23.2785; (0.90, 0.30, 0.24);
23.2800; (0.90, 0.30, 0.24);
23.2899; (0.90, 0.30, 0.24);
23.2899; (0.90, 0.30, 0.24);
23.3000; (0.90, 0.30, 0.24);
23.3008; (0.90, 0.30, 0.24);
23.3008; (0.90, 0.30, 0.24);
23.3111; (0.90, 0.30, 0.24);
23.3111; (0.90, 0.30, 0.24);
23.3200; (0.90, 0.30, 0.24);
23.3222; (0.90, 0.30, 0.24);
23.3222; (0.90, 0.30, 0.24);
23.3333; (0.89, 0.30, 0.24);
23.3333; (0.89, 0.30, 0.24);
23.3400; (0.89, 0.30, 0.24);
23.3450; (0.89, 0.30, 0.24);
23.3450; (0.89, 0.30, 0.24);
23.3558; (0.89, 0.30, 0.24);
23.3558; (0.89, 0.31, 0.24);
23.3600; (0.89, 0.31, 0.24);
23.3673; (0.89, 0.31, 0.24);
23.3673; (0.88, 0.31, 0.24);
23.3780; (0.88, 0.31, 0.24);
23.3780; (0.88, 0.31, 0.24);
23.3800; (0.88, 0.31, 0.24);
23.3891; (0.88, 0.31, 0.24);
23.3891; (0.87, 0.31, 0.24);
23.4000; (0.87, 0.31, 0.24);
23.4001; (0.87, 0.32, 0.24);
23.4001; (0.87, 0.32, 0.24);
23.4109; (0.86, 0.32, 0.24);
23.4109; (0.85, 0.32, 0.24);
23.4200; (0.85, 0.32, 0.24);
23.4229; (0.85, 0.33, 0.24);
23.4229; (0.84, 0.33, 0.24);
23.4343; (0.84, 0.33, 0.24);
23.4343; (0.83, 0.33, 0.25);
23.4400; (0.83, 0.33, 0.25);
23.4449; (0.82, 0.34, 0.25);
23.4449; (0.81, 0.34, 0.25);
23.4556; (0.81, 0.34, 0.25);
23.4556; (0.80, 0.35, 0.25);
23.4600; (0.80, 0.35, 0.25);
23.4670; (0.79, 0.35, 0.26);
23.4670; (0.78, 0.35, 0.26);
23.4775; (0.78, 0.36, 0.26);
23.4775; (0.77, 0.36, 0.26);
23.4800; (0.77, 0.36, 0.26);
23.4892; (0.76, 0.36, 0.27);
23.4892; (0.75, 0.37, 0.27);
23.5000; (0.75, 0.37, 0.28);
23.5002; (0.73, 0.37, 0.28);
23.5002; (0.73, 0.37, 0.28);
23.5109; (0.73, 0.38, 0.29);
23.5109; (0.71, 0.38, 0.29);
23.5200; (0.71, 0.38, 0.29);
23.5230; (0.71, 0.38, 0.29);
23.5230; (0.69, 0.39, 0.30);
23.5336; (0.69, 0.39, 0.30);
23.5336; (0.67, 0.40, 0.31);
23.5400; (0.67, 0.40, 0.31);
23.5451; (0.66, 0.40, 0.31);
23.5451; (0.64, 0.40, 0.32);
23.5554; (0.64, 0.41, 0.33);
23.5554; (0.62, 0.41, 0.34);
23.5600; (0.62, 0.41, 0.34);
23.5665; (0.62, 0.41, 0.34);
23.5665; (0.59, 0.42, 0.35);
23.5775; (0.59, 0.42, 0.35);
23.5775; (0.57, 0.42, 0.36);
23.5800; (0.57, 0.42, 0.36);
23.5892; (0.57, 0.42, 0.37);
23.5892; (0.55, 0.43, 0.38);
23.6000; (0.54, 0.43, 0.38);
23.6002; (0.52, 0.43, 0.39);
23.6002; (0.52, 0.43, 0.39);
23.6110; (0.52, 0.43, 0.40);
23.6110; (0.50, 0.44, 0.41);
23.6200; (0.50, 0.44, 0.41);
23.6220; (0.50, 0.44, 0.41);
23.6220; (0.47, 0.44, 0.42);
23.6333; (0.47, 0.44, 0.43);
23.6333; (0.45, 0.45, 0.44);
23.6400; (0.45, 0.45, 0.44);
23.6451; (0.45, 0.44, 0.44);
23.6451; (0.43, 0.45, 0.45);
23.6558; (0.43, 0.45, 0.46);
23.6558; (0.41, 0.45, 0.47);
23.6600; (0.41, 0.45, 0.47);
23.6668; (0.41, 0.45, 0.47);
23.6668; (0.38, 0.45, 0.48);
23.6777; (0.39, 0.45, 0.49);
23.6777; (0.37, 0.46, 0.50);
23.6800; (0.37, 0.46, 0.50);
23.6889; (0.37, 0.46, 0.50);
23.6889; (0.35, 0.46, 0.51);
23.7000; (0.35, 0.47, 0.51);
23.7001; (0.33, 0.47, 0.52);
23.7001; (0.33, 0.47, 0.52);
23.7117; (0.33, 0.47, 0.52);
23.7117; (0.31, 0.48, 0.54);
23.7200; (0.31, 0.48, 0.54);
23.7229; (0.31, 0.48, 0.54);
23.7229; (0.29, 0.48, 0.55);
23.7340; (0.30, 0.48, 0.55);
23.7340; (0.28, 0.49, 0.56);
23.7400; (0.28, 0.49, 0.56);
23.7441; (0.28, 0.49, 0.56);
23.7441; (0.26, 0.49, 0.57);
23.7554; (0.26, 0.49, 0.57);
23.7554; (0.25, 0.49, 0.58);
23.7600; (0.25, 0.49, 0.58);
23.7665; (0.25, 0.49, 0.58);
23.7665; (0.23, 0.50, 0.59);
23.7776; (0.24, 0.50, 0.59);
23.7776; (0.22, 0.50, 0.60);
23.7800; (0.22, 0.50, 0.60);
23.7889; (0.23, 0.50, 0.60);
23.7889; (0.21, 0.50, 0.61);
23.8000; (0.22, 0.50, 0.61);
23.8003; (0.20, 0.51, 0.62);
23.8003; (0.20, 0.51, 0.62);
23.8111; (0.21, 0.51, 0.62);
23.8111; (0.19, 0.51, 0.63);
23.8200; (0.19, 0.51, 0.63);
23.8225; (0.20, 0.51, 0.63);
23.8225; (0.18, 0.51, 0.64);
23.8334; (0.19, 0.52, 0.64);
23.8334; (0.17, 0.52, 0.64);
23.8400; (0.17, 0.52, 0.64);
23.8445; (0.18, 0.52, 0.64);
23.8445; (0.16, 0.52, 0.65);
23.8559; (0.16, 0.52, 0.65);
23.8559; (0.15, 0.53, 0.65);
23.8600; (0.15, 0.53, 0.65);
23.8663; (0.16, 0.53, 0.65);
23.8663; (0.15, 0.53, 0.66);
23.8786; (0.15, 0.53, 0.66);
23.8786; (0.14, 0.53, 0.66);
23.8800; (0.14, 0.53, 0.66);
23.8891; (0.14, 0.53, 0.66);
23.8891; (0.13, 0.53, 0.67);
23.9000; (0.14, 0.53, 0.67);
23.9001; (0.13, 0.53, 0.67);
23.9001; (0.13, 0.53, 0.67);
23.9109; (0.13, 0.53, 0.67);
23.9109; (0.12, 0.54, 0.68);
23.9200; (0.12, 0.54, 0.68);
