Experiment: 0
Latency: 750
Source: (0.26, 0.22, 0.50)
SourceSize: 0.0750
Target: (0.74, 0.78, 0.50)
TargetSize: 0.0750

Trace:
time; position; button;
276.9624; (0.24, 0.22, 0.48);
276.9624; (0.24, 0.22, 0.48);
276.9731; (0.24, 0.22, 0.48);
276.9731; (0.24, 0.22, 0.49);
276.9800; (0.24, 0.22, 0.49);
276.9843; (0.24, 0.22, 0.49);
276.9843; (0.24, 0.22, 0.49);
276.9951; (0.24, 0.22, 0.49);
276.9951; (0.24, 0.22, 0.49);
277.0000; (0.25, 0.22, 0.49);
277.0061; (0.25, 0.22, 0.49);
277.0061; (0.25, 0.22, 0.49);
277.0176; (0.25, 0.22, 0.49);
277.0176; (0.25, 0.22, 0.50);
277.0200; (0.25, 0.22, 0.50);
277.0292; (0.25, 0.22, 0.50);
277.0292; (0.25, 0.22, 0.50);
277.0400; (0.25, 0.22, 0.50);
277.0406; (0.25, 0.22, 0.50);
277.0406; (0.25, 0.22, 0.50);
277.0509; (0.25, 0.22, 0.50);
277.0509; (0.25, 0.22, 0.50);
277.0600; (0.25, 0.22, 0.50);
277.0623; (0.25, 0.22, 0.50);
277.0623; (0.25, 0.22, 0.50);
277.0733; (0.25, 0.22, 0.50);
277.0733; (0.25, 0.22, 0.51);
277.0800; (0.25, 0.22, 0.51);
277.0841; (0.25, 0.23, 0.51);
277.0841; (0.25, 0.23, 0.51);
277.0951; (0.25, 0.23, 0.51);
277.0951; (0.25, 0.23, 0.51);
277.1000; (0.25, 0.23, 0.51);
277.1062; (0.25, 0.23, 0.51);
277.1062; (0.25, 0.23, 0.51);
277.1176; (0.25, 0.23, 0.51);
277.1176; (0.25, 0.23, 0.52);
277.1200; (0.25, 0.23, 0.52);
277.1284; (0.25, 0.23, 0.52);
277.1284; (0.26, 0.23, 0.52);
277.1394; (0.25, 0.23, 0.52);
277.1394; (0.26, 0.23, 0.52);
277.1400; (0.26, 0.23, 0.52);
277.1501; (0.26, 0.23, 0.52);
277.1501; (0.26, 0.23, 0.52);
277.1600; (0.26, 0.23, 0.52);
277.1617; (0.26, 0.23, 0.52);
277.1617; (0.26, 0.23, 0.52);
277.1723; (0.26, 0.23, 0.52);
277.1723; (0.26, 0.23, 0.53);
277.1800; (0.26, 0.23, 0.53);
277.1840; (0.26, 0.23, 0.53);
277.1840; (0.26, 0.23, 0.53);
277.1948; (0.26, 0.23, 0.53);
277.1948; (0.26, 0.23, 0.53);
277.2000; (0.26, 0.23, 0.53);
277.2059; (0.26, 0.23, 0.53);
277.2059; (0.26, 0.23, 0.53);
277.2175; (0.26, 0.23, 0.53);
277.2175; (0.26, 0.22, 0.53);
277.2200; (0.26, 0.22, 0.53);
277.2284; (0.26, 0.22, 0.53);
277.2284; (0.26, 0.22, 0.53);
277.2393; (0.26, 0.22, 0.53);
277.2393; (0.26, 0.22, 0.54);
277.2400; (0.26, 0.22, 0.54);
277.2507; (0.26, 0.22, 0.54);
277.2507; (0.26, 0.22, 0.54);
277.2600; (0.26, 0.22, 0.54);
277.2618; (0.26, 0.22, 0.54);
277.2618; (0.26, 0.22, 0.54);
277.2726; (0.26, 0.23, 0.54);
277.2726; (0.26, 0.23, 0.54);
277.2800; (0.26, 0.23, 0.54);
277.2840; (0.26, 0.23, 0.54);
277.2840; (0.26, 0.23, 0.54);
277.2950; (0.26, 0.22, 0.54);
277.2950; (0.26, 0.22, 0.54);
277.3000; (0.26, 0.22, 0.54);
277.3066; (0.26, 0.22, 0.54);
277.3066; (0.26, 0.22, 0.54);
277.3172; (0.26, 0.22, 0.54);
277.3172; (0.26, 0.22, 0.54);
277.3200; (0.26, 0.22, 0.54);
277.3285; (0.26, 0.22, 0.54);
277.3285; (0.26, 0.22, 0.55);
277.3394; (0.26, 0.22, 0.55);
277.3394; (0.26, 0.22, 0.55);
277.3400; (0.26, 0.22, 0.55);
277.3502; (0.26, 0.22, 0.55);
277.3502; (0.26, 0.22, 0.55);
277.3600; (0.26, 0.22, 0.55);
277.3619; (0.26, 0.22, 0.55);
277.3619; (0.26, 0.22, 0.55);
277.3730; (0.26, 0.22, 0.55);
277.3730; (0.26, 0.22, 0.55);
277.3800; (0.26, 0.22, 0.55);
277.3845; (0.26, 0.22, 0.55);
277.3845; (0.26, 0.22, 0.55);
277.3954; (0.26, 0.22, 0.55);
277.3954; (0.26, 0.22, 0.55);
277.4000; (0.26, 0.22, 0.55);
277.4060; (0.26, 0.22, 0.55);
277.4060; (0.26, 0.22, 0.55);
277.4176; (0.26, 0.22, 0.55);
277.4176; (0.26, 0.22, 0.55);
277.4200; (0.26, 0.22, 0.55);
277.4288; (0.26, 0.22, 0.55);
277.4288; (0.26, 0.22, 0.55);
277.4397; (0.26, 0.22, 0.55);
277.4397; (0.26, 0.22, 0.55);
277.4400; (0.26, 0.22, 0.55);
277.4505; (0.26, 0.22, 0.55);
277.4505; (0.26, 0.22, 0.55);
277.4600; (0.26, 0.22, 0.55);
277.4621; (0.26, 0.22, 0.55);
277.4621; (0.26, 0.22, 0.55);
277.4725; (0.26, 0.22, 0.55);
277.4725; (0.26, 0.22, 0.55);
277.4800; (0.26, 0.22, 0.55);
277.4837; (0.26, 0.22, 0.55);
277.4837; (0.26, 0.22, 0.55);
277.4952; (0.26, 0.22, 0.55);
277.4952; (0.26, 0.22, 0.56);
277.5000; (0.26, 0.22, 0.56);
277.5062; (0.26, 0.22, 0.56);
277.5062; (0.26, 0.22, 0.56);
277.5172; (0.26, 0.22, 0.56);
277.5172; (0.26, 0.22, 0.56);
277.5200; (0.26, 0.22, 0.56);
277.5283; (0.26, 0.22, 0.56);
277.5283; (0.26, 0.22, 0.56);
277.5400; (0.26, 0.22, 0.56);
277.5404; (0.27, 0.22, 0.56);
277.5404; (0.27, 0.22, 0.56);
277.5506; (0.27, 0.22, 0.56);
277.5506; (0.27, 0.22, 0.56);
277.5600; (0.27, 0.22, 0.56);
277.5620; (0.27, 0.22, 0.56);
277.5620; (0.27, 0.22, 0.56);
277.5728; (0.27, 0.22, 0.56);
277.5728; (0.27, 0.22, 0.56);
277.5800; (0.27, 0.22, 0.56);
277.5839; (0.27, 0.22, 0.56);
277.5839; (0.27, 0.22, 0.56);
277.5952; (0.27, 0.22, 0.56);
277.5952; (0.27, 0.22, 0.57);
277.6000; (0.27, 0.22, 0.56);
277.6060; (0.27, 0.22, 0.57);
277.6060; (0.27, 0.22, 0.57);
277.6170; (0.27, 0.22, 0.57);
277.6170; (0.27, 0.22, 0.57);
277.6200; (0.27, 0.22, 0.57);
277.6282; (0.27, 0.22, 0.57);
277.6282; (0.27, 0.22, 0.57);
277.6393; (0.27, 0.22, 0.57);
277.6393; (0.27, 0.22, 0.57);
277.6400; (0.27, 0.22, 0.57);
277.6505; (0.27, 0.22, 0.57);
277.6505; (0.27, 0.22, 0.57);
277.6600; (0.27, 0.22, 0.57);
277.6614; (0.27, 0.22, 0.57);
277.6614; (0.27, 0.22, 0.57);
277.6728; (0.27, 0.22, 0.57);
277.6728; (0.27, 0.22, 0.57);
277.6800; (0.27, 0.22, 0.57);
277.6837; (0.27, 0.22, 0.57);
277.6837; (0.27, 0.22, 0.57);
277.6951; (0.27, 0.22, 0.57);
277.6951; (0.27, 0.22, 0.56);
277.7000; (0.27, 0.22, 0.57);
277.7061; (0.27, 0.22, 0.57);
277.7061; (0.27, 0.22, 0.57);
277.7173; (0.27, 0.22, 0.57);
277.7173; (0.27, 0.22, 0.57);
277.7200; (0.27, 0.22, 0.57);
277.7280; (0.27, 0.22, 0.57);
277.7280; (0.27, 0.22, 0.57);
277.7391; (0.27, 0.22, 0.57);
277.7391; (0.27, 0.22, 0.57);
277.7400; (0.27, 0.22, 0.57);
277.7502; (0.27, 0.22, 0.57);
277.7502; (0.27, 0.22, 0.57);
277.7600; (0.27, 0.22, 0.57);
277.7617; (0.27, 0.22, 0.57);
277.7617; (0.27, 0.22, 0.57);
277.7725; (0.27, 0.22, 0.57);
277.7725; (0.27, 0.22, 0.57);
277.7800; (0.27, 0.22, 0.57);
277.7835; (0.27, 0.22, 0.57);
277.7835; (0.27, 0.22, 0.57);
277.7951; (0.27, 0.22, 0.57);
277.7951; (0.27, 0.23, 0.57);
277.8000; (0.27, 0.23, 0.57);
277.8059; (0.27, 0.23, 0.57);
277.8059; (0.27, 0.23, 0.57);
277.8168; (0.27, 0.23, 0.57);
277.8168; (0.27, 0.23, 0.57);
277.8200; (0.27, 0.23, 0.57);
277.8283; (0.27, 0.23, 0.57);
277.8283; (0.27, 0.23, 0.56);
277.8392; (0.27, 0.23, 0.56);
277.8392; (0.28, 0.23, 0.56);
277.8400; (0.28, 0.23, 0.56);
277.8502; (0.27, 0.24, 0.55);
277.8502; (0.27, 0.24, 0.55);
277.8600; (0.27, 0.24, 0.55);
277.8614; (0.27, 0.24, 0.55);
277.8614; (0.27, 0.24, 0.55);
277.8723; (0.28, 0.24, 0.55);
277.8723; (0.28, 0.24, 0.55);
277.8800; (0.28, 0.24, 0.55);
277.8837; (0.28, 0.24, 0.54);
277.8837; (0.28, 0.24, 0.54);
277.8949; (0.28, 0.24, 0.54);
277.8949; (0.28, 0.24, 0.54);
277.9000; (0.28, 0.24, 0.54);
277.9059; (0.29, 0.24, 0.54);
277.9059; (0.29, 0.24, 0.54);
277.9169; (0.29, 0.24, 0.54);
277.9169; (0.29, 0.24, 0.54);
277.9200; (0.29, 0.24, 0.54);
277.9281; (0.29, 0.24, 0.53);
277.9281; (0.29, 0.24, 0.53);
277.9392; (0.29, 0.24, 0.53);
277.9392; (0.30, 0.24, 0.53);
277.9400; (0.30, 0.24, 0.53);
277.9505; (0.30, 0.24, 0.53);
277.9505; (0.30, 0.24, 0.53);
277.9600; (0.30, 0.24, 0.53);
277.9615; (0.30, 0.24, 0.52);
277.9615; (0.30, 0.24, 0.52);
277.9732; (0.31, 0.24, 0.52);
277.9732; (0.31, 0.24, 0.52);
277.9800; (0.31, 0.24, 0.52);
277.9833; (0.32, 0.24, 0.52);
277.9833; (0.32, 0.24, 0.52);
277.9948; (0.32, 0.24, 0.52);
277.9948; (0.32, 0.24, 0.51);
278.0000; (0.32, 0.24, 0.51);
278.0058; (0.33, 0.24, 0.51);
278.0058; (0.33, 0.24, 0.51);
278.0171; (0.33, 0.24, 0.51);
278.0171; (0.33, 0.24, 0.51);
278.0200; (0.33, 0.24, 0.51);
278.0281; (0.34, 0.24, 0.51);
278.0281; (0.34, 0.24, 0.50);
278.0394; (0.34, 0.24, 0.50);
278.0394; (0.35, 0.24, 0.50);
278.0400; (0.35, 0.24, 0.50);
278.0511; (0.35, 0.24, 0.50);
278.0511; (0.36, 0.24, 0.50);
278.0600; (0.36, 0.24, 0.50);
278.0620; (0.36, 0.24, 0.49);
278.0620; (0.36, 0.24, 0.49);
278.0729; (0.36, 0.24, 0.49);
278.0729; (0.37, 0.24, 0.49);
278.0800; (0.37, 0.24, 0.49);
278.0838; (0.38, 0.24, 0.49);
278.0838; (0.38, 0.24, 0.49);
278.0948; (0.38, 0.24, 0.49);
278.0948; (0.39, 0.24, 0.49);
278.1000; (0.39, 0.24, 0.49);
278.1058; (0.40, 0.25, 0.49);
278.1058; (0.40, 0.25, 0.49);
278.1169; (0.40, 0.25, 0.49);
278.1169; (0.41, 0.25, 0.49);
278.1200; (0.41, 0.25, 0.49);
278.1280; (0.41, 0.25, 0.49);
278.1280; (0.42, 0.25, 0.49);
278.1391; (0.42, 0.25, 0.49);
278.1391; (0.43, 0.26, 0.49);
278.1400; (0.43, 0.26, 0.49);
278.1502; (0.43, 0.26, 0.48);
278.1502; (0.44, 0.26, 0.48);
278.1600; (0.44, 0.26, 0.48);
278.1615; (0.45, 0.27, 0.48);
278.1615; (0.45, 0.27, 0.48);
278.1724; (0.45, 0.27, 0.48);
278.1724; (0.46, 0.28, 0.48);
278.1800; (0.46, 0.28, 0.48);
278.1838; (0.47, 0.28, 0.48);
278.1838; (0.47, 0.28, 0.48);
278.1949; (0.46, 0.28, 0.48);
278.1949; (0.47, 0.29, 0.48);
278.2000; (0.47, 0.29, 0.47);
278.2060; (0.48, 0.30, 0.47);
278.2060; (0.48, 0.30, 0.47);
278.2170; (0.48, 0.30, 0.47);
278.2170; (0.49, 0.31, 0.47);
278.2200; (0.49, 0.31, 0.47);
278.2282; (0.49, 0.31, 0.47);
278.2282; (0.50, 0.32, 0.47);
278.2393; (0.50, 0.32, 0.47);
278.2393; (0.50, 0.33, 0.46);
278.2400; (0.50, 0.33, 0.46);
278.2502; (0.50, 0.33, 0.46);
278.2502; (0.51, 0.34, 0.46);
278.2600; (0.51, 0.34, 0.46);
278.2616; (0.51, 0.35, 0.45);
278.2616; (0.51, 0.35, 0.45);
278.2727; (0.51, 0.35, 0.45);
278.2727; (0.52, 0.36, 0.45);
278.2800; (0.52, 0.36, 0.45);
278.2841; (0.53, 0.37, 0.45);
278.2841; (0.53, 0.37, 0.45);
278.2948; (0.53, 0.37, 0.45);
278.2948; (0.54, 0.38, 0.45);
278.3000; (0.54, 0.38, 0.45);
278.3056; (0.54, 0.38, 0.45);
278.3056; (0.54, 0.39, 0.45);
278.3167; (0.54, 0.39, 0.45);
278.3167; (0.55, 0.40, 0.44);
278.3200; (0.55, 0.40, 0.44);
278.3283; (0.55, 0.40, 0.44);
278.3283; (0.56, 0.41, 0.44);
278.3389; (0.56, 0.41, 0.44);
278.3389; (0.57, 0.42, 0.44);
278.3400; (0.57, 0.42, 0.44);
278.3502; (0.57, 0.42, 0.44);
278.3502; (0.57, 0.43, 0.43);
278.3600; (0.57, 0.43, 0.43);
278.3613; (0.58, 0.44, 0.43);
278.3613; (0.58, 0.44, 0.43);
278.3723; (0.58, 0.44, 0.43);
278.3723; (0.59, 0.45, 0.43);
278.3800; (0.59, 0.45, 0.43);
278.3836; (0.59, 0.46, 0.43);
278.3836; (0.59, 0.46, 0.43);
278.3946; (0.59, 0.46, 0.43);
278.3946; (0.60, 0.47, 0.43);
278.4000; (0.60, 0.47, 0.43);
278.4061; (0.60, 0.48, 0.43);
278.4061; (0.60, 0.48, 0.43);
278.4169; (0.60, 0.48, 0.43);
278.4169; (0.61, 0.49, 0.43);
278.4200; (0.61, 0.49, 0.43);
278.4281; (0.61, 0.48, 0.43);
278.4281; (0.61, 0.49, 0.43);
278.4393; (0.61, 0.49, 0.42);
278.4393; (0.62, 0.50, 0.42);
278.4400; (0.62, 0.50, 0.42);
278.4501; (0.62, 0.50, 0.42);
278.4501; (0.62, 0.51, 0.42);
278.4600; (0.62, 0.51, 0.42);
278.4613; (0.63, 0.52, 0.42);
278.4613; (0.63, 0.52, 0.42);
278.4726; (0.63, 0.52, 0.42);
278.4726; (0.63, 0.53, 0.42);
278.4800; (0.63, 0.53, 0.42);
278.4835; (0.64, 0.54, 0.42);
278.4835; (0.64, 0.54, 0.42);
278.4950; (0.63, 0.54, 0.42);
278.4950; (0.64, 0.55, 0.42);
278.5000; (0.64, 0.55, 0.42);
278.5058; (0.64, 0.56, 0.42);
278.5058; (0.64, 0.56, 0.42);
278.5170; (0.64, 0.56, 0.42);
278.5170; (0.64, 0.57, 0.42);
278.5200; (0.64, 0.57, 0.42);
278.5285; (0.64, 0.57, 0.42);
278.5285; (0.64, 0.57, 0.42);
278.5395; (0.64, 0.57, 0.42);
278.5395; (0.65, 0.58, 0.42);
278.5400; (0.65, 0.58, 0.42);
278.5504; (0.65, 0.58, 0.42);
278.5504; (0.65, 0.59, 0.41);
278.5600; (0.65, 0.59, 0.42);
278.5617; (0.65, 0.60, 0.41);
278.5617; (0.65, 0.60, 0.41);
278.5728; (0.65, 0.60, 0.41);
278.5728; (0.65, 0.61, 0.41);
278.5800; (0.65, 0.61, 0.41);
278.5837; (0.65, 0.62, 0.41);
278.5837; (0.65, 0.62, 0.41);
278.5951; (0.65, 0.62, 0.41);
278.5951; (0.65, 0.63, 0.40);
278.6000; (0.65, 0.63, 0.40);
278.6061; (0.65, 0.64, 0.40);
278.6061; (0.65, 0.64, 0.40);
278.6172; (0.65, 0.64, 0.40);
278.6172; (0.65, 0.64, 0.40);
278.6200; (0.65, 0.64, 0.40);
278.6287; (0.65, 0.64, 0.40);
278.6287; (0.65, 0.65, 0.40);
278.6396; (0.65, 0.65, 0.40);
278.6396; (0.65, 0.65, 0.40);
278.6400; (0.65, 0.65, 0.40);
278.6508; (0.65, 0.65, 0.40);
278.6508; (0.65, 0.66, 0.40);
278.6600; (0.65, 0.66, 0.40);
278.6619; (0.65, 0.67, 0.40);
278.6619; (0.65, 0.67, 0.40);
278.6729; (0.65, 0.67, 0.40);
278.6729; (0.65, 0.67, 0.40);
278.6800; (0.65, 0.67, 0.40);
278.6840; (0.65, 0.68, 0.40);
278.6840; (0.65, 0.68, 0.40);
278.6949; (0.65, 0.67, 0.40);
278.6949; (0.65, 0.68, 0.40);
278.7000; (0.65, 0.68, 0.40);
278.7062; (0.65, 0.68, 0.40);
278.7062; (0.65, 0.68, 0.40);
278.7176; (0.65, 0.68, 0.40);
278.7176; (0.65, 0.69, 0.40);
278.7200; (0.65, 0.69, 0.40);
278.7283; (0.65, 0.69, 0.40);
278.7283; (0.65, 0.69, 0.40);
278.7393; (0.65, 0.69, 0.40);
278.7393; (0.65, 0.69, 0.40);
278.7400; (0.65, 0.69, 0.40);
278.7506; (0.65, 0.69, 0.40);
278.7506; (0.65, 0.70, 0.40);
278.7600; (0.65, 0.70, 0.40);
278.7617; (0.65, 0.70, 0.40);
278.7617; (0.65, 0.70, 0.40);
278.7725; (0.65, 0.70, 0.40);
278.7725; (0.65, 0.70, 0.40);
278.7800; (0.65, 0.70, 0.40);
278.7836; (0.65, 0.71, 0.40);
278.7836; (0.65, 0.71, 0.40);
278.7949; (0.65, 0.70, 0.40);
278.7949; (0.65, 0.71, 0.40);
278.8000; (0.65, 0.71, 0.40);
278.8057; (0.65, 0.71, 0.40);
278.8057; (0.65, 0.71, 0.40);
278.8169; (0.65, 0.71, 0.40);
278.8169; (0.65, 0.71, 0.40);
278.8200; (0.65, 0.71, 0.40);
278.8281; (0.66, 0.71, 0.40);
278.8281; (0.66, 0.71, 0.40);
278.8392; (0.66, 0.71, 0.40);
278.8392; (0.66, 0.71, 0.40);
278.8400; (0.66, 0.71, 0.40);
278.8504; (0.66, 0.71, 0.40);
278.8504; (0.66, 0.72, 0.40);
278.8600; (0.66, 0.71, 0.40);
278.8616; (0.66, 0.72, 0.40);
278.8616; (0.66, 0.72, 0.40);
278.8726; (0.66, 0.72, 0.40);
278.8726; (0.67, 0.72, 0.40);
278.8800; (0.67, 0.72, 0.40);
278.8834; (0.67, 0.72, 0.40);
278.8834; (0.67, 0.72, 0.40);
278.8950; (0.67, 0.72, 0.40);
278.8950; (0.67, 0.72, 0.40);
278.9000; (0.67, 0.72, 0.40);
278.9056; (0.67, 0.72, 0.40);
278.9056; (0.67, 0.72, 0.40);
278.9168; (0.67, 0.72, 0.40);
278.9168; (0.67, 0.71, 0.40);
278.9200; (0.67, 0.71, 0.40);
278.9280; (0.67, 0.71, 0.40);
278.9280; (0.67, 0.71, 0.40);
278.9391; (0.67, 0.71, 0.40);
278.9391; (0.67, 0.71, 0.40);
278.9400; (0.67, 0.71, 0.40);
278.9505; (0.67, 0.71, 0.40);
278.9505; (0.67, 0.71, 0.41);
278.9600; (0.67, 0.71, 0.41);
278.9615; (0.67, 0.71, 0.41);
278.9615; (0.67, 0.71, 0.41);
278.9726; (0.68, 0.71, 0.41);
278.9726; (0.68, 0.71, 0.41);
278.9800; (0.68, 0.71, 0.41);
278.9839; (0.68, 0.71, 0.41);
278.9839; (0.68, 0.71, 0.41);
278.9946; (0.68, 0.71, 0.41);
278.9946; (0.68, 0.71, 0.41);
279.0000; (0.69, 0.71, 0.41);
279.0059; (0.69, 0.71, 0.41);
279.0059; (0.69, 0.71, 0.41);
279.0171; (0.69, 0.71, 0.41);
279.0171; (0.69, 0.71, 0.42);
279.0200; (0.69, 0.71, 0.42);
279.0281; (0.69, 0.71, 0.42);
279.0281; (0.69, 0.71, 0.42);
279.0390; (0.69, 0.71, 0.41);
279.0390; (0.69, 0.71, 0.42);
279.0400; (0.69, 0.71, 0.42);
279.0504; (0.69, 0.71, 0.42);
279.0504; (0.70, 0.71, 0.42);
279.0600; (0.70, 0.71, 0.42);
279.0615; (0.70, 0.71, 0.42);
279.0615; (0.70, 0.71, 0.42);
279.0728; (0.70, 0.71, 0.42);
279.0728; (0.70, 0.71, 0.42);
279.0800; (0.70, 0.71, 0.42);
279.0840; (0.70, 0.71, 0.42);
279.0840; (0.70, 0.71, 0.42);
279.0948; (0.70, 0.71, 0.42);
279.0948; (0.70, 0.71, 0.42);
279.1000; (0.70, 0.71, 0.42);
279.1060; (0.71, 0.71, 0.42);
279.1060; (0.71, 0.71, 0.42);
279.1170; (0.71, 0.71, 0.42);
279.1170; (0.71, 0.71, 0.43);
279.1200; (0.71, 0.71, 0.43);
279.1282; (0.71, 0.71, 0.43);
279.1282; (0.71, 0.71, 0.43);
279.1389; (0.71, 0.72, 0.42);
279.1389; (0.71, 0.72, 0.43);
279.1400; (0.71, 0.72, 0.43);
279.1503; (0.71, 0.72, 0.43);
279.1503; (0.71, 0.72, 0.43);
279.1600; (0.71, 0.72, 0.43);
279.1613; (0.72, 0.72, 0.43);
279.1613; (0.72, 0.72, 0.43);
279.1724; (0.72, 0.72, 0.43);
279.1724; (0.72, 0.72, 0.43);
279.1800; (0.72, 0.72, 0.43);
279.1835; (0.72, 0.72, 0.43);
279.1835; (0.72, 0.72, 0.43);
279.1945; (0.72, 0.72, 0.43);
279.1945; (0.72, 0.72, 0.43);
279.2000; (0.72, 0.72, 0.43);
279.2060; (0.72, 0.72, 0.43);
279.2060; (0.72, 0.72, 0.43);
279.2170; (0.72, 0.72, 0.43);
279.2170; (0.73, 0.72, 0.44);
279.2200; (0.73, 0.72, 0.44);
279.2283; (0.73, 0.72, 0.42);
279.2283; (0.73, 0.72, 0.42);
279.2391; (0.73, 0.72, 0.42);
279.2391; (0.73, 0.72, 0.43);
279.2400; (0.73, 0.72, 0.43);
279.2507; (0.73, 0.72, 0.42);
279.2507; (0.74, 0.72, 0.42);
279.2600; (0.74, 0.72, 0.42);
279.2614; (0.74, 0.72, 0.42);
279.2614; (0.74, 0.72, 0.42);
279.2723; (0.74, 0.72, 0.42);
279.2723; (0.74, 0.72, 0.42);
279.2800; (0.74, 0.72, 0.42);
279.2837; (0.74, 0.72, 0.42);
279.2837; (0.74, 0.72, 0.42);
279.2947; (0.74, 0.73, 0.42);
279.2947; (0.74, 0.73, 0.42);
279.3000; (0.74, 0.73, 0.42);
279.3059; (0.74, 0.73, 0.42);
279.3059; (0.74, 0.73, 0.42);
279.3167; (0.74, 0.73, 0.42);
279.3167; (0.74, 0.73, 0.43);
279.3200; (0.74, 0.73, 0.43);
279.3280; (0.74, 0.73, 0.43);
279.3280; (0.75, 0.73, 0.43);
279.3394; (0.74, 0.73, 0.43);
279.3394; (0.75, 0.73, 0.43);
279.3400; (0.75, 0.73, 0.43);
279.3503; (0.75, 0.73, 0.43);
279.3503; (0.75, 0.73, 0.43);
279.3600; (0.75, 0.73, 0.43);
279.3617; (0.75, 0.73, 0.43);
279.3617; (0.75, 0.73, 0.43);
279.3727; (0.75, 0.73, 0.43);
279.3727; (0.75, 0.73, 0.44);
279.3800; (0.75, 0.73, 0.44);
279.3840; (0.75, 0.74, 0.44);
279.3840; (0.75, 0.74, 0.44);
279.3949; (0.75, 0.74, 0.44);
279.3949; (0.75, 0.74, 0.44);
279.4000; (0.75, 0.74, 0.44);
279.4058; (0.75, 0.74, 0.44);
279.4058; (0.75, 0.74, 0.44);
279.4167; (0.75, 0.74, 0.44);
279.4167; (0.76, 0.74, 0.44);
279.4200; (0.76, 0.74, 0.44);
279.4281; (0.76, 0.74, 0.45);
279.4281; (0.76, 0.74, 0.45);
279.4391; (0.76, 0.74, 0.45);
279.4391; (0.76, 0.74, 0.45);
279.4400; (0.76, 0.74, 0.45);
279.4503; (0.76, 0.74, 0.45);
279.4503; (0.76, 0.74, 0.45);
279.4600; (0.76, 0.74, 0.45);
279.4613; (0.77, 0.74, 0.46);
279.4613; (0.77, 0.74, 0.46);
279.4723; (0.77, 0.74, 0.46);
279.4723; (0.77, 0.74, 0.46);
279.4800; (0.77, 0.74, 0.46);
279.4838; (0.77, 0.74, 0.46);
279.4838; (0.77, 0.74, 0.46);
279.4948; (0.77, 0.74, 0.46);
279.4948; (0.77, 0.74, 0.46);
279.5000; (0.77, 0.74, 0.46);
279.5058; (0.78, 0.74, 0.47);
279.5058; (0.78, 0.74, 0.47);
279.5168; (0.77, 0.74, 0.47);
279.5168; (0.78, 0.74, 0.47);
279.5200; (0.78, 0.74, 0.47);
279.5280; (0.78, 0.74, 0.47);
279.5280; (0.78, 0.73, 0.47);
279.5393; (0.78, 0.73, 0.47);
279.5393; (0.78, 0.73, 0.47);
279.5400; (0.78, 0.73, 0.47);
279.5505; (0.78, 0.73, 0.47);
279.5505; (0.78, 0.73, 0.47);
279.5600; (0.78, 0.73, 0.48);
279.5614; (0.78, 0.73, 0.48);
279.5614; (0.78, 0.73, 0.48);
279.5730; (0.79, 0.73, 0.48);
279.5730; (0.79, 0.73, 0.48);
279.5800; (0.79, 0.73, 0.48);
279.5834; (0.79, 0.73, 0.48);
279.5834; (0.79, 0.73, 0.48);
279.5947; (0.79, 0.73, 0.48);
279.5947; (0.80, 0.73, 0.49);
279.6000; (0.80, 0.73, 0.49);
279.6057; (0.80, 0.73, 0.49);
279.6057; (0.80, 0.73, 0.49);
279.6169; (0.80, 0.73, 0.49);
279.6169; (0.80, 0.73, 0.49);
279.6200; (0.80, 0.73, 0.49);
279.6282; (0.80, 0.73, 0.49);
279.6282; (0.81, 0.73, 0.49);
279.6397; (0.80, 0.73, 0.49);
279.6397; (0.81, 0.73, 0.49);
279.6400; (0.81, 0.73, 0.49);
279.6507; (0.81, 0.73, 0.49);
279.6507; (0.81, 0.73, 0.50);
279.6600; (0.81, 0.73, 0.50);
279.6621; (0.81, 0.73, 0.50);
279.6621; (0.81, 0.73, 0.50);
279.6730; (0.81, 0.73, 0.50);
279.6730; (0.81, 0.72, 0.50);
279.6800; (0.81, 0.72, 0.50);
279.6841; (0.81, 0.72, 0.50);
279.6841; (0.81, 0.72, 0.50);
279.6950; (0.81, 0.72, 0.50);
279.6950; (0.81, 0.72, 0.50);
279.7000; (0.81, 0.72, 0.50);
279.7058; (0.82, 0.72, 0.51);
279.7058; (0.82, 0.72, 0.51);
279.7173; (0.82, 0.72, 0.51);
279.7173; (0.82, 0.72, 0.51);
279.7200; (0.82, 0.72, 0.51);
279.7284; (0.82, 0.72, 0.51);
279.7284; (0.82, 0.72, 0.51);
279.7395; (0.82, 0.72, 0.51);
279.7395; (0.82, 0.72, 0.51);
279.7400; (0.82, 0.72, 0.51);
279.7502; (0.82, 0.72, 0.51);
279.7502; (0.82, 0.72, 0.51);
279.7600; (0.83, 0.72, 0.51);
279.7618; (0.83, 0.72, 0.52);
279.7618; (0.83, 0.72, 0.52);
279.7723; (0.83, 0.72, 0.52);
279.7723; (0.83, 0.72, 0.52);
279.7800; (0.83, 0.72, 0.52);
279.7838; (0.83, 0.72, 0.52);
279.7838; (0.83, 0.72, 0.52);
279.7947; (0.83, 0.72, 0.52);
279.7947; (0.83, 0.72, 0.52);
279.8000; (0.83, 0.72, 0.52);
279.8061; (0.83, 0.72, 0.52);
279.8061; (0.83, 0.72, 0.52);
279.8174; (0.83, 0.72, 0.52);
279.8174; (0.83, 0.72, 0.52);
279.8200; (0.83, 0.72, 0.52);
279.8279; (0.83, 0.72, 0.52);
279.8279; (0.83, 0.72, 0.53);
279.8395; (0.83, 0.72, 0.53);
279.8395; (0.83, 0.72, 0.53);
279.8400; (0.83, 0.72, 0.53);
279.8501; (0.83, 0.72, 0.53);
279.8501; (0.84, 0.72, 0.53);
279.8600; (0.84, 0.72, 0.53);
279.8617; (0.84, 0.72, 0.53);
279.8617; (0.84, 0.72, 0.53);
279.8726; (0.84, 0.72, 0.53);
279.8726; (0.84, 0.72, 0.53);
279.8800; (0.84, 0.72, 0.53);
279.8838; (0.84, 0.72, 0.53);
279.8838; (0.84, 0.72, 0.53);
279.8948; (0.84, 0.72, 0.52);
279.8948; (0.84, 0.72, 0.52);
279.9000; (0.84, 0.72, 0.52);
279.9058; (0.84, 0.72, 0.52);
279.9058; (0.84, 0.72, 0.52);
279.9173; (0.84, 0.72, 0.52);
279.9173; (0.84, 0.72, 0.52);
279.9200; (0.84, 0.72, 0.52);
279.9284; (0.84, 0.72, 0.52);
279.9284; (0.84, 0.72, 0.52);
279.9391; (0.84, 0.72, 0.52);
279.9391; (0.84, 0.72, 0.52);
279.9400; (0.84, 0.72, 0.52);
279.9504; (0.84, 0.72, 0.52);
279.9504; (0.84, 0.72, 0.53);
279.9600; (0.84, 0.72, 0.53);
279.9618; (0.84, 0.72, 0.53);
279.9618; (0.84, 0.72, 0.53);
279.9723; (0.84, 0.72, 0.53);
279.9723; (0.84, 0.72, 0.53);
279.9800; (0.84, 0.72, 0.53);
279.9837; (0.84, 0.72, 0.53);
279.9837; (0.84, 0.72, 0.53);
279.9947; (0.84, 0.72, 0.53);
279.9947; (0.84, 0.73, 0.53);
280.0000; (0.84, 0.73, 0.54);
280.0063; (0.84, 0.73, 0.54);
280.0063; (0.84, 0.73, 0.54);
280.0176; (0.84, 0.73, 0.54);
280.0176; (0.84, 0.73, 0.54);
280.0200; (0.84, 0.73, 0.54);
280.0284; (0.84, 0.73, 0.54);
280.0284; (0.84, 0.73, 0.54);
280.0392; (0.84, 0.73, 0.54);
280.0392; (0.84, 0.73, 0.55);
280.0400; (0.84, 0.73, 0.55);
280.0506; (0.84, 0.73, 0.55);
280.0506; (0.84, 0.73, 0.55);
280.0600; (0.84, 0.73, 0.55);
280.0615; (0.84, 0.73, 0.55);
280.0615; (0.84, 0.73, 0.55);
280.0728; (0.84, 0.73, 0.55);
280.0728; (0.84, 0.73, 0.56);
280.0800; (0.84, 0.73, 0.56);
280.0840; (0.83, 0.73, 0.56);
280.0840; (0.83, 0.73, 0.56);
280.0951; (0.83, 0.73, 0.56);
280.0951; (0.83, 0.73, 0.56);
280.1000; (0.83, 0.73, 0.57);
280.1060; (0.83, 0.73, 0.57);
280.1060; (0.83, 0.73, 0.57);
280.1172; (0.83, 0.73, 0.57);
280.1172; (0.83, 0.73, 0.57);
280.1200; (0.83, 0.73, 0.57);
280.1280; (0.84, 0.73, 0.56);
280.1280; (0.84, 0.73, 0.57);
280.1395; (0.83, 0.73, 0.57);
280.1395; (0.83, 0.73, 0.57);
280.1400; (0.83, 0.73, 0.57);
280.1504; (0.83, 0.73, 0.57);
280.1504; (0.83, 0.73, 0.57);
280.1600; (0.83, 0.73, 0.57);
280.1617; (0.83, 0.73, 0.57);
280.1617; (0.83, 0.73, 0.57);
280.1730; (0.83, 0.73, 0.57);
280.1730; (0.83, 0.73, 0.57);
280.1800; (0.83, 0.73, 0.57);
280.1840; (0.83, 0.73, 0.58);
280.1840; (0.83, 0.73, 0.58);
280.1950; (0.83, 0.73, 0.58);
280.1950; (0.83, 0.73, 0.58);
280.2000; (0.83, 0.73, 0.58);
280.2057; (0.83, 0.73, 0.58);
280.2057; (0.83, 0.73, 0.58);
280.2169; (0.83, 0.73, 0.58);
280.2169; (0.82, 0.73, 0.58);
280.2200; (0.82, 0.73, 0.58);
280.2285; (0.82, 0.73, 0.58);
280.2285; (0.82, 0.73, 0.58);
280.2394; (0.82, 0.73, 0.58);
280.2394; (0.82, 0.73, 0.59);
280.2400; (0.82, 0.73, 0.59);
280.2507; (0.82, 0.73, 0.59);
280.2507; (0.82, 0.73, 0.59);
280.2600; (0.82, 0.73, 0.59);
280.2617; (0.82, 0.73, 0.59);
280.2617; (0.82, 0.73, 0.59);
280.2726; (0.82, 0.73, 0.59);
280.2726; (0.82, 0.73, 0.59);
280.2800; (0.82, 0.73, 0.59);
280.2839; (0.82, 0.73, 0.59);
280.2839; (0.82, 0.73, 0.59);
280.2948; (0.81, 0.73, 0.59);
280.2948; (0.81, 0.73, 0.59);
280.3000; (0.81, 0.73, 0.59);
280.3061; (0.81, 0.73, 0.59);
280.3061; (0.81, 0.73, 0.59);
280.3169; (0.81, 0.73, 0.59);
280.3169; (0.81, 0.73, 0.59);
280.3200; (0.81, 0.73, 0.59);
280.3283; (0.81, 0.73, 0.59);
280.3283; (0.81, 0.73, 0.60);
280.3391; (0.81, 0.73, 0.60);
280.3391; (0.81, 0.73, 0.60);
280.3400; (0.81, 0.73, 0.60);
280.3503; (0.81, 0.73, 0.60);
280.3503; (0.81, 0.73, 0.60);
280.3600; (0.81, 0.73, 0.60);
280.3617; (0.81, 0.73, 0.60);
280.3617; (0.81, 0.73, 0.60);
280.3728; (0.81, 0.73, 0.60);
280.3728; (0.80, 0.73, 0.60);
280.3800; (0.80, 0.73, 0.60);
280.3838; (0.80, 0.73, 0.60);
280.3838; (0.80, 0.73, 0.60);
280.3949; (0.80, 0.73, 0.60);
280.3949; (0.80, 0.73, 0.60);
280.4000; (0.80, 0.73, 0.60);
280.4060; (0.80, 0.73, 0.60);
280.4060; (0.80, 0.73, 0.60);
280.4168; (0.80, 0.73, 0.60);
280.4168; (0.80, 0.73, 0.60);
280.4200; (0.80, 0.73, 0.60);
280.4284; (0.80, 0.73, 0.60);
280.4284; (0.80, 0.73, 0.60);
280.4394; (0.80, 0.73, 0.60);
280.4394; (0.80, 0.73, 0.60);
280.4400; (0.80, 0.73, 0.60);
280.4506; (0.80, 0.73, 0.60);
280.4506; (0.80, 0.73, 0.60);
280.4600; (0.80, 0.73, 0.60);
280.4612; (0.79, 0.73, 0.60);
280.4612; (0.79, 0.73, 0.60);
280.4727; (0.79, 0.73, 0.60);
280.4727; (0.79, 0.73, 0.60);
280.4800; (0.79, 0.73, 0.60);
280.4839; (0.79, 0.73, 0.60);
280.4839; (0.79, 0.73, 0.60);
280.4950; (0.79, 0.73, 0.60);
280.4950; (0.79, 0.73, 0.60);
280.5000; (0.79, 0.73, 0.60);
280.5058; (0.79, 0.73, 0.60);
280.5058; (0.79, 0.73, 0.60);
280.5172; (0.79, 0.73, 0.60);
280.5172; (0.78, 0.73, 0.60);
280.5200; (0.78, 0.73, 0.60);
280.5279; (0.78, 0.73, 0.60);
280.5279; (0.78, 0.73, 0.60);
280.5391; (0.78, 0.73, 0.60);
280.5391; (0.78, 0.73, 0.60);
280.5400; (0.78, 0.73, 0.60);
280.5501; (0.78, 0.73, 0.60);
280.5501; (0.78, 0.73, 0.60);
280.5600; (0.78, 0.73, 0.60);
280.5617; (0.78, 0.73, 0.60);
280.5617; (0.78, 0.73, 0.60);
280.5728; (0.78, 0.73, 0.60);
280.5728; (0.77, 0.73, 0.60);
280.5800; (0.77, 0.73, 0.60);
280.5834; (0.77, 0.73, 0.60);
280.5834; (0.77, 0.73, 0.60);
280.5946; (0.77, 0.73, 0.60);
280.5946; (0.77, 0.73, 0.60);
280.6000; (0.77, 0.73, 0.60);
280.6056; (0.77, 0.73, 0.60);
280.6056; (0.77, 0.73, 0.60);
280.6166; (0.77, 0.73, 0.60);
280.6166; (0.77, 0.73, 0.60);
280.6200; (0.77, 0.73, 0.60);
280.6285; (0.77, 0.73, 0.60);
280.6285; (0.77, 0.73, 0.60);
280.6395; (0.77, 0.73, 0.60);
280.6395; (0.76, 0.73, 0.60);
280.6400; (0.76, 0.73, 0.60);
280.6506; (0.76, 0.73, 0.60);
280.6506; (0.76, 0.73, 0.60);
280.6600; (0.76, 0.73, 0.60);
280.6617; (0.76, 0.73, 0.60);
280.6617; (0.76, 0.73, 0.60);
280.6727; (0.76, 0.73, 0.60);
280.6727; (0.75, 0.74, 0.60);
280.6800; (0.76, 0.74, 0.60);
280.6841; (0.75, 0.74, 0.60);
280.6841; (0.75, 0.74, 0.60);
280.6951; (0.75, 0.74, 0.60);
280.6951; (0.75, 0.74, 0.60);
280.7000; (0.75, 0.74, 0.60);
280.7060; (0.75, 0.74, 0.60);
280.7060; (0.75, 0.74, 0.60);
280.7173; (0.75, 0.74, 0.60);
280.7173; (0.75, 0.74, 0.60);
280.7200; (0.75, 0.74, 0.60);
280.7284; (0.75, 0.74, 0.60);
280.7284; (0.75, 0.74, 0.60);
280.7393; (0.75, 0.74, 0.60);
280.7393; (0.74, 0.74, 0.60);
280.7400; (0.74, 0.74, 0.60);
280.7505; (0.74, 0.74, 0.60);
280.7505; (0.74, 0.74, 0.60);
280.7600; (0.74, 0.74, 0.60);
280.7615; (0.74, 0.74, 0.59);
280.7615; (0.74, 0.74, 0.59);
280.7725; (0.74, 0.74, 0.59);
280.7725; (0.74, 0.75, 0.59);
280.7800; (0.74, 0.75, 0.58);
280.7836; (0.74, 0.75, 0.58);
280.7836; (0.74, 0.75, 0.58);
280.7950; (0.74, 0.75, 0.58);
280.7950; (0.74, 0.75, 0.58);
280.8000; (0.74, 0.75, 0.58);
280.8059; (0.74, 0.75, 0.58);
280.8059; (0.74, 0.75, 0.58);
280.8170; (0.74, 0.75, 0.58);
280.8170; (0.74, 0.75, 0.58);
280.8200; (0.74, 0.75, 0.58);
280.8280; (0.74, 0.75, 0.58);
280.8280; (0.74, 0.75, 0.57);
280.8394; (0.74, 0.75, 0.57);
280.8394; (0.73, 0.75, 0.57);
280.8400; (0.73, 0.75, 0.57);
280.8504; (0.73, 0.75, 0.57);
280.8504; (0.73, 0.75, 0.57);
280.8600; (0.73, 0.76, 0.57);
280.8615; (0.73, 0.76, 0.57);
280.8615; (0.73, 0.76, 0.57);
280.8724; (0.73, 0.76, 0.57);
280.8724; (0.73, 0.76, 0.56);
280.8800; (0.73, 0.76, 0.56);
280.8837; (0.73, 0.76, 0.56);
280.8837; (0.73, 0.76, 0.56);
280.8949; (0.73, 0.76, 0.56);
280.8949; (0.73, 0.76, 0.56);
280.9000; (0.73, 0.76, 0.56);
280.9058; (0.73, 0.76, 0.56);
280.9058; (0.73, 0.76, 0.56);
280.9172; (0.73, 0.76, 0.56);
280.9172; (0.73, 0.76, 0.56);
280.9200; (0.73, 0.76, 0.56);
280.9279; (0.73, 0.76, 0.56);
280.9279; (0.73, 0.76, 0.56);
280.9389; (0.73, 0.76, 0.56);
280.9389; (0.73, 0.76, 0.56);
280.9400; (0.73, 0.76, 0.56);
280.9504; (0.73, 0.76, 0.56);
280.9504; (0.72, 0.76, 0.56);
280.9600; (0.72, 0.76, 0.56);
280.9616; (0.72, 0.76, 0.56);
280.9616; (0.72, 0.76, 0.56);
280.9726; (0.72, 0.76, 0.56);
280.9726; (0.72, 0.76, 0.55);
280.9800; (0.72, 0.76, 0.56);
280.9833; (0.72, 0.76, 0.56);
280.9833; (0.72, 0.76, 0.56);
280.9949; (0.72, 0.76, 0.56);
280.9949; (0.72, 0.76, 0.56);
281.0000; (0.72, 0.76, 0.55);
281.0061; (0.72, 0.77, 0.55);
281.0061; (0.72, 0.77, 0.55);
281.0175; (0.72, 0.76, 0.55);
281.0175; (0.72, 0.76, 0.55);
281.0200; (0.72, 0.76, 0.55);
281.0286; (0.72, 0.76, 0.55);
281.0286; (0.72, 0.76, 0.55);
281.0393; (0.72, 0.76, 0.55);
281.0393; (0.72, 0.76, 0.55);
281.0400; (0.72, 0.76, 0.55);
281.0505; (0.72, 0.76, 0.55);
281.0505; (0.72, 0.76, 0.55);
281.0600; (0.72, 0.76, 0.55);
281.0616; (0.72, 0.76, 0.55);
281.0616; (0.72, 0.76, 0.55);
281.0725; (0.72, 0.76, 0.55);
281.0725; (0.72, 0.76, 0.55);
281.0800; (0.72, 0.76, 0.55);
281.0839; (0.72, 0.76, 0.55);
281.0839; (0.72, 0.76, 0.55);
281.0948; (0.72, 0.76, 0.55);
281.0948; (0.72, 0.76, 0.55);
281.1000; (0.72, 0.76, 0.55);
281.1056; (0.72, 0.75, 0.55);
281.1056; (0.72, 0.75, 0.55);
281.1170; (0.72, 0.76, 0.55);
281.1170; (0.72, 0.75, 0.55);
281.1200; (0.72, 0.75, 0.55);
281.1282; (0.72, 0.75, 0.55);
281.1282; (0.72, 0.75, 0.55);
281.1393; (0.72, 0.76, 0.54);
281.1393; (0.72, 0.76, 0.54);
281.1400; (0.72, 0.76, 0.54);
281.1501; (0.72, 0.76, 0.54);
281.1501; (0.72, 0.76, 0.54);
281.1600; (0.72, 0.75, 0.54);
281.1615; (0.71, 0.75, 0.54);
281.1615; (0.71, 0.75, 0.54);
281.1723; (0.71, 0.75, 0.54);
281.1723; (0.71, 0.75, 0.54);
281.1800; (0.71, 0.75, 0.54);
281.1837; (0.71, 0.75, 0.54);
281.1837; (0.71, 0.75, 0.54);
281.1949; (0.71, 0.75, 0.54);
281.1949; (0.71, 0.75, 0.54);
281.2000; (0.71, 0.75, 0.54);
281.2057; (0.71, 0.75, 0.54);
281.2057; (0.71, 0.75, 0.54);
281.2168; (0.71, 0.75, 0.54);
281.2168; (0.71, 0.75, 0.54);
281.2200; (0.71, 0.75, 0.54);
281.2282; (0.71, 0.75, 0.54);
281.2282; (0.71, 0.76, 0.53);
281.2395; (0.71, 0.76, 0.54);
281.2395; (0.71, 0.76, 0.53);
281.2400; (0.71, 0.76, 0.53);
281.2502; (0.71, 0.76, 0.54);
281.2502; (0.71, 0.76, 0.54);
281.2600; (0.71, 0.76, 0.54);
281.2618; (0.71, 0.76, 0.54);
281.2618; (0.71, 0.76, 0.54);
281.2727; (0.71, 0.76, 0.54);
281.2727; (0.71, 0.76, 0.54);
281.2800; (0.71, 0.76, 0.54);
281.2836; (0.71, 0.76, 0.54);
281.2836; (0.71, 0.76, 0.54);
281.2946; (0.71, 0.76, 0.54);
281.2946; (0.71, 0.76, 0.54);
281.3000; (0.71, 0.76, 0.54);
281.3060; (0.72, 0.76, 0.54);
281.3060; (0.72, 0.76, 0.54);
281.3171; (0.72, 0.76, 0.54);
281.3171; (0.72, 0.76, 0.54);
281.3200; (0.72, 0.76, 0.54);
281.3284; (0.72, 0.76, 0.54);
281.3284; (0.72, 0.76, 0.54);
281.3394; (0.72, 0.76, 0.54);
281.3394; (0.72, 0.76, 0.54);
281.3400; (0.72, 0.76, 0.54);
281.3503; (0.72, 0.76, 0.54);
281.3503; (0.72, 0.76, 0.54);
281.3600; (0.72, 0.76, 0.54);
281.3613; (0.72, 0.76, 0.54);
281.3613; (0.72, 0.76, 0.54);
281.3727; (0.72, 0.76, 0.54);
281.3727; (0.72, 0.76, 0.54);
281.3800; (0.72, 0.76, 0.54);
281.3833; (0.72, 0.76, 0.54);
281.3833; (0.72, 0.76, 0.54);
281.3949; (0.72, 0.76, 0.54);
281.3949; (0.72, 0.76, 0.54);
281.4000; (0.72, 0.76, 0.54);
281.4057; (0.72, 0.76, 0.54);
281.4057; (0.72, 0.76, 0.54);
281.4167; (0.72, 0.76, 0.54);
281.4167; (0.72, 0.76, 0.54);
281.4200; (0.72, 0.76, 0.54);
281.4280; (0.72, 0.76, 0.54);
281.4280; (0.72, 0.76, 0.53);
281.4394; (0.72, 0.76, 0.53);
281.4394; (0.72, 0.77, 0.53);
281.4400; (0.72, 0.77, 0.53);
281.4501; (0.72, 0.77, 0.53);
281.4501; (0.72, 0.77, 0.53);
281.4600; (0.72, 0.77, 0.53);
281.4616; (0.72, 0.77, 0.53);
281.4616; (0.72, 0.77, 0.53);
281.4726; (0.72, 0.77, 0.53);
281.4726; (0.72, 0.77, 0.53);
281.4800; (0.72, 0.77, 0.53);
281.4832; (0.72, 0.77, 0.53);
281.4832; (0.72, 0.77, 0.53);
281.4946; (0.72, 0.77, 0.53);
281.4946; (0.72, 0.77, 0.53);
281.5000; (0.72, 0.77, 0.53);
281.5058; (0.72, 0.77, 0.53);
281.5058; (0.72, 0.77, 0.53);
281.5171; (0.72, 0.77, 0.53);
281.5171; (0.72, 0.77, 0.53);
281.5200; (0.72, 0.77, 0.53);
281.5278; (0.72, 0.77, 0.53);
281.5278; (0.72, 0.77, 0.53);
281.5393; (0.72, 0.77, 0.53);
281.5393; (0.72, 0.77, 0.53);
281.5400; (0.72, 0.77, 0.53);
281.5500; (0.72, 0.77, 0.53);
281.5500; (0.72, 0.77, 0.53);
281.5600; (0.72, 0.77, 0.53);
281.5613; (0.72, 0.77, 0.53);
281.5613; (0.72, 0.77, 0.53);
281.5726; (0.72, 0.77, 0.53);
281.5726; (0.72, 0.77, 0.52);
281.5800; (0.72, 0.77, 0.52);
281.5835; (0.72, 0.77, 0.52);
281.5835; (0.72, 0.77, 0.52);
281.5947; (0.72, 0.77, 0.52);
281.5947; (0.72, 0.77, 0.52);
281.6000; (0.72, 0.77, 0.52);
281.6057; (0.73, 0.77, 0.52);
281.6057; (0.73, 0.77, 0.52);
281.6167; (0.73, 0.77, 0.52);
281.6167; (0.73, 0.77, 0.52);
281.6200; (0.73, 0.77, 0.52);
281.6278; (0.73, 0.77, 0.52);
281.6278; (0.73, 0.77, 0.52);
281.6394; (0.73, 0.77, 0.52);
281.6394; (0.73, 0.77, 0.52);
281.6400; (0.73, 0.77, 0.52);
281.6504; (0.73, 0.77, 0.52);
281.6504; (0.73, 0.77, 0.52);
281.6600; (0.73, 0.77, 0.52);
281.6613; (0.73, 0.77, 0.52);
281.6613; (0.73, 0.77, 0.52);
281.6724; (0.73, 0.77, 0.52);
281.6724; (0.73, 0.78, 0.52);
281.6800; (0.73, 0.77, 0.52);
281.6835; (0.73, 0.77, 0.52);
281.6835; (0.73, 0.77, 0.52);
281.6948; (0.73, 0.77, 0.52);
281.6948; (0.73, 0.77, 0.51);
281.7000; (0.73, 0.77, 0.51);
281.7059; (0.73, 0.77, 0.51);
281.7059; (0.73, 0.77, 0.51);
281.7181; (0.73, 0.77, 0.51);
281.7181; (0.73, 0.77, 0.51);
281.7200; (0.73, 0.77, 0.51);
281.7283; (0.73, 0.77, 0.51);
281.7283; (0.73, 0.77, 0.51);
281.7393; (0.73, 0.77, 0.51);
281.7393; (0.74, 0.77, 0.51);
281.7400; (0.74, 0.77, 0.51);
281.7506; (0.74, 0.77, 0.51);
281.7506; (0.74, 0.77, 0.51);
281.7600; (0.74, 0.77, 0.51);
281.7617; (0.74, 0.77, 0.51);
281.7617; (0.74, 0.77, 0.51);
281.7725; (0.74, 0.77, 0.51);
281.7725; (0.74, 0.77, 0.51);
281.7800; (0.74, 0.77, 0.51);
281.7836; (0.74, 0.77, 0.51);
281.7836; (0.74, 0.77, 0.51);
281.7951; (0.74, 0.77, 0.51);
281.7951; (0.74, 0.77, 0.51);
281.8000; (0.74, 0.77, 0.51);
281.8060; (0.74, 0.77, 0.51);
281.8060; (0.74, 0.77, 0.51);
281.8170; (0.74, 0.77, 0.51);
281.8170; (0.74, 0.77, 0.51);
281.8200; (0.74, 0.77, 0.51);
281.8282; (0.74, 0.77, 0.51);
281.8282; (0.74, 0.77, 0.51);
281.8392; (0.74, 0.77, 0.51);
281.8392; (0.74, 0.77, 0.51);
281.8400; (0.74, 0.77, 0.51);
281.8505; (0.74, 0.77, 0.51);
281.8505; (0.74, 0.77, 0.51);
281.8600; (0.74, 0.77, 0.50);
281.8617; (0.74, 0.77, 0.50);
281.8617; (0.74, 0.77, 0.50);
281.8728; (0.74, 0.77, 0.50);
281.8728; (0.74, 0.77, 0.50);
281.8800; (0.74, 0.77, 0.50);
281.8838; (0.75, 0.77, 0.50);
281.8838; (0.75, 0.77, 0.50);
281.8952; (0.74, 0.77, 0.50);
281.8952; (0.75, 0.77, 0.50);
281.9000; (0.75, 0.77, 0.50);
