Experiment: 7
Latency: 0
Source: (0.10, 0.90, 0.50)
SourceSize: 0.0750
Target: (0.90, 0.10, 0.50)
TargetSize: 0.0250

Trace:
time; position; button;
78.9588; (0.11, 0.87, 0.48);
78.9600; (0.11, 0.87, 0.47);
78.9702; (0.11, 0.87, 0.47);
78.9702; (0.11, 0.87, 0.47);
78.9800; (0.11, 0.87, 0.47);
78.9814; (0.11, 0.87, 0.47);
78.9814; (0.11, 0.87, 0.47);
78.9927; (0.11, 0.87, 0.47);
78.9927; (0.11, 0.87, 0.47);
79.0000; (0.11, 0.87, 0.47);
79.0034; (0.11, 0.87, 0.47);
79.0034; (0.11, 0.87, 0.47);
79.0147; (0.12, 0.88, 0.47);
79.0147; (0.12, 0.88, 0.47);
79.0200; (0.12, 0.87, 0.47);
79.0267; (0.12, 0.87, 0.47);
79.0267; (0.12, 0.87, 0.47);
79.0370; (0.12, 0.87, 0.47);
79.0370; (0.12, 0.87, 0.47);
79.0400; (0.12, 0.87, 0.48);
79.0484; (0.12, 0.87, 0.48);
79.0484; (0.12, 0.87, 0.48);
79.0593; (0.12, 0.87, 0.48);
79.0593; (0.12, 0.87, 0.48);
79.0600; (0.12, 0.86, 0.48);
79.0702; (0.12, 0.86, 0.48);
79.0702; (0.12, 0.86, 0.48);
79.0800; (0.12, 0.86, 0.48);
79.0813; (0.12, 0.86, 0.48);
79.0813; (0.12, 0.86, 0.48);
79.0923; (0.12, 0.86, 0.48);
79.0923; (0.13, 0.86, 0.48);
79.1000; (0.13, 0.86, 0.48);
79.1036; (0.13, 0.86, 0.48);
79.1036; (0.13, 0.86, 0.48);
79.1143; (0.13, 0.86, 0.48);
79.1143; (0.13, 0.86, 0.48);
79.1200; (0.13, 0.86, 0.48);
79.1260; (0.13, 0.85, 0.48);
79.1260; (0.13, 0.85, 0.48);
79.1369; (0.13, 0.85, 0.48);
79.1369; (0.13, 0.85, 0.48);
79.1400; (0.13, 0.85, 0.48);
79.1478; (0.13, 0.85, 0.49);
79.1478; (0.13, 0.85, 0.49);
79.1592; (0.13, 0.85, 0.48);
79.1592; (0.14, 0.85, 0.49);
79.1600; (0.13, 0.85, 0.49);
79.1698; (0.14, 0.84, 0.49);
79.1698; (0.14, 0.84, 0.49);
79.1800; (0.14, 0.84, 0.49);
79.1813; (0.14, 0.84, 0.49);
79.1813; (0.14, 0.84, 0.49);
79.1924; (0.14, 0.84, 0.49);
79.1924; (0.14, 0.84, 0.49);
79.2000; (0.15, 0.84, 0.49);
79.2033; (0.15, 0.84, 0.49);
79.2033; (0.15, 0.84, 0.49);
79.2144; (0.15, 0.84, 0.49);
79.2144; (0.16, 0.84, 0.49);
79.2200; (0.16, 0.84, 0.49);
79.2259; (0.17, 0.84, 0.49);
79.2259; (0.17, 0.84, 0.49);
79.2370; (0.17, 0.83, 0.49);
79.2370; (0.18, 0.83, 0.49);
79.2400; (0.18, 0.83, 0.49);
79.2483; (0.19, 0.82, 0.49);
79.2483; (0.19, 0.82, 0.49);
79.2591; (0.19, 0.82, 0.48);
79.2591; (0.20, 0.82, 0.48);
79.2600; (0.20, 0.81, 0.48);
79.2700; (0.21, 0.81, 0.48);
79.2700; (0.21, 0.81, 0.48);
79.2800; (0.21, 0.80, 0.48);
79.2812; (0.22, 0.79, 0.48);
79.2812; (0.22, 0.79, 0.48);
79.2924; (0.22, 0.79, 0.48);
79.2924; (0.23, 0.78, 0.48);
79.3000; (0.23, 0.78, 0.48);
79.3034; (0.25, 0.77, 0.48);
79.3034; (0.25, 0.77, 0.48);
79.3145; (0.25, 0.77, 0.48);
79.3145; (0.26, 0.75, 0.48);
79.3200; (0.27, 0.75, 0.48);
79.3257; (0.28, 0.74, 0.48);
79.3257; (0.28, 0.74, 0.48);
79.3367; (0.28, 0.74, 0.48);
79.3367; (0.30, 0.72, 0.48);
79.3400; (0.30, 0.72, 0.48);
79.3480; (0.32, 0.70, 0.48);
79.3480; (0.32, 0.70, 0.48);
79.3593; (0.32, 0.70, 0.48);
79.3593; (0.33, 0.68, 0.48);
79.3600; (0.33, 0.68, 0.48);
79.3699; (0.35, 0.66, 0.48);
79.3699; (0.35, 0.66, 0.48);
79.3800; (0.35, 0.65, 0.48);
79.3813; (0.37, 0.63, 0.48);
79.3813; (0.37, 0.63, 0.48);
79.3927; (0.37, 0.63, 0.48);
79.3927; (0.39, 0.61, 0.48);
79.4000; (0.40, 0.61, 0.48);
79.4032; (0.42, 0.59, 0.48);
79.4032; (0.42, 0.59, 0.48);
79.4142; (0.42, 0.59, 0.48);
79.4142; (0.44, 0.57, 0.47);
79.4200; (0.44, 0.56, 0.48);
79.4257; (0.46, 0.54, 0.47);
79.4257; (0.46, 0.54, 0.47);
79.4365; (0.46, 0.54, 0.48);
79.4365; (0.48, 0.51, 0.48);
79.4400; (0.48, 0.51, 0.48);
79.4480; (0.50, 0.49, 0.48);
79.4480; (0.50, 0.49, 0.48);
79.4594; (0.50, 0.49, 0.48);
79.4594; (0.52, 0.46, 0.48);
79.4600; (0.52, 0.46, 0.49);
79.4701; (0.53, 0.43, 0.48);
79.4701; (0.53, 0.43, 0.48);
79.4800; (0.53, 0.44, 0.49);
79.4811; (0.55, 0.41, 0.48);
79.4811; (0.55, 0.41, 0.48);
79.4924; (0.55, 0.41, 0.49);
79.4924; (0.58, 0.39, 0.48);
79.5000; (0.58, 0.39, 0.49);
79.5036; (0.60, 0.37, 0.48);
79.5036; (0.60, 0.37, 0.48);
79.5145; (0.60, 0.37, 0.49);
79.5145; (0.62, 0.35, 0.48);
79.5200; (0.62, 0.35, 0.48);
79.5258; (0.64, 0.33, 0.48);
79.5258; (0.64, 0.33, 0.48);
79.5368; (0.64, 0.33, 0.48);
79.5368; (0.66, 0.31, 0.48);
79.5400; (0.66, 0.31, 0.48);
79.5477; (0.68, 0.29, 0.48);
79.5477; (0.68, 0.29, 0.48);
79.5591; (0.68, 0.29, 0.48);
79.5591; (0.70, 0.27, 0.48);
79.5600; (0.69, 0.28, 0.48);
79.5704; (0.71, 0.26, 0.48);
79.5704; (0.71, 0.26, 0.48);
79.5800; (0.71, 0.26, 0.48);
79.5818; (0.73, 0.25, 0.47);
79.5818; (0.73, 0.25, 0.47);
79.5922; (0.73, 0.25, 0.47);
79.5922; (0.75, 0.23, 0.47);
79.6000; (0.74, 0.23, 0.48);
79.6033; (0.75, 0.22, 0.48);
79.6033; (0.75, 0.22, 0.48);
79.6145; (0.75, 0.22, 0.48);
79.6145; (0.77, 0.21, 0.47);
79.6200; (0.77, 0.21, 0.47);
79.6255; (0.78, 0.19, 0.47);
79.6255; (0.78, 0.19, 0.47);
79.6369; (0.78, 0.21, 0.47);
79.6369; (0.79, 0.20, 0.46);
79.6400; (0.80, 0.20, 0.46);
79.6478; (0.81, 0.19, 0.46);
79.6478; (0.81, 0.19, 0.46);
79.6593; (0.81, 0.19, 0.46);
79.6593; (0.82, 0.18, 0.45);
79.6600; (0.81, 0.17, 0.46);
79.6702; (0.82, 0.17, 0.46);
79.6702; (0.82, 0.17, 0.46);
79.6800; (0.82, 0.17, 0.46);
79.6809; (0.83, 0.16, 0.46);
79.6809; (0.83, 0.16, 0.46);
79.6923; (0.83, 0.16, 0.46);
79.6923; (0.84, 0.15, 0.46);
79.7000; (0.84, 0.14, 0.46);
79.7033; (0.85, 0.13, 0.46);
79.7033; (0.85, 0.13, 0.46);
79.7143; (0.85, 0.15, 0.46);
79.7143; (0.85, 0.14, 0.45);
79.7200; (0.85, 0.14, 0.45);
79.7256; (0.86, 0.14, 0.45);
79.7256; (0.86, 0.14, 0.45);
79.7366; (0.86, 0.15, 0.45);
79.7366; (0.86, 0.15, 0.45);
79.7400; (0.86, 0.15, 0.45);
79.7476; (0.87, 0.14, 0.45);
79.7476; (0.87, 0.14, 0.45);
79.7590; (0.87, 0.14, 0.45);
79.7590; (0.88, 0.14, 0.45);
79.7600; (0.87, 0.14, 0.45);
79.7703; (0.88, 0.14, 0.45);
79.7703; (0.88, 0.14, 0.45);
79.7800; (0.88, 0.14, 0.45);
79.7815; (0.88, 0.14, 0.45);
79.7815; (0.88, 0.14, 0.45);
79.7923; (0.88, 0.14, 0.45);
79.7923; (0.89, 0.13, 0.45);
79.8000; (0.89, 0.14, 0.45);
79.8033; (0.89, 0.14, 0.45);
79.8033; (0.89, 0.14, 0.45);
79.8144; (0.89, 0.14, 0.45);
79.8144; (0.89, 0.14, 0.45);
79.8200; (0.89, 0.14, 0.45);
79.8258; (0.90, 0.14, 0.45);
79.8258; (0.90, 0.14, 0.45);
79.8370; (0.90, 0.13, 0.45);
79.8370; (0.90, 0.13, 0.45);
79.8400; (0.90, 0.13, 0.45);
79.8482; (0.90, 0.13, 0.45);
79.8482; (0.90, 0.13, 0.45);
79.8600; (0.91, 0.13, 0.45);
79.8614; (0.91, 0.13, 0.46);
79.8614; (0.91, 0.13, 0.46);
79.8705; (0.91, 0.13, 0.46);
79.8705; (0.91, 0.13, 0.46);
79.8800; (0.91, 0.13, 0.45);
79.8824; (0.91, 0.12, 0.46);
79.8824; (0.91, 0.12, 0.46);
79.8949; (0.91, 0.13, 0.46);
79.8949; (0.91, 0.12, 0.46);
79.9000; (0.91, 0.12, 0.46);
79.9038; (0.91, 0.12, 0.46);
79.9038; (0.91, 0.12, 0.46);
79.9147; (0.91, 0.12, 0.46);
79.9147; (0.91, 0.12, 0.46);
79.9200; (0.91, 0.12, 0.46);
79.9261; (0.91, 0.12, 0.46);
79.9261; (0.91, 0.12, 0.46);
79.9368; (0.91, 0.12, 0.46);
79.9368; (0.91, 0.12, 0.46);
79.9400; (0.91, 0.12, 0.46);
79.9481; (0.91, 0.12, 0.47);
79.9481; (0.91, 0.12, 0.47);
79.9592; (0.91, 0.12, 0.47);
79.9592; (0.91, 0.12, 0.47);
79.9600; (0.91, 0.12, 0.47);
79.9702; (0.91, 0.12, 0.47);
79.9702; (0.91, 0.12, 0.47);
79.9800; (0.91, 0.11, 0.47);
79.9812; (0.91, 0.11, 0.48);
79.9812; (0.91, 0.11, 0.48);
79.9923; (0.91, 0.12, 0.47);
79.9923; (0.91, 0.11, 0.48);
80.0000; (0.91, 0.12, 0.47);
80.0035; (0.91, 0.12, 0.48);
80.0035; (0.91, 0.12, 0.48);
80.0158; (0.91, 0.12, 0.47);
80.0158; (0.91, 0.12, 0.48);
80.0200; (0.91, 0.12, 0.48);
80.0259; (0.91, 0.12, 0.48);
80.0259; (0.91, 0.12, 0.48);
80.0369; (0.91, 0.12, 0.48);
80.0369; (0.91, 0.12, 0.48);
80.0400; (0.91, 0.12, 0.48);
80.0479; (0.91, 0.12, 0.48);
80.0479; (0.91, 0.12, 0.48);
80.0590; (0.91, 0.12, 0.48);
80.0590; (0.91, 0.12, 0.48);
80.0600; (0.91, 0.12, 0.48);
80.0703; (0.91, 0.11, 0.49);
80.0703; (0.91, 0.11, 0.49);
80.0800; (0.91, 0.11, 0.49);
80.0814; (0.91, 0.11, 0.49);
80.0814; (0.91, 0.11, 0.49);
80.0927; (0.91, 0.11, 0.49);
80.0927; (0.91, 0.11, 0.49);
80.1000; (0.91, 0.11, 0.49);
80.1033; (0.91, 0.11, 0.49);
80.1033; (0.91, 0.11, 0.49);
80.1145; (0.91, 0.11, 0.49);
80.1145; (0.90, 0.11, 0.49);
80.1200; (0.90, 0.11, 0.49);
80.1256; (0.90, 0.11, 0.49);
80.1256; (0.90, 0.11, 0.49);
80.1368; (0.90, 0.11, 0.50);
80.1368; (0.90, 0.11, 0.50);
80.1400; (0.90, 0.11, 0.50);
80.1476; (0.90, 0.11, 0.50);
80.1476; (0.90, 0.11, 0.50);
80.1589; (0.90, 0.11, 0.50);
80.1589; (0.90, 0.11, 0.50);
80.1600; (0.90, 0.11, 0.50);
80.1698; (0.90, 0.11, 0.51);
80.1698; (0.90, 0.11, 0.51);
80.1800; (0.90, 0.11, 0.50);
80.1811; (0.90, 0.11, 0.51);
80.1811; (0.90, 0.11, 0.51);
80.1925; (0.90, 0.11, 0.50);
80.1925; (0.90, 0.10, 0.51);
80.2000; (0.90, 0.11, 0.51);
80.2034; (0.90, 0.10, 0.51);
80.2034; (0.90, 0.10, 0.51);
80.2145; (0.90, 0.10, 0.51);
80.2145; (0.90, 0.10, 0.51);
80.2200; (0.90, 0.10, 0.51);
80.2255; (0.90, 0.10, 0.51);
80.2255; (0.90, 0.10, 0.51);
80.2369; (0.90, 0.10, 0.51);
80.2369; (0.90, 0.10, 0.51);
80.2400; (0.90, 0.10, 0.51);
80.2479; (0.90, 0.10, 0.51);
80.2479; (0.90, 0.10, 0.51);
80.2591; (0.90, 0.10, 0.51);
