Experiment: 7
Latency: 600
Source: (0.12, 0.08, 0.50)
SourceSize: 0.0750
Target: (0.88, 0.92, 0.50)
TargetSize: 0.0250

Trace:
time; position; button;
260.0627; (0.12, 0.06, 0.52);
260.0627; (0.12, 0.06, 0.52);
260.0731; (0.12, 0.06, 0.52);
260.0731; (0.12, 0.05, 0.52);
260.0800; (0.12, 0.05, 0.52);
260.0841; (0.12, 0.06, 0.52);
260.0841; (0.12, 0.05, 0.52);
260.0956; (0.12, 0.05, 0.52);
260.0956; (0.12, 0.05, 0.52);
260.1000; (0.12, 0.05, 0.52);
260.1066; (0.12, 0.05, 0.52);
260.1066; (0.12, 0.05, 0.52);
260.1188; (0.12, 0.05, 0.51);
260.1188; (0.12, 0.05, 0.51);
260.1200; (0.12, 0.05, 0.51);
260.1304; (0.12, 0.05, 0.51);
260.1304; (0.12, 0.05, 0.51);
260.1400; (0.12, 0.05, 0.51);
260.1401; (0.12, 0.04, 0.51);
260.1401; (0.12, 0.04, 0.51);
260.1508; (0.12, 0.04, 0.51);
260.1508; (0.12, 0.04, 0.51);
260.1600; (0.12, 0.04, 0.51);
260.1620; (0.12, 0.04, 0.51);
260.1620; (0.12, 0.04, 0.51);
260.1738; (0.12, 0.04, 0.51);
260.1738; (0.12, 0.04, 0.51);
260.1800; (0.12, 0.04, 0.51);
260.1849; (0.12, 0.04, 0.51);
260.1849; (0.12, 0.03, 0.51);
260.1966; (0.12, 0.03, 0.51);
260.1966; (0.12, 0.03, 0.51);
260.2000; (0.12, 0.03, 0.51);
260.2063; (0.12, 0.03, 0.51);
260.2063; (0.12, 0.03, 0.51);
260.2170; (0.12, 0.03, 0.51);
260.2170; (0.12, 0.03, 0.51);
260.2200; (0.12, 0.03, 0.51);
260.2291; (0.12, 0.03, 0.50);
260.2291; (0.12, 0.03, 0.50);
260.2400; (0.12, 0.03, 0.50);
260.2405; (0.12, 0.03, 0.50);
260.2405; (0.12, 0.03, 0.50);
260.2520; (0.13, 0.03, 0.49);
260.2520; (0.13, 0.03, 0.49);
260.2600; (0.13, 0.03, 0.49);
260.2630; (0.13, 0.03, 0.49);
260.2630; (0.13, 0.03, 0.49);
260.2735; (0.13, 0.03, 0.49);
260.2735; (0.13, 0.03, 0.49);
260.2800; (0.13, 0.03, 0.49);
260.2846; (0.13, 0.03, 0.49);
260.2846; (0.13, 0.02, 0.49);
260.2959; (0.13, 0.02, 0.49);
260.2959; (0.13, 0.02, 0.49);
260.3000; (0.13, 0.02, 0.49);
260.3060; (0.13, 0.02, 0.49);
260.3060; (0.13, 0.02, 0.49);
260.3170; (0.13, 0.02, 0.49);
260.3170; (0.13, 0.02, 0.49);
260.3200; (0.13, 0.02, 0.49);
260.3282; (0.13, 0.02, 0.49);
260.3282; (0.13, 0.02, 0.49);
260.3395; (0.13, 0.02, 0.49);
260.3395; (0.13, 0.02, 0.49);
260.3400; (0.13, 0.02, 0.49);
260.3501; (0.13, 0.02, 0.49);
260.3501; (0.13, 0.01, 0.49);
260.3600; (0.13, 0.01, 0.49);
260.3611; (0.13, 0.01, 0.49);
260.3611; (0.13, 0.01, 0.49);
260.3720; (0.13, 0.01, 0.49);
260.3720; (0.13, 0.01, 0.49);
260.3800; (0.13, 0.01, 0.49);
260.3833; (0.13, 0.01, 0.49);
260.3833; (0.13, 0.01, 0.49);
260.3946; (0.13, 0.01, 0.49);
260.3946; (0.13, 0.01, 0.49);
260.4000; (0.13, 0.01, 0.49);
260.4054; (0.13, 0.01, 0.49);
260.4054; (0.13, 0.01, 0.49);
260.4170; (0.13, 0.01, 0.49);
260.4170; (0.14, 0.01, 0.49);
260.4200; (0.14, 0.01, 0.49);
260.4283; (0.14, 0.01, 0.49);
260.4283; (0.14, 0.00, 0.49);
260.4387; (0.14, 0.00, 0.49);
260.4387; (0.14, 0.00, 0.49);
260.4400; (0.14, 0.00, 0.49);
260.4500; (0.14, 0.00, 0.49);
260.4500; (0.14, 0.00, 0.49);
260.4600; (0.14, 0.00, 0.49);
260.4615; (0.14, 0.00, 0.49);
260.4615; (0.14, 0.00, 0.49);
260.4727; (0.14, 0.00, 0.49);
260.4727; (0.14, 0.00, 0.49);
260.4800; (0.14, 0.00, 0.49);
260.4835; (0.14, 0.00, 0.49);
260.4835; (0.14, 0.00, 0.49);
260.4950; (0.14, 0.00, 0.49);
260.4950; (0.14, 0.00, 0.49);
260.5000; (0.14, 0.00, 0.49);
260.5054; (0.14, 0.00, 0.49);
260.5054; (0.14, 0.00, 0.49);
260.5169; (0.14, 0.00, 0.49);
260.5169; (0.14, 0.00, 0.49);
260.5200; (0.14, 0.00, 0.49);
260.5282; (0.14, 0.00, 0.49);
260.5282; (0.14, 0.00, 0.49);
260.5390; (0.14, 0.00, 0.49);
260.5390; (0.14, 0.00, 0.49);
260.5400; (0.14, 0.00, 0.49);
260.5500; (0.14, 0.00, 0.49);
260.5500; (0.14, 0.00, 0.49);
260.5600; (0.14, 0.00, 0.49);
260.5616; (0.14, 0.00, 0.49);
260.5616; (0.14, 0.00, 0.49);
260.5725; (0.14, 0.00, 0.49);
260.5725; (0.14, 0.00, 0.49);
260.5800; (0.14, 0.00, 0.49);
260.5831; (0.14, 0.00, 0.49);
260.5831; (0.14, 0.00, 0.49);
260.5945; (0.14, 0.00, 0.49);
260.5945; (0.14, 0.00, 0.49);
260.6000; (0.14, 0.00, 0.49);
260.6060; (0.14, 0.00, 0.49);
260.6060; (0.14, 0.00, 0.49);
260.6172; (0.14, 0.01, 0.49);
260.6172; (0.15, 0.01, 0.49);
260.6200; (0.15, 0.01, 0.49);
260.6284; (0.15, 0.01, 0.49);
260.6284; (0.15, 0.01, 0.49);
260.6393; (0.15, 0.01, 0.49);
260.6393; (0.15, 0.01, 0.49);
260.6400; (0.15, 0.01, 0.49);
260.6500; (0.14, 0.01, 0.48);
260.6500; (0.14, 0.02, 0.48);
260.6600; (0.14, 0.02, 0.48);
260.6618; (0.14, 0.02, 0.48);
260.6618; (0.14, 0.02, 0.48);
260.6726; (0.14, 0.02, 0.48);
260.6726; (0.14, 0.02, 0.48);
260.6800; (0.14, 0.02, 0.48);
260.6835; (0.14, 0.02, 0.49);
260.6835; (0.14, 0.02, 0.49);
260.6949; (0.14, 0.02, 0.49);
260.6949; (0.14, 0.02, 0.49);
260.7000; (0.14, 0.02, 0.49);
260.7056; (0.15, 0.02, 0.49);
260.7056; (0.15, 0.02, 0.49);
260.7166; (0.15, 0.02, 0.49);
260.7166; (0.15, 0.02, 0.49);
260.7200; (0.15, 0.02, 0.49);
260.7279; (0.15, 0.02, 0.49);
260.7279; (0.15, 0.03, 0.49);
260.7387; (0.15, 0.03, 0.49);
260.7387; (0.15, 0.03, 0.49);
260.7400; (0.15, 0.03, 0.49);
260.7499; (0.15, 0.03, 0.49);
260.7499; (0.15, 0.03, 0.49);
260.7600; (0.15, 0.03, 0.49);
260.7616; (0.15, 0.03, 0.49);
260.7616; (0.15, 0.03, 0.49);
260.7724; (0.15, 0.03, 0.49);
260.7724; (0.15, 0.03, 0.49);
260.7800; (0.15, 0.03, 0.49);
260.7834; (0.15, 0.03, 0.49);
260.7834; (0.15, 0.03, 0.49);
260.7950; (0.15, 0.03, 0.49);
260.7950; (0.15, 0.04, 0.49);
260.8000; (0.15, 0.04, 0.49);
260.8057; (0.16, 0.04, 0.49);
260.8057; (0.16, 0.04, 0.49);
260.8168; (0.16, 0.04, 0.49);
260.8168; (0.16, 0.04, 0.49);
260.8200; (0.16, 0.04, 0.49);
260.8281; (0.16, 0.04, 0.49);
260.8281; (0.16, 0.04, 0.49);
260.8386; (0.16, 0.04, 0.49);
260.8386; (0.16, 0.04, 0.49);
260.8400; (0.16, 0.04, 0.49);
260.8499; (0.16, 0.04, 0.49);
260.8499; (0.16, 0.05, 0.49);
260.8600; (0.16, 0.05, 0.49);
260.8612; (0.16, 0.04, 0.49);
260.8612; (0.16, 0.05, 0.49);
260.8720; (0.16, 0.05, 0.49);
260.8720; (0.16, 0.05, 0.49);
260.8800; (0.16, 0.05, 0.49);
260.8835; (0.16, 0.05, 0.49);
260.8835; (0.16, 0.05, 0.49);
260.8948; (0.16, 0.05, 0.49);
260.8948; (0.17, 0.05, 0.49);
260.9000; (0.17, 0.05, 0.49);
260.9059; (0.17, 0.06, 0.49);
260.9059; (0.17, 0.06, 0.48);
260.9167; (0.17, 0.06, 0.49);
260.9167; (0.17, 0.06, 0.48);
260.9200; (0.17, 0.06, 0.48);
260.9282; (0.17, 0.06, 0.49);
260.9282; (0.17, 0.07, 0.48);
260.9388; (0.18, 0.07, 0.48);
260.9388; (0.18, 0.07, 0.48);
260.9400; (0.18, 0.07, 0.48);
260.9501; (0.18, 0.07, 0.48);
260.9501; (0.18, 0.08, 0.48);
260.9600; (0.18, 0.08, 0.48);
260.9615; (0.19, 0.08, 0.48);
260.9615; (0.19, 0.08, 0.48);
260.9724; (0.19, 0.08, 0.48);
260.9724; (0.19, 0.09, 0.48);
260.9800; (0.19, 0.09, 0.48);
260.9835; (0.19, 0.09, 0.48);
260.9835; (0.19, 0.09, 0.48);
260.9946; (0.20, 0.09, 0.48);
260.9946; (0.20, 0.10, 0.48);
261.0000; (0.20, 0.10, 0.48);
261.0057; (0.20, 0.10, 0.48);
261.0057; (0.20, 0.11, 0.48);
261.0169; (0.21, 0.11, 0.48);
261.0169; (0.21, 0.11, 0.48);
261.0200; (0.21, 0.11, 0.48);
261.0281; (0.21, 0.12, 0.48);
261.0281; (0.22, 0.12, 0.47);
261.0389; (0.22, 0.12, 0.48);
261.0389; (0.22, 0.13, 0.47);
261.0400; (0.22, 0.13, 0.47);
261.0503; (0.22, 0.13, 0.47);
261.0503; (0.23, 0.14, 0.47);
261.0600; (0.23, 0.14, 0.47);
261.0611; (0.24, 0.15, 0.47);
261.0611; (0.24, 0.15, 0.47);
261.0724; (0.24, 0.15, 0.47);
261.0724; (0.24, 0.16, 0.47);
261.0800; (0.24, 0.16, 0.47);
261.0833; (0.25, 0.17, 0.46);
261.0833; (0.26, 0.18, 0.45);
261.0945; (0.26, 0.18, 0.45);
261.0945; (0.27, 0.19, 0.45);
261.1000; (0.27, 0.19, 0.45);
261.1054; (0.27, 0.19, 0.45);
261.1054; (0.27, 0.20, 0.45);
261.1167; (0.27, 0.20, 0.45);
261.1167; (0.28, 0.21, 0.45);
261.1200; (0.28, 0.21, 0.45);
261.1278; (0.28, 0.21, 0.45);
261.1278; (0.29, 0.22, 0.45);
261.1387; (0.29, 0.22, 0.45);
261.1387; (0.29, 0.23, 0.44);
261.1400; (0.29, 0.23, 0.44);
261.1502; (0.29, 0.23, 0.45);
261.1502; (0.30, 0.24, 0.44);
261.1600; (0.30, 0.24, 0.44);
261.1613; (0.31, 0.25, 0.44);
261.1613; (0.31, 0.25, 0.44);
261.1720; (0.31, 0.25, 0.44);
261.1720; (0.32, 0.27, 0.44);
261.1800; (0.32, 0.27, 0.44);
261.1838; (0.32, 0.27, 0.44);
261.1838; (0.32, 0.28, 0.44);
261.1947; (0.32, 0.28, 0.44);
261.1947; (0.33, 0.29, 0.44);
261.2000; (0.33, 0.29, 0.44);
261.2057; (0.33, 0.29, 0.44);
261.2057; (0.34, 0.30, 0.44);
261.2170; (0.34, 0.30, 0.44);
261.2170; (0.35, 0.31, 0.44);
261.2200; (0.35, 0.31, 0.44);
261.2282; (0.35, 0.31, 0.44);
261.2282; (0.36, 0.32, 0.43);
261.2392; (0.36, 0.32, 0.43);
261.2392; (0.37, 0.33, 0.43);
261.2400; (0.37, 0.33, 0.43);
261.2502; (0.36, 0.33, 0.43);
261.2502; (0.37, 0.34, 0.43);
261.2600; (0.37, 0.34, 0.43);
261.2623; (0.38, 0.35, 0.43);
261.2623; (0.38, 0.35, 0.43);
261.2722; (0.38, 0.36, 0.43);
261.2722; (0.39, 0.37, 0.42);
261.2800; (0.39, 0.37, 0.42);
261.2834; (0.39, 0.37, 0.43);
261.2834; (0.40, 0.38, 0.42);
261.2950; (0.40, 0.38, 0.42);
261.2950; (0.41, 0.39, 0.42);
261.3000; (0.41, 0.39, 0.42);
261.3058; (0.41, 0.39, 0.42);
261.3058; (0.42, 0.40, 0.42);
261.3170; (0.42, 0.40, 0.42);
261.3170; (0.42, 0.41, 0.42);
261.3200; (0.42, 0.41, 0.42);
261.3282; (0.42, 0.41, 0.42);
261.3282; (0.43, 0.42, 0.41);
261.3392; (0.43, 0.42, 0.42);
261.3392; (0.44, 0.44, 0.41);
261.3400; (0.44, 0.44, 0.41);
261.3501; (0.44, 0.43, 0.41);
261.3501; (0.45, 0.45, 0.41);
261.3600; (0.45, 0.45, 0.40);
261.3612; (0.46, 0.46, 0.40);
261.3612; (0.46, 0.46, 0.40);
261.3725; (0.46, 0.46, 0.40);
261.3725; (0.47, 0.47, 0.39);
261.3800; (0.47, 0.47, 0.39);
261.3834; (0.47, 0.47, 0.39);
261.3834; (0.48, 0.48, 0.39);
261.3947; (0.47, 0.48, 0.39);
261.3947; (0.48, 0.49, 0.38);
261.4000; (0.48, 0.49, 0.38);
261.4058; (0.48, 0.49, 0.38);
261.4058; (0.49, 0.50, 0.38);
261.4168; (0.49, 0.50, 0.38);
261.4168; (0.50, 0.51, 0.38);
261.4200; (0.50, 0.51, 0.38);
261.4279; (0.50, 0.51, 0.38);
261.4279; (0.50, 0.52, 0.37);
261.4386; (0.50, 0.52, 0.38);
261.4386; (0.51, 0.53, 0.37);
261.4400; (0.51, 0.53, 0.37);
261.4503; (0.51, 0.53, 0.37);
261.4503; (0.51, 0.54, 0.37);
261.4600; (0.51, 0.54, 0.37);
261.4609; (0.52, 0.55, 0.37);
261.4609; (0.52, 0.55, 0.37);
261.4724; (0.52, 0.55, 0.37);
261.4724; (0.52, 0.56, 0.37);
261.4800; (0.52, 0.56, 0.37);
261.4830; (0.53, 0.56, 0.37);
261.4830; (0.53, 0.57, 0.37);
261.4949; (0.53, 0.57, 0.37);
261.4949; (0.54, 0.58, 0.37);
261.5000; (0.54, 0.58, 0.37);
261.5052; (0.54, 0.58, 0.37);
261.5052; (0.54, 0.59, 0.37);
261.5169; (0.54, 0.59, 0.37);
261.5169; (0.55, 0.59, 0.37);
261.5200; (0.55, 0.59, 0.37);
261.5280; (0.55, 0.59, 0.37);
261.5280; (0.56, 0.60, 0.37);
261.5389; (0.56, 0.60, 0.37);
261.5389; (0.56, 0.61, 0.37);
261.5400; (0.56, 0.61, 0.37);
261.5508; (0.56, 0.61, 0.37);
261.5508; (0.57, 0.62, 0.37);
261.5600; (0.57, 0.62, 0.37);
261.5613; (0.58, 0.63, 0.37);
261.5613; (0.58, 0.63, 0.37);
261.5719; (0.58, 0.63, 0.37);
261.5719; (0.58, 0.64, 0.36);
261.5800; (0.58, 0.64, 0.36);
261.5834; (0.58, 0.64, 0.36);
261.5834; (0.59, 0.65, 0.36);
261.5947; (0.59, 0.65, 0.37);
261.5947; (0.60, 0.66, 0.37);
261.6000; (0.60, 0.66, 0.37);
261.6052; (0.60, 0.66, 0.37);
261.6052; (0.61, 0.67, 0.37);
261.6168; (0.61, 0.67, 0.37);
261.6168; (0.62, 0.68, 0.37);
261.6200; (0.62, 0.68, 0.37);
261.6278; (0.62, 0.68, 0.37);
261.6278; (0.62, 0.69, 0.37);
261.6388; (0.62, 0.69, 0.37);
261.6388; (0.63, 0.69, 0.37);
261.6400; (0.63, 0.69, 0.37);
261.6497; (0.63, 0.69, 0.37);
261.6497; (0.64, 0.70, 0.37);
261.6600; (0.64, 0.70, 0.37);
261.6610; (0.65, 0.71, 0.37);
261.6610; (0.65, 0.71, 0.37);
261.6722; (0.65, 0.71, 0.37);
261.6722; (0.65, 0.71, 0.37);
261.6800; (0.65, 0.71, 0.37);
261.6836; (0.65, 0.71, 0.37);
261.6836; (0.66, 0.72, 0.37);
261.6948; (0.66, 0.72, 0.37);
261.6948; (0.67, 0.72, 0.37);
261.7000; (0.67, 0.72, 0.37);
261.7056; (0.67, 0.72, 0.37);
261.7056; (0.67, 0.73, 0.37);
261.7168; (0.67, 0.73, 0.38);
261.7168; (0.68, 0.73, 0.38);
261.7200; (0.68, 0.73, 0.38);
261.7281; (0.68, 0.73, 0.38);
261.7281; (0.69, 0.74, 0.38);
261.7387; (0.69, 0.74, 0.38);
261.7387; (0.69, 0.74, 0.38);
261.7400; (0.69, 0.74, 0.38);
261.7500; (0.69, 0.74, 0.38);
261.7500; (0.70, 0.75, 0.38);
261.7600; (0.70, 0.75, 0.38);
261.7612; (0.71, 0.75, 0.38);
261.7612; (0.71, 0.75, 0.38);
261.7722; (0.71, 0.75, 0.38);
261.7722; (0.71, 0.76, 0.38);
261.7800; (0.71, 0.76, 0.38);
261.7833; (0.71, 0.76, 0.38);
261.7833; (0.72, 0.76, 0.38);
261.7943; (0.72, 0.76, 0.38);
261.7943; (0.72, 0.76, 0.38);
261.8000; (0.72, 0.76, 0.38);
261.8053; (0.72, 0.76, 0.38);
261.8053; (0.73, 0.77, 0.38);
261.8168; (0.73, 0.77, 0.39);
261.8168; (0.73, 0.77, 0.39);
261.8200; (0.73, 0.77, 0.39);
261.8279; (0.73, 0.77, 0.39);
261.8279; (0.74, 0.77, 0.39);
261.8389; (0.74, 0.77, 0.39);
261.8389; (0.75, 0.78, 0.39);
261.8400; (0.75, 0.78, 0.39);
261.8497; (0.75, 0.78, 0.39);
261.8497; (0.75, 0.78, 0.39);
261.8600; (0.75, 0.78, 0.39);
261.8611; (0.76, 0.78, 0.39);
261.8611; (0.76, 0.78, 0.39);
261.8719; (0.76, 0.78, 0.39);
261.8719; (0.76, 0.79, 0.39);
261.8800; (0.76, 0.79, 0.39);
261.8831; (0.76, 0.79, 0.39);
261.8831; (0.77, 0.79, 0.39);
261.8947; (0.77, 0.79, 0.39);
261.8947; (0.77, 0.79, 0.39);
261.9000; (0.77, 0.79, 0.39);
261.9052; (0.77, 0.79, 0.39);
261.9052; (0.77, 0.80, 0.39);
261.9164; (0.77, 0.80, 0.39);
261.9164; (0.78, 0.80, 0.39);
261.9200; (0.78, 0.80, 0.39);
261.9281; (0.78, 0.80, 0.39);
261.9281; (0.78, 0.80, 0.39);
261.9390; (0.78, 0.81, 0.39);
261.9390; (0.79, 0.81, 0.39);
261.9400; (0.79, 0.81, 0.39);
261.9501; (0.79, 0.81, 0.39);
261.9501; (0.79, 0.81, 0.39);
261.9600; (0.79, 0.81, 0.39);
261.9614; (0.80, 0.81, 0.39);
261.9614; (0.80, 0.81, 0.39);
261.9723; (0.80, 0.81, 0.39);
261.9723; (0.80, 0.82, 0.39);
261.9800; (0.80, 0.82, 0.39);
261.9836; (0.80, 0.82, 0.39);
261.9836; (0.81, 0.82, 0.39);
261.9943; (0.81, 0.82, 0.39);
261.9943; (0.81, 0.82, 0.39);
262.0000; (0.81, 0.82, 0.39);
262.0058; (0.81, 0.82, 0.39);
262.0058; (0.82, 0.82, 0.39);
262.0169; (0.82, 0.82, 0.39);
262.0169; (0.82, 0.83, 0.39);
262.0200; (0.82, 0.83, 0.39);
262.0281; (0.82, 0.83, 0.39);
262.0281; (0.83, 0.83, 0.39);
262.0390; (0.83, 0.83, 0.39);
262.0390; (0.83, 0.83, 0.39);
262.0400; (0.83, 0.83, 0.39);
262.0501; (0.83, 0.83, 0.39);
262.0501; (0.83, 0.83, 0.39);
262.0600; (0.83, 0.83, 0.40);
262.0615; (0.84, 0.83, 0.40);
262.0615; (0.84, 0.83, 0.40);
262.0724; (0.84, 0.83, 0.39);
262.0724; (0.84, 0.84, 0.40);
262.0800; (0.84, 0.84, 0.40);
262.0832; (0.84, 0.84, 0.39);
262.0832; (0.84, 0.84, 0.40);
262.0943; (0.84, 0.84, 0.40);
262.0943; (0.85, 0.84, 0.40);
262.1000; (0.85, 0.84, 0.40);
262.1053; (0.85, 0.84, 0.39);
262.1053; (0.85, 0.85, 0.40);
262.1169; (0.85, 0.85, 0.39);
262.1169; (0.85, 0.85, 0.40);
262.1200; (0.85, 0.85, 0.40);
262.1282; (0.85, 0.85, 0.40);
262.1282; (0.86, 0.85, 0.40);
262.1390; (0.86, 0.85, 0.39);
262.1390; (0.86, 0.85, 0.39);
262.1400; (0.86, 0.85, 0.39);
262.1502; (0.86, 0.85, 0.39);
262.1502; (0.86, 0.86, 0.39);
262.1600; (0.86, 0.86, 0.40);
262.1613; (0.86, 0.86, 0.40);
262.1613; (0.86, 0.86, 0.40);
262.1721; (0.86, 0.86, 0.39);
262.1721; (0.87, 0.86, 0.40);
262.1800; (0.87, 0.86, 0.40);
262.1830; (0.87, 0.86, 0.39);
262.1830; (0.87, 0.86, 0.39);
262.1942; (0.87, 0.86, 0.39);
262.1942; (0.87, 0.86, 0.40);
262.2000; (0.87, 0.86, 0.40);
262.2057; (0.87, 0.86, 0.40);
262.2057; (0.87, 0.87, 0.40);
262.2169; (0.87, 0.87, 0.38);
262.2169; (0.88, 0.87, 0.38);
262.2200; (0.88, 0.87, 0.38);
262.2282; (0.88, 0.87, 0.38);
262.2282; (0.88, 0.87, 0.38);
262.2392; (0.88, 0.87, 0.38);
262.2392; (0.88, 0.87, 0.38);
262.2400; (0.88, 0.87, 0.38);
262.2500; (0.88, 0.87, 0.38);
262.2500; (0.88, 0.87, 0.38);
262.2600; (0.88, 0.88, 0.38);
262.2612; (0.89, 0.88, 0.38);
262.2612; (0.89, 0.88, 0.38);
262.2723; (0.89, 0.88, 0.38);
262.2723; (0.89, 0.88, 0.38);
262.2800; (0.89, 0.88, 0.38);
262.2833; (0.89, 0.88, 0.38);
262.2833; (0.89, 0.88, 0.38);
262.2947; (0.89, 0.88, 0.38);
262.2947; (0.89, 0.89, 0.38);
262.3000; (0.89, 0.89, 0.38);
262.3057; (0.89, 0.89, 0.38);
262.3057; (0.89, 0.89, 0.38);
262.3170; (0.89, 0.89, 0.38);
262.3170; (0.89, 0.89, 0.38);
262.3200; (0.89, 0.89, 0.38);
262.3282; (0.89, 0.89, 0.38);
262.3282; (0.90, 0.89, 0.38);
262.3391; (0.90, 0.89, 0.38);
262.3391; (0.90, 0.89, 0.38);
262.3400; (0.90, 0.89, 0.38);
262.3503; (0.90, 0.89, 0.38);
262.3503; (0.90, 0.89, 0.38);
262.3600; (0.90, 0.89, 0.39);
262.3615; (0.90, 0.89, 0.39);
262.3615; (0.90, 0.89, 0.39);
262.3723; (0.90, 0.89, 0.39);
262.3723; (0.91, 0.90, 0.39);
262.3800; (0.91, 0.90, 0.39);
262.3835; (0.91, 0.90, 0.39);
262.3835; (0.91, 0.90, 0.39);
262.3947; (0.91, 0.90, 0.39);
262.3947; (0.91, 0.90, 0.39);
262.4000; (0.91, 0.90, 0.39);
262.4055; (0.91, 0.90, 0.39);
262.4055; (0.91, 0.90, 0.40);
262.4169; (0.91, 0.90, 0.39);
262.4169; (0.91, 0.91, 0.39);
262.4200; (0.91, 0.91, 0.39);
262.4282; (0.91, 0.91, 0.39);
262.4282; (0.91, 0.91, 0.40);
262.4392; (0.91, 0.91, 0.40);
262.4392; (0.92, 0.91, 0.40);
262.4400; (0.92, 0.91, 0.40);
262.4500; (0.92, 0.91, 0.40);
262.4500; (0.92, 0.91, 0.40);
262.4600; (0.92, 0.91, 0.40);
262.4613; (0.92, 0.91, 0.40);
262.4613; (0.92, 0.91, 0.40);
262.4723; (0.92, 0.91, 0.41);
262.4723; (0.92, 0.91, 0.41);
262.4800; (0.92, 0.91, 0.41);
262.4839; (0.92, 0.91, 0.41);
262.4839; (0.92, 0.91, 0.41);
262.4949; (0.92, 0.91, 0.41);
262.4949; (0.92, 0.91, 0.41);
262.5000; (0.92, 0.91, 0.41);
262.5057; (0.92, 0.91, 0.41);
262.5057; (0.92, 0.91, 0.41);
262.5167; (0.92, 0.91, 0.41);
262.5167; (0.92, 0.91, 0.41);
262.5200; (0.92, 0.91, 0.41);
262.5280; (0.92, 0.91, 0.41);
262.5280; (0.93, 0.91, 0.41);
262.5389; (0.93, 0.91, 0.42);
262.5389; (0.93, 0.91, 0.42);
262.5400; (0.93, 0.91, 0.42);
262.5503; (0.93, 0.91, 0.42);
262.5503; (0.93, 0.91, 0.42);
262.5600; (0.93, 0.91, 0.42);
262.5616; (0.93, 0.91, 0.42);
262.5616; (0.93, 0.91, 0.42);
262.5719; (0.93, 0.91, 0.42);
262.5719; (0.93, 0.91, 0.43);
262.5800; (0.93, 0.91, 0.43);
262.5835; (0.93, 0.91, 0.43);
262.5835; (0.94, 0.92, 0.43);
262.5947; (0.94, 0.92, 0.43);
262.5947; (0.94, 0.92, 0.43);
262.6000; (0.94, 0.92, 0.43);
262.6055; (0.94, 0.92, 0.43);
262.6055; (0.94, 0.92, 0.43);
262.6168; (0.94, 0.92, 0.43);
262.6168; (0.94, 0.92, 0.44);
262.6200; (0.94, 0.92, 0.44);
262.6282; (0.94, 0.92, 0.44);
262.6282; (0.94, 0.92, 0.44);
262.6389; (0.94, 0.92, 0.44);
262.6389; (0.94, 0.92, 0.44);
262.6400; (0.94, 0.92, 0.44);
262.6500; (0.94, 0.92, 0.44);
262.6500; (0.94, 0.92, 0.45);
262.6600; (0.94, 0.92, 0.44);
262.6614; (0.94, 0.93, 0.45);
262.6614; (0.94, 0.93, 0.45);
262.6724; (0.94, 0.93, 0.44);
262.6724; (0.94, 0.93, 0.44);
262.6800; (0.94, 0.93, 0.44);
262.6831; (0.94, 0.93, 0.44);
262.6831; (0.95, 0.93, 0.44);
262.6945; (0.95, 0.93, 0.44);
262.6945; (0.95, 0.94, 0.44);
262.7000; (0.95, 0.94, 0.44);
262.7056; (0.95, 0.94, 0.45);
262.7056; (0.95, 0.94, 0.45);
262.7168; (0.95, 0.94, 0.45);
262.7168; (0.95, 0.94, 0.45);
262.7200; (0.95, 0.94, 0.45);
262.7279; (0.95, 0.94, 0.45);
262.7279; (0.95, 0.94, 0.45);
262.7388; (0.95, 0.94, 0.45);
262.7388; (0.95, 0.94, 0.45);
262.7400; (0.95, 0.94, 0.45);
262.7502; (0.95, 0.94, 0.45);
262.7502; (0.95, 0.94, 0.45);
262.7600; (0.95, 0.94, 0.45);
262.7608; (0.95, 0.94, 0.45);
262.7608; (0.95, 0.94, 0.45);
262.7724; (0.95, 0.94, 0.45);
262.7724; (0.95, 0.94, 0.45);
262.7800; (0.95, 0.94, 0.45);
262.7831; (0.95, 0.94, 0.45);
262.7831; (0.95, 0.94, 0.45);
262.7943; (0.95, 0.94, 0.46);
262.7943; (0.95, 0.94, 0.46);
262.8000; (0.95, 0.94, 0.46);
262.8055; (0.95, 0.95, 0.46);
262.8055; (0.95, 0.95, 0.46);
262.8167; (0.95, 0.95, 0.46);
262.8167; (0.95, 0.95, 0.46);
262.8200; (0.95, 0.95, 0.46);
262.8278; (0.95, 0.95, 0.46);
262.8278; (0.95, 0.95, 0.46);
262.8389; (0.95, 0.95, 0.46);
262.8389; (0.95, 0.95, 0.46);
262.8400; (0.95, 0.95, 0.46);
262.8498; (0.95, 0.95, 0.46);
262.8498; (0.95, 0.95, 0.46);
262.8600; (0.95, 0.95, 0.46);
262.8612; (0.95, 0.95, 0.46);
262.8612; (0.95, 0.95, 0.46);
262.8724; (0.95, 0.95, 0.46);
262.8724; (0.94, 0.95, 0.47);
262.8800; (0.94, 0.95, 0.47);
262.8834; (0.95, 0.95, 0.47);
262.8834; (0.94, 0.95, 0.47);
262.8943; (0.95, 0.95, 0.47);
262.8943; (0.94, 0.95, 0.47);
262.9000; (0.94, 0.95, 0.47);
262.9052; (0.95, 0.95, 0.47);
262.9052; (0.95, 0.95, 0.47);
262.9167; (0.95, 0.95, 0.47);
262.9167; (0.95, 0.95, 0.48);
262.9200; (0.95, 0.95, 0.48);
262.9276; (0.95, 0.95, 0.48);
262.9276; (0.95, 0.95, 0.48);
262.9390; (0.95, 0.95, 0.48);
262.9390; (0.95, 0.96, 0.48);
262.9400; (0.95, 0.96, 0.48);
262.9498; (0.95, 0.95, 0.47);
262.9498; (0.95, 0.95, 0.47);
262.9600; (0.95, 0.95, 0.47);
262.9609; (0.95, 0.95, 0.47);
262.9609; (0.95, 0.95, 0.47);
262.9719; (0.94, 0.95, 0.47);
262.9719; (0.94, 0.95, 0.48);
262.9800; (0.94, 0.95, 0.48);
262.9833; (0.95, 0.95, 0.48);
262.9833; (0.94, 0.95, 0.48);
262.9947; (0.94, 0.95, 0.48);
262.9947; (0.94, 0.95, 0.48);
263.0000; (0.94, 0.95, 0.48);
263.0054; (0.94, 0.95, 0.48);
263.0054; (0.94, 0.95, 0.48);
263.0168; (0.94, 0.95, 0.48);
263.0168; (0.94, 0.95, 0.48);
263.0200; (0.94, 0.95, 0.48);
263.0279; (0.94, 0.95, 0.48);
263.0279; (0.94, 0.95, 0.48);
263.0387; (0.94, 0.95, 0.48);
263.0387; (0.94, 0.95, 0.48);
263.0400; (0.94, 0.95, 0.48);
263.0500; (0.94, 0.95, 0.49);
263.0500; (0.94, 0.95, 0.49);
263.0600; (0.94, 0.95, 0.49);
263.0614; (0.94, 0.95, 0.49);
263.0614; (0.94, 0.95, 0.49);
263.0726; (0.94, 0.95, 0.49);
263.0726; (0.93, 0.95, 0.49);
263.0800; (0.93, 0.95, 0.49);
263.0833; (0.93, 0.95, 0.49);
263.0833; (0.93, 0.95, 0.49);
263.0943; (0.93, 0.95, 0.49);
263.0943; (0.93, 0.95, 0.49);
263.1000; (0.93, 0.95, 0.49);
263.1057; (0.93, 0.95, 0.49);
263.1057; (0.93, 0.95, 0.49);
263.1167; (0.93, 0.95, 0.49);
263.1167; (0.93, 0.95, 0.49);
263.1200; (0.93, 0.95, 0.49);
263.1276; (0.93, 0.95, 0.50);
263.1276; (0.93, 0.95, 0.50);
263.1387; (0.93, 0.95, 0.50);
263.1387; (0.93, 0.95, 0.50);
263.1400; (0.93, 0.95, 0.50);
263.1497; (0.93, 0.95, 0.50);
263.1497; (0.93, 0.95, 0.50);
263.1600; (0.92, 0.95, 0.50);
263.1608; (0.92, 0.94, 0.50);
263.1608; (0.92, 0.94, 0.50);
263.1724; (0.92, 0.94, 0.50);
263.1724; (0.92, 0.94, 0.50);
263.1800; (0.92, 0.94, 0.50);
263.1831; (0.92, 0.94, 0.50);
263.1831; (0.92, 0.94, 0.50);
263.1947; (0.92, 0.94, 0.50);
263.1947; (0.92, 0.94, 0.50);
263.2000; (0.92, 0.94, 0.50);
263.2052; (0.92, 0.94, 0.50);
263.2052; (0.92, 0.94, 0.50);
263.2169; (0.92, 0.94, 0.50);
263.2169; (0.92, 0.94, 0.50);
263.2200; (0.92, 0.94, 0.50);
263.2280; (0.92, 0.94, 0.50);
263.2280; (0.92, 0.94, 0.50);
263.2390; (0.92, 0.93, 0.50);
263.2390; (0.92, 0.93, 0.50);
263.2400; (0.92, 0.93, 0.50);
263.2502; (0.92, 0.93, 0.50);
263.2502; (0.92, 0.93, 0.50);
263.2600; (0.92, 0.93, 0.50);
263.2613; (0.92, 0.93, 0.50);
263.2613; (0.92, 0.93, 0.50);
263.2726; (0.92, 0.93, 0.50);
263.2726; (0.91, 0.93, 0.50);
263.2800; (0.91, 0.93, 0.50);
263.2834; (0.91, 0.93, 0.50);
263.2834; (0.91, 0.92, 0.50);
263.2944; (0.91, 0.92, 0.50);
263.2944; (0.91, 0.92, 0.50);
263.3000; (0.91, 0.92, 0.50);
263.3059; (0.91, 0.92, 0.50);
263.3059; (0.91, 0.92, 0.50);
263.3169; (0.91, 0.92, 0.50);
263.3169; (0.91, 0.92, 0.50);
263.3200; (0.91, 0.92, 0.50);
263.3282; (0.91, 0.92, 0.50);
263.3282; (0.91, 0.92, 0.50);
263.3393; (0.91, 0.92, 0.50);
263.3393; (0.91, 0.92, 0.50);
263.3400; (0.91, 0.92, 0.50);
263.3505; (0.91, 0.91, 0.50);
263.3505; (0.91, 0.91, 0.50);
263.3600; (0.91, 0.91, 0.50);
263.3609; (0.91, 0.91, 0.50);
263.3609; (0.91, 0.91, 0.50);
263.3726; (0.90, 0.91, 0.50);
263.3726; (0.90, 0.91, 0.50);
263.3800; (0.90, 0.91, 0.50);
263.3832; (0.90, 0.91, 0.50);
263.3832; (0.90, 0.91, 0.49);
263.3944; (0.90, 0.91, 0.50);
263.3944; (0.90, 0.91, 0.50);
263.4000; (0.90, 0.91, 0.50);
263.4058; (0.90, 0.91, 0.50);
263.4058; (0.90, 0.91, 0.50);
263.4169; (0.90, 0.91, 0.50);
263.4169; (0.90, 0.91, 0.50);
263.4200; (0.90, 0.91, 0.50);
263.4283; (0.90, 0.91, 0.50);
263.4283; (0.90, 0.90, 0.50);
263.4391; (0.90, 0.90, 0.50);
263.4391; (0.90, 0.90, 0.50);
263.4400; (0.90, 0.90, 0.50);
263.4501; (0.90, 0.90, 0.50);
263.4501; (0.90, 0.90, 0.50);
263.4600; (0.90, 0.90, 0.50);
263.4617; (0.90, 0.90, 0.50);
263.4617; (0.90, 0.90, 0.50);
263.4721; (0.90, 0.90, 0.50);
263.4721; (0.90, 0.90, 0.50);
263.4800; (0.90, 0.90, 0.50);
263.4835; (0.90, 0.90, 0.50);
263.4835; (0.90, 0.90, 0.50);
263.4949; (0.90, 0.90, 0.50);
263.4949; (0.90, 0.90, 0.50);
263.5000; (0.90, 0.90, 0.50);
263.5059; (0.90, 0.90, 0.50);
263.5059; (0.90, 0.90, 0.50);
263.5168; (0.89, 0.90, 0.50);
263.5168; (0.89, 0.90, 0.50);
263.5200; (0.89, 0.90, 0.50);
263.5278; (0.89, 0.90, 0.50);
263.5278; (0.89, 0.90, 0.50);
263.5393; (0.89, 0.90, 0.50);
263.5393; (0.89, 0.90, 0.50);
263.5400; (0.89, 0.90, 0.50);
263.5508; (0.89, 0.90, 0.50);
263.5508; (0.89, 0.90, 0.50);
263.5600; (0.89, 0.90, 0.50);
263.5612; (0.89, 0.90, 0.50);
263.5612; (0.89, 0.90, 0.50);
263.5726; (0.89, 0.90, 0.50);
263.5726; (0.89, 0.90, 0.50);
263.5800; (0.89, 0.90, 0.50);
263.5834; (0.89, 0.90, 0.50);
263.5834; (0.89, 0.90, 0.50);
263.5944; (0.89, 0.90, 0.50);
263.5944; (0.89, 0.90, 0.50);
263.6000; (0.89, 0.90, 0.50);
263.6057; (0.89, 0.90, 0.50);
263.6057; (0.89, 0.90, 0.50);
263.6170; (0.90, 0.90, 0.50);
263.6170; (0.90, 0.90, 0.50);
263.6200; (0.90, 0.90, 0.50);
263.6281; (0.89, 0.90, 0.50);
263.6281; (0.90, 0.90, 0.50);
263.6386; (0.90, 0.90, 0.50);
263.6386; (0.90, 0.90, 0.50);
263.6400; (0.90, 0.90, 0.50);
263.6501; (0.89, 0.90, 0.50);
263.6501; (0.89, 0.90, 0.50);
263.6600; (0.89, 0.90, 0.50);
263.6609; (0.89, 0.90, 0.50);
263.6609; (0.89, 0.90, 0.50);
263.6724; (0.89, 0.90, 0.50);
263.6724; (0.89, 0.90, 0.50);
263.6800; (0.89, 0.90, 0.50);
263.6834; (0.89, 0.89, 0.50);
263.6834; (0.89, 0.89, 0.51);
263.6944; (0.89, 0.89, 0.51);
263.6944; (0.89, 0.89, 0.51);
263.7000; (0.89, 0.89, 0.51);
263.7057; (0.89, 0.89, 0.51);
263.7057; (0.89, 0.89, 0.51);
263.7165; (0.89, 0.89, 0.51);
263.7165; (0.90, 0.89, 0.51);
263.7200; (0.90, 0.89, 0.51);
263.7280; (0.90, 0.89, 0.51);
263.7280; (0.90, 0.89, 0.51);
263.7390; (0.90, 0.89, 0.51);
263.7390; (0.90, 0.89, 0.51);
263.7400; (0.90, 0.89, 0.51);
263.7501; (0.90, 0.89, 0.51);
263.7501; (0.90, 0.89, 0.51);
263.7600; (0.90, 0.89, 0.51);
263.7609; (0.90, 0.89, 0.51);
263.7609; (0.90, 0.89, 0.51);
263.7723; (0.90, 0.89, 0.51);
263.7723; (0.90, 0.89, 0.51);
263.7800; (0.90, 0.89, 0.51);
263.7835; (0.90, 0.89, 0.51);
263.7835; (0.90, 0.89, 0.51);
263.7943; (0.89, 0.89, 0.51);
263.7943; (0.89, 0.89, 0.51);
263.8000; (0.89, 0.89, 0.51);
263.8057; (0.89, 0.89, 0.51);
263.8057; (0.89, 0.89, 0.51);
263.8170; (0.89, 0.89, 0.51);
263.8170; (0.89, 0.89, 0.51);
263.8200; (0.89, 0.89, 0.51);
263.8279; (0.89, 0.89, 0.51);
263.8279; (0.89, 0.89, 0.51);
263.8391; (0.89, 0.89, 0.51);
263.8391; (0.89, 0.89, 0.51);
263.8400; (0.89, 0.89, 0.51);
263.8502; (0.90, 0.89, 0.51);
263.8502; (0.90, 0.89, 0.51);
263.8600; (0.90, 0.89, 0.51);
263.8610; (0.90, 0.89, 0.51);
263.8610; (0.90, 0.89, 0.51);
263.8719; (0.90, 0.89, 0.51);
263.8719; (0.89, 0.89, 0.51);
263.8800; (0.89, 0.89, 0.51);
263.8833; (0.89, 0.89, 0.51);
263.8833; (0.89, 0.89, 0.51);
263.8943; (0.89, 0.89, 0.51);
263.8943; (0.89, 0.89, 0.51);
263.9000; (0.89, 0.89, 0.51);
263.9057; (0.89, 0.89, 0.51);
263.9057; (0.89, 0.89, 0.52);
263.9168; (0.89, 0.89, 0.51);
263.9168; (0.89, 0.89, 0.51);
263.9200; (0.89, 0.89, 0.51);
263.9281; (0.89, 0.89, 0.51);
263.9281; (0.89, 0.88, 0.52);
263.9390; (0.89, 0.89, 0.51);
263.9390; (0.89, 0.89, 0.51);
263.9400; (0.89, 0.89, 0.51);
263.9497; (0.89, 0.89, 0.51);
263.9497; (0.89, 0.89, 0.51);
263.9600; (0.89, 0.89, 0.51);
263.9610; (0.89, 0.89, 0.51);
263.9610; (0.89, 0.89, 0.51);
263.9722; (0.89, 0.89, 0.51);
263.9722; (0.89, 0.89, 0.51);
263.9800; (0.89, 0.89, 0.51);
263.9831; (0.89, 0.89, 0.51);
263.9831; (0.89, 0.89, 0.51);
263.9948; (0.89, 0.89, 0.51);
263.9948; (0.89, 0.89, 0.52);
264.0000; (0.89, 0.89, 0.52);
264.0056; (0.89, 0.89, 0.51);
264.0056; (0.89, 0.89, 0.51);
264.0170; (0.89, 0.89, 0.51);
264.0170; (0.89, 0.89, 0.51);
264.0200; (0.89, 0.89, 0.51);
264.0282; (0.89, 0.89, 0.51);
264.0282; (0.89, 0.89, 0.51);
264.0389; (0.88, 0.89, 0.51);
264.0389; (0.88, 0.88, 0.51);
264.0400; (0.88, 0.88, 0.51);
264.0501; (0.88, 0.88, 0.52);
264.0501; (0.88, 0.88, 0.52);
264.0600; (0.88, 0.88, 0.52);
264.0611; (0.88, 0.88, 0.52);
264.0611; (0.88, 0.88, 0.52);
264.0720; (0.88, 0.89, 0.52);
264.0720; (0.88, 0.88, 0.52);
264.0800; (0.88, 0.88, 0.52);
264.0834; (0.88, 0.89, 0.52);
264.0834; (0.88, 0.89, 0.52);
264.0948; (0.88, 0.89, 0.52);
264.0948; (0.88, 0.89, 0.52);
264.1000; (0.88, 0.89, 0.52);
264.1057; (0.88, 0.88, 0.51);
264.1057; (0.88, 0.88, 0.51);
264.1168; (0.88, 0.88, 0.50);
264.1168; (0.88, 0.88, 0.50);
264.1200; (0.88, 0.88, 0.50);
264.1279; (0.88, 0.88, 0.50);
264.1279; (0.88, 0.88, 0.50);
264.1386; (0.88, 0.88, 0.50);
264.1386; (0.88, 0.88, 0.50);
264.1400; (0.88, 0.88, 0.50);
264.1504; (0.88, 0.88, 0.50);
264.1504; (0.88, 0.89, 0.50);
264.1600; (0.88, 0.89, 0.50);
264.1608; (0.88, 0.89, 0.50);
264.1608; (0.88, 0.89, 0.50);
264.1723; (0.88, 0.89, 0.50);
264.1723; (0.88, 0.89, 0.50);
264.1800; (0.88, 0.89, 0.50);
264.1832; (0.88, 0.89, 0.50);
264.1832; (0.88, 0.89, 0.50);
264.1946; (0.88, 0.89, 0.50);
264.1946; (0.87, 0.89, 0.50);
264.2000; (0.87, 0.89, 0.50);
264.2057; (0.87, 0.89, 0.50);
264.2057; (0.87, 0.89, 0.50);
264.2167; (0.88, 0.89, 0.50);
264.2167; (0.87, 0.89, 0.50);
264.2200; (0.87, 0.89, 0.50);
264.2280; (0.87, 0.89, 0.50);
264.2280; (0.87, 0.89, 0.50);
264.2393; (0.87, 0.89, 0.50);
264.2393; (0.87, 0.89, 0.50);
264.2400; (0.87, 0.89, 0.50);
264.2504; (0.87, 0.89, 0.50);
264.2504; (0.87, 0.89, 0.49);
264.2600; (0.87, 0.89, 0.50);
264.2612; (0.87, 0.89, 0.49);
264.2612; (0.87, 0.89, 0.49);
264.2720; (0.87, 0.89, 0.49);
264.2720; (0.87, 0.89, 0.49);
264.2800; (0.87, 0.89, 0.49);
264.2835; (0.87, 0.89, 0.49);
264.2835; (0.87, 0.89, 0.49);
264.2943; (0.87, 0.89, 0.49);
264.2943; (0.87, 0.89, 0.49);
264.3000; (0.87, 0.89, 0.49);
264.3054; (0.87, 0.89, 0.49);
264.3054; (0.87, 0.89, 0.49);
264.3167; (0.87, 0.90, 0.49);
264.3167; (0.87, 0.90, 0.49);
264.3200; (0.87, 0.90, 0.49);
264.3279; (0.87, 0.90, 0.49);
264.3279; (0.87, 0.90, 0.49);
264.3387; (0.87, 0.90, 0.49);
264.3387; (0.87, 0.90, 0.49);
264.3400; (0.87, 0.90, 0.49);
264.3497; (0.87, 0.90, 0.49);
264.3497; (0.86, 0.90, 0.49);
264.3600; (0.86, 0.90, 0.49);
264.3610; (0.86, 0.90, 0.49);
264.3610; (0.86, 0.90, 0.49);
264.3721; (0.86, 0.90, 0.50);
264.3721; (0.86, 0.90, 0.50);
264.3800; (0.86, 0.90, 0.50);
264.3834; (0.86, 0.90, 0.50);
264.3834; (0.86, 0.90, 0.50);
264.3947; (0.86, 0.90, 0.50);
264.3947; (0.86, 0.90, 0.50);
264.4000; (0.86, 0.90, 0.50);
264.4056; (0.86, 0.90, 0.50);
264.4056; (0.86, 0.90, 0.50);
264.4167; (0.86, 0.90, 0.50);
264.4167; (0.86, 0.90, 0.50);
264.4200; (0.86, 0.90, 0.50);
264.4280; (0.86, 0.90, 0.50);
264.4280; (0.86, 0.90, 0.50);
264.4389; (0.86, 0.90, 0.49);
264.4389; (0.86, 0.90, 0.49);
264.4400; (0.86, 0.90, 0.49);
264.4500; (0.86, 0.90, 0.49);
264.4500; (0.86, 0.90, 0.49);
264.4600; (0.86, 0.90, 0.49);
264.4614; (0.86, 0.90, 0.49);
264.4614; (0.86, 0.90, 0.49);
264.4724; (0.86, 0.90, 0.49);
264.4724; (0.86, 0.90, 0.49);
264.4800; (0.86, 0.90, 0.49);
264.4835; (0.86, 0.90, 0.49);
264.4835; (0.86, 0.90, 0.49);
264.4943; (0.86, 0.90, 0.49);
264.4943; (0.86, 0.90, 0.49);
264.5000; (0.86, 0.90, 0.49);
264.5055; (0.86, 0.90, 0.49);
264.5055; (0.86, 0.90, 0.49);
264.5165; (0.86, 0.90, 0.49);
264.5165; (0.86, 0.90, 0.49);
264.5200; (0.86, 0.90, 0.49);
264.5279; (0.86, 0.90, 0.49);
264.5279; (0.86, 0.90, 0.49);
264.5388; (0.86, 0.90, 0.49);
264.5388; (0.86, 0.90, 0.49);
264.5400; (0.86, 0.90, 0.49);
264.5499; (0.86, 0.90, 0.49);
264.5499; (0.86, 0.90, 0.49);
264.5600; (0.86, 0.90, 0.49);
264.5615; (0.86, 0.90, 0.49);
264.5615; (0.86, 0.90, 0.49);
264.5723; (0.86, 0.90, 0.49);
264.5723; (0.86, 0.90, 0.49);
264.5800; (0.86, 0.90, 0.49);
264.5835; (0.86, 0.90, 0.49);
264.5835; (0.86, 0.90, 0.49);
264.5942; (0.86, 0.90, 0.49);
264.5942; (0.86, 0.90, 0.49);
264.6000; (0.86, 0.90, 0.49);
264.6057; (0.86, 0.90, 0.50);
264.6057; (0.86, 0.90, 0.50);
264.6166; (0.85, 0.90, 0.50);
264.6166; (0.85, 0.90, 0.50);
264.6200; (0.85, 0.90, 0.50);
264.6277; (0.85, 0.90, 0.50);
264.6277; (0.85, 0.90, 0.50);
264.6388; (0.85, 0.90, 0.50);
264.6388; (0.85, 0.90, 0.50);
264.6400; (0.85, 0.90, 0.50);
264.6502; (0.85, 0.90, 0.50);
264.6502; (0.85, 0.90, 0.50);
264.6600; (0.85, 0.90, 0.50);
264.6618; (0.85, 0.90, 0.50);
264.6618; (0.85, 0.90, 0.50);
264.6724; (0.85, 0.90, 0.50);
264.6724; (0.85, 0.90, 0.50);
264.6800; (0.85, 0.90, 0.50);
264.6830; (0.85, 0.90, 0.50);
264.6830; (0.85, 0.90, 0.50);
264.6942; (0.85, 0.90, 0.50);
264.6942; (0.85, 0.90, 0.50);
264.7000; (0.85, 0.90, 0.50);
264.7058; (0.85, 0.90, 0.50);
264.7058; (0.85, 0.90, 0.50);
264.7162; (0.85, 0.90, 0.50);
264.7162; (0.85, 0.90, 0.50);
264.7200; (0.85, 0.90, 0.50);
264.7280; (0.85, 0.90, 0.50);
264.7280; (0.85, 0.90, 0.50);
264.7385; (0.85, 0.90, 0.50);
264.7385; (0.85, 0.90, 0.50);
264.7400; (0.85, 0.90, 0.50);
264.7501; (0.85, 0.90, 0.50);
264.7501; (0.85, 0.90, 0.50);
264.7600; (0.85, 0.90, 0.50);
264.7610; (0.85, 0.90, 0.50);
264.7610; (0.85, 0.90, 0.50);
264.7726; (0.85, 0.90, 0.50);
264.7726; (0.85, 0.90, 0.50);
264.7800; (0.85, 0.90, 0.50);
264.7833; (0.85, 0.90, 0.50);
264.7833; (0.85, 0.90, 0.50);
264.7943; (0.85, 0.90, 0.50);
264.7943; (0.85, 0.90, 0.50);
264.8000; (0.85, 0.90, 0.50);
264.8052; (0.85, 0.90, 0.50);
264.8052; (0.85, 0.90, 0.50);
264.8166; (0.85, 0.90, 0.50);
264.8166; (0.85, 0.90, 0.50);
264.8200; (0.85, 0.90, 0.50);
264.8276; (0.85, 0.90, 0.50);
264.8276; (0.85, 0.90, 0.50);
264.8386; (0.85, 0.90, 0.50);
264.8386; (0.85, 0.90, 0.50);
264.8400; (0.85, 0.90, 0.50);
264.8498; (0.85, 0.90, 0.50);
264.8498; (0.85, 0.90, 0.50);
264.8600; (0.85, 0.90, 0.50);
264.8612; (0.85, 0.90, 0.50);
264.8612; (0.85, 0.90, 0.50);
264.8721; (0.85, 0.90, 0.50);
264.8721; (0.85, 0.90, 0.50);
264.8800; (0.85, 0.90, 0.50);
264.8831; (0.85, 0.90, 0.50);
264.8831; (0.85, 0.90, 0.50);
264.8945; (0.85, 0.90, 0.50);
264.8945; (0.85, 0.90, 0.50);
264.9000; (0.85, 0.90, 0.50);
264.9054; (0.85, 0.90, 0.50);
264.9054; (0.85, 0.90, 0.50);
264.9166; (0.85, 0.90, 0.50);
264.9166; (0.85, 0.90, 0.50);
264.9200; (0.85, 0.90, 0.50);
264.9277; (0.85, 0.90, 0.50);
264.9277; (0.85, 0.91, 0.50);
264.9391; (0.85, 0.91, 0.50);
264.9391; (0.85, 0.91, 0.50);
264.9400; (0.85, 0.91, 0.50);
264.9496; (0.85, 0.91, 0.50);
264.9496; (0.85, 0.91, 0.50);
264.9600; (0.85, 0.91, 0.50);
264.9614; (0.85, 0.91, 0.50);
264.9614; (0.85, 0.91, 0.50);
264.9723; (0.85, 0.91, 0.50);
264.9723; (0.85, 0.91, 0.50);
264.9800; (0.85, 0.91, 0.50);
264.9837; (0.85, 0.91, 0.50);
264.9837; (0.85, 0.91, 0.50);
264.9943; (0.85, 0.91, 0.50);
264.9943; (0.85, 0.91, 0.50);
265.0000; (0.85, 0.91, 0.50);
265.0057; (0.85, 0.91, 0.50);
265.0057; (0.85, 0.91, 0.50);
265.0168; (0.85, 0.91, 0.50);
265.0168; (0.85, 0.91, 0.50);
265.0200; (0.85, 0.91, 0.50);
265.0280; (0.85, 0.91, 0.50);
265.0280; (0.85, 0.91, 0.50);
265.0388; (0.85, 0.91, 0.50);
265.0388; (0.85, 0.91, 0.50);
265.0400; (0.85, 0.91, 0.50);
265.0501; (0.85, 0.91, 0.50);
265.0501; (0.85, 0.91, 0.50);
265.0600; (0.85, 0.91, 0.50);
265.0620; (0.85, 0.91, 0.50);
265.0620; (0.85, 0.91, 0.50);
265.0719; (0.85, 0.91, 0.50);
265.0719; (0.85, 0.91, 0.50);
265.0800; (0.85, 0.91, 0.50);
265.0834; (0.85, 0.91, 0.50);
265.0834; (0.85, 0.91, 0.50);
265.0947; (0.85, 0.91, 0.50);
265.0947; (0.86, 0.91, 0.50);
265.1000; (0.86, 0.91, 0.50);
265.1055; (0.86, 0.91, 0.50);
265.1055; (0.86, 0.91, 0.50);
265.1165; (0.85, 0.91, 0.50);
265.1165; (0.85, 0.91, 0.50);
265.1200; (0.85, 0.91, 0.50);
265.1281; (0.85, 0.91, 0.50);
265.1281; (0.85, 0.91, 0.50);
265.1391; (0.85, 0.91, 0.50);
265.1391; (0.85, 0.91, 0.50);
265.1400; (0.85, 0.91, 0.50);
265.1500; (0.85, 0.91, 0.50);
265.1500; (0.85, 0.91, 0.50);
265.1600; (0.85, 0.91, 0.50);
265.1609; (0.85, 0.91, 0.50);
265.1609; (0.85, 0.91, 0.50);
265.1721; (0.85, 0.91, 0.50);
265.1721; (0.85, 0.91, 0.50);
265.1800; (0.85, 0.91, 0.50);
265.1830; (0.85, 0.91, 0.50);
265.1830; (0.85, 0.91, 0.50);
265.1945; (0.85, 0.91, 0.50);
265.1945; (0.86, 0.91, 0.50);
265.2000; (0.86, 0.91, 0.50);
265.2053; (0.86, 0.91, 0.49);
265.2053; (0.86, 0.91, 0.49);
265.2169; (0.86, 0.91, 0.49);
265.2169; (0.86, 0.91, 0.49);
265.2200; (0.86, 0.91, 0.49);
265.2280; (0.86, 0.91, 0.49);
265.2280; (0.86, 0.91, 0.49);
265.2390; (0.86, 0.91, 0.49);
265.2390; (0.86, 0.91, 0.49);
265.2400; (0.86, 0.91, 0.49);
265.2498; (0.86, 0.91, 0.49);
265.2498; (0.86, 0.91, 0.49);
265.2600; (0.86, 0.91, 0.49);
265.2611; (0.86, 0.91, 0.49);
265.2611; (0.86, 0.91, 0.49);
265.2723; (0.86, 0.91, 0.49);
265.2723; (0.86, 0.91, 0.49);
265.2800; (0.86, 0.91, 0.49);
265.2834; (0.86, 0.91, 0.49);
265.2834; (0.86, 0.91, 0.49);
265.2949; (0.86, 0.91, 0.49);
265.2949; (0.86, 0.92, 0.49);
265.3000; (0.86, 0.92, 0.49);
265.3053; (0.86, 0.91, 0.49);
265.3053; (0.86, 0.91, 0.49);
265.3164; (0.86, 0.91, 0.49);
265.3164; (0.86, 0.91, 0.49);
265.3200; (0.86, 0.91, 0.49);
265.3279; (0.86, 0.91, 0.49);
265.3279; (0.86, 0.91, 0.49);
265.3388; (0.86, 0.91, 0.48);
265.3388; (0.86, 0.91, 0.49);
265.3400; (0.86, 0.91, 0.49);
265.3496; (0.86, 0.91, 0.49);
265.3496; (0.87, 0.91, 0.49);
265.3600; (0.87, 0.91, 0.49);
265.3611; (0.87, 0.91, 0.49);
265.3611; (0.87, 0.91, 0.49);
265.3719; (0.87, 0.91, 0.49);
265.3719; (0.87, 0.91, 0.49);
265.3800; (0.87, 0.91, 0.49);
265.3834; (0.87, 0.91, 0.49);
265.3834; (0.87, 0.91, 0.49);
265.3944; (0.87, 0.91, 0.49);
265.3944; (0.87, 0.91, 0.49);
265.4000; (0.87, 0.91, 0.49);
265.4055; (0.87, 0.91, 0.49);
265.4055; (0.87, 0.91, 0.49);
265.4165; (0.87, 0.91, 0.49);
265.4165; (0.87, 0.91, 0.49);
265.4200; (0.87, 0.91, 0.49);
265.4275; (0.87, 0.91, 0.49);
265.4275; (0.87, 0.91, 0.49);
265.4386; (0.87, 0.91, 0.49);
265.4386; (0.87, 0.91, 0.49);
265.4400; (0.87, 0.91, 0.49);
