Experiment: 7
Latency: 750
Source: (0.13, 0.08, 0.50)
SourceSize: 0.0750
Target: (0.87, 0.92, 0.50)
TargetSize: 0.0250

Trace:
time; position; button;
359.9144; (0.12, 0.08, 0.50);
359.9200; (0.12, 0.08, 0.50);
359.9255; (0.12, 0.08, 0.50);
359.9255; (0.12, 0.08, 0.50);
359.9363; (0.12, 0.08, 0.50);
359.9363; (0.12, 0.08, 0.50);
359.9400; (0.12, 0.08, 0.50);
359.9473; (0.12, 0.08, 0.50);
359.9473; (0.12, 0.08, 0.50);
359.9592; (0.12, 0.08, 0.50);
359.9592; (0.12, 0.08, 0.50);
359.9600; (0.12, 0.08, 0.50);
359.9699; (0.12, 0.08, 0.50);
359.9699; (0.12, 0.08, 0.50);
359.9800; (0.12, 0.08, 0.50);
359.9809; (0.12, 0.08, 0.50);
359.9809; (0.12, 0.08, 0.50);
359.9919; (0.12, 0.08, 0.50);
359.9919; (0.12, 0.08, 0.50);
360.0000; (0.12, 0.08, 0.50);
360.0032; (0.12, 0.08, 0.50);
360.0032; (0.12, 0.08, 0.50);
360.0142; (0.12, 0.08, 0.50);
360.0142; (0.12, 0.08, 0.50);
360.0200; (0.12, 0.08, 0.50);
360.0256; (0.12, 0.08, 0.50);
360.0256; (0.12, 0.08, 0.50);
360.0365; (0.12, 0.08, 0.50);
360.0365; (0.12, 0.08, 0.50);
360.0400; (0.12, 0.08, 0.50);
360.0477; (0.12, 0.08, 0.50);
360.0477; (0.12, 0.08, 0.50);
360.0589; (0.12, 0.08, 0.50);
360.0589; (0.12, 0.08, 0.50);
360.0600; (0.12, 0.08, 0.50);
360.0698; (0.12, 0.08, 0.50);
360.0698; (0.13, 0.08, 0.51);
360.0800; (0.13, 0.08, 0.51);
360.0807; (0.13, 0.08, 0.51);
360.0807; (0.13, 0.08, 0.51);
360.0922; (0.13, 0.08, 0.51);
360.0922; (0.13, 0.08, 0.51);
360.1000; (0.13, 0.07, 0.51);
360.1030; (0.13, 0.07, 0.51);
360.1030; (0.13, 0.07, 0.51);
360.1142; (0.13, 0.07, 0.51);
360.1142; (0.13, 0.07, 0.51);
360.1200; (0.13, 0.07, 0.51);
360.1251; (0.13, 0.07, 0.51);
360.1251; (0.13, 0.07, 0.51);
360.1365; (0.13, 0.07, 0.51);
360.1365; (0.13, 0.07, 0.51);
360.1400; (0.13, 0.07, 0.51);
360.1472; (0.13, 0.07, 0.51);
360.1472; (0.13, 0.07, 0.51);
360.1592; (0.13, 0.07, 0.51);
360.1592; (0.13, 0.07, 0.51);
360.1600; (0.13, 0.07, 0.51);
360.1694; (0.13, 0.07, 0.51);
360.1694; (0.14, 0.06, 0.51);
360.1800; (0.14, 0.06, 0.51);
360.1810; (0.14, 0.06, 0.51);
360.1810; (0.14, 0.06, 0.51);
360.1922; (0.14, 0.06, 0.51);
360.1922; (0.14, 0.06, 0.51);
360.2000; (0.14, 0.06, 0.51);
360.2031; (0.14, 0.06, 0.52);
360.2031; (0.14, 0.06, 0.52);
360.2143; (0.14, 0.06, 0.52);
360.2143; (0.14, 0.06, 0.52);
360.2200; (0.14, 0.06, 0.52);
360.2255; (0.14, 0.06, 0.52);
360.2255; (0.14, 0.06, 0.52);
360.2364; (0.14, 0.06, 0.52);
360.2364; (0.14, 0.05, 0.52);
360.2400; (0.14, 0.05, 0.52);
360.2477; (0.14, 0.05, 0.52);
360.2477; (0.14, 0.05, 0.52);
360.2592; (0.14, 0.05, 0.52);
360.2592; (0.14, 0.05, 0.52);
360.2600; (0.14, 0.05, 0.52);
360.2700; (0.14, 0.05, 0.52);
360.2700; (0.14, 0.05, 0.52);
360.2800; (0.14, 0.05, 0.52);
360.2809; (0.14, 0.05, 0.52);
360.2809; (0.14, 0.05, 0.52);
360.2924; (0.14, 0.05, 0.52);
360.2924; (0.14, 0.05, 0.52);
360.3000; (0.14, 0.05, 0.52);
360.3035; (0.14, 0.04, 0.52);
360.3035; (0.14, 0.04, 0.52);
360.3144; (0.14, 0.04, 0.52);
360.3144; (0.14, 0.04, 0.52);
360.3200; (0.14, 0.04, 0.52);
360.3255; (0.14, 0.04, 0.52);
360.3255; (0.14, 0.04, 0.52);
360.3366; (0.14, 0.04, 0.52);
360.3366; (0.14, 0.04, 0.52);
360.3400; (0.14, 0.04, 0.52);
360.3475; (0.14, 0.04, 0.52);
360.3475; (0.14, 0.04, 0.52);
360.3587; (0.14, 0.04, 0.52);
360.3587; (0.14, 0.03, 0.52);
360.3600; (0.14, 0.03, 0.52);
360.3699; (0.14, 0.03, 0.51);
360.3699; (0.14, 0.03, 0.51);
360.3800; (0.14, 0.03, 0.51);
360.3810; (0.14, 0.03, 0.51);
360.3810; (0.14, 0.03, 0.51);
360.3922; (0.14, 0.03, 0.51);
360.3922; (0.14, 0.03, 0.51);
360.4000; (0.14, 0.03, 0.51);
360.4030; (0.14, 0.03, 0.51);
360.4030; (0.14, 0.03, 0.51);
360.4143; (0.14, 0.03, 0.51);
360.4143; (0.14, 0.03, 0.51);
360.4200; (0.14, 0.03, 0.51);
360.4254; (0.14, 0.03, 0.51);
360.4254; (0.14, 0.03, 0.51);
360.4365; (0.14, 0.03, 0.51);
360.4365; (0.14, 0.02, 0.51);
360.4400; (0.14, 0.02, 0.51);
360.4476; (0.14, 0.02, 0.51);
360.4476; (0.14, 0.02, 0.51);
360.4594; (0.14, 0.02, 0.51);
360.4594; (0.14, 0.02, 0.51);
360.4600; (0.14, 0.02, 0.51);
360.4702; (0.14, 0.02, 0.51);
360.4702; (0.14, 0.02, 0.51);
360.4800; (0.14, 0.02, 0.51);
360.4811; (0.14, 0.02, 0.51);
360.4811; (0.14, 0.02, 0.51);
360.4920; (0.14, 0.02, 0.51);
360.4920; (0.14, 0.02, 0.52);
360.5000; (0.14, 0.02, 0.52);
360.5033; (0.14, 0.02, 0.52);
360.5033; (0.14, 0.02, 0.52);
360.5148; (0.14, 0.02, 0.52);
360.5148; (0.14, 0.02, 0.52);
360.5200; (0.14, 0.02, 0.52);
360.5256; (0.14, 0.02, 0.52);
360.5256; (0.14, 0.02, 0.52);
360.5363; (0.14, 0.02, 0.52);
360.5363; (0.14, 0.02, 0.52);
360.5400; (0.14, 0.02, 0.52);
360.5474; (0.14, 0.02, 0.52);
360.5474; (0.14, 0.02, 0.52);
360.5586; (0.14, 0.02, 0.52);
360.5586; (0.14, 0.02, 0.52);
360.5600; (0.14, 0.02, 0.52);
360.5699; (0.14, 0.02, 0.52);
360.5699; (0.14, 0.02, 0.52);
360.5800; (0.14, 0.02, 0.52);
360.5810; (0.14, 0.02, 0.52);
360.5810; (0.14, 0.02, 0.52);
360.5920; (0.14, 0.02, 0.52);
360.5920; (0.14, 0.02, 0.52);
360.6000; (0.14, 0.02, 0.52);
360.6032; (0.14, 0.02, 0.51);
360.6032; (0.14, 0.02, 0.51);
360.6144; (0.14, 0.02, 0.52);
360.6144; (0.13, 0.02, 0.51);
360.6200; (0.13, 0.02, 0.51);
360.6256; (0.13, 0.02, 0.51);
360.6256; (0.13, 0.02, 0.51);
360.6364; (0.13, 0.02, 0.51);
360.6364; (0.13, 0.02, 0.51);
360.6400; (0.13, 0.02, 0.51);
360.6476; (0.13, 0.02, 0.51);
360.6476; (0.13, 0.02, 0.51);
360.6588; (0.13, 0.02, 0.51);
360.6588; (0.13, 0.02, 0.51);
360.6600; (0.13, 0.02, 0.51);
360.6696; (0.13, 0.02, 0.51);
360.6696; (0.13, 0.03, 0.51);
360.6800; (0.13, 0.03, 0.51);
360.6806; (0.13, 0.03, 0.51);
360.6806; (0.13, 0.03, 0.51);
360.6920; (0.13, 0.03, 0.51);
360.6920; (0.13, 0.03, 0.51);
360.7000; (0.13, 0.03, 0.51);
360.7030; (0.13, 0.03, 0.51);
360.7030; (0.13, 0.03, 0.51);
360.7141; (0.13, 0.03, 0.51);
360.7141; (0.13, 0.03, 0.51);
360.7200; (0.13, 0.03, 0.51);
360.7255; (0.13, 0.03, 0.51);
360.7255; (0.13, 0.03, 0.51);
360.7365; (0.13, 0.03, 0.51);
360.7365; (0.13, 0.03, 0.51);
360.7400; (0.13, 0.03, 0.51);
360.7472; (0.13, 0.03, 0.51);
360.7472; (0.13, 0.03, 0.51);
360.7588; (0.13, 0.03, 0.51);
360.7588; (0.12, 0.03, 0.51);
360.7600; (0.12, 0.03, 0.51);
360.7694; (0.12, 0.03, 0.51);
360.7694; (0.12, 0.04, 0.51);
360.7800; (0.13, 0.04, 0.51);
360.7810; (0.12, 0.04, 0.51);
360.7810; (0.12, 0.04, 0.51);
360.7917; (0.13, 0.04, 0.51);
360.7917; (0.13, 0.04, 0.51);
360.8000; (0.13, 0.04, 0.51);
360.8031; (0.13, 0.04, 0.51);
360.8031; (0.13, 0.04, 0.51);
360.8140; (0.13, 0.04, 0.51);
360.8140; (0.13, 0.04, 0.51);
360.8200; (0.13, 0.04, 0.51);
360.8251; (0.14, 0.04, 0.51);
360.8251; (0.14, 0.04, 0.51);
360.8361; (0.13, 0.04, 0.51);
360.8361; (0.13, 0.04, 0.51);
360.8400; (0.13, 0.04, 0.51);
360.8477; (0.13, 0.04, 0.51);
360.8477; (0.13, 0.04, 0.51);
360.8590; (0.13, 0.04, 0.51);
360.8590; (0.13, 0.04, 0.51);
360.8600; (0.13, 0.04, 0.51);
360.8698; (0.13, 0.04, 0.50);
360.8698; (0.13, 0.05, 0.50);
360.8800; (0.13, 0.05, 0.50);
360.8805; (0.13, 0.05, 0.50);
360.8805; (0.13, 0.05, 0.50);
360.8920; (0.13, 0.05, 0.50);
360.8920; (0.13, 0.05, 0.50);
360.9000; (0.13, 0.05, 0.50);
360.9028; (0.13, 0.05, 0.50);
360.9028; (0.13, 0.05, 0.50);
360.9149; (0.14, 0.05, 0.50);
360.9149; (0.14, 0.06, 0.50);
360.9200; (0.14, 0.06, 0.50);
360.9254; (0.14, 0.06, 0.50);
360.9254; (0.14, 0.06, 0.50);
360.9362; (0.14, 0.06, 0.50);
360.9362; (0.15, 0.07, 0.49);
360.9400; (0.15, 0.07, 0.49);
360.9477; (0.15, 0.07, 0.49);
360.9477; (0.15, 0.07, 0.49);
360.9589; (0.15, 0.07, 0.49);
360.9589; (0.16, 0.07, 0.49);
360.9600; (0.16, 0.07, 0.49);
360.9698; (0.16, 0.07, 0.49);
360.9698; (0.16, 0.08, 0.49);
360.9800; (0.16, 0.08, 0.49);
360.9808; (0.17, 0.08, 0.49);
360.9808; (0.17, 0.08, 0.49);
360.9922; (0.17, 0.08, 0.49);
360.9922; (0.18, 0.09, 0.49);
361.0000; (0.18, 0.09, 0.49);
361.0031; (0.18, 0.09, 0.48);
361.0031; (0.18, 0.09, 0.48);
361.0142; (0.18, 0.09, 0.48);
361.0142; (0.19, 0.10, 0.48);
361.0200; (0.19, 0.10, 0.48);
361.0254; (0.20, 0.11, 0.48);
361.0254; (0.20, 0.11, 0.48);
361.0364; (0.20, 0.11, 0.48);
361.0364; (0.21, 0.12, 0.48);
361.0400; (0.21, 0.12, 0.48);
361.0476; (0.21, 0.12, 0.47);
361.0476; (0.22, 0.12, 0.47);
361.0589; (0.22, 0.13, 0.46);
361.0589; (0.23, 0.14, 0.46);
361.0600; (0.23, 0.14, 0.46);
361.0698; (0.23, 0.14, 0.45);
361.0698; (0.24, 0.15, 0.45);
361.0800; (0.24, 0.15, 0.45);
361.0808; (0.25, 0.15, 0.45);
361.0808; (0.25, 0.15, 0.45);
361.0925; (0.25, 0.16, 0.45);
361.0925; (0.26, 0.16, 0.44);
361.1000; (0.26, 0.16, 0.44);
361.1031; (0.27, 0.17, 0.44);
361.1031; (0.27, 0.17, 0.44);
361.1140; (0.27, 0.17, 0.44);
361.1140; (0.28, 0.18, 0.43);
361.1200; (0.28, 0.18, 0.43);
361.1255; (0.29, 0.19, 0.43);
361.1255; (0.29, 0.19, 0.43);
361.1364; (0.29, 0.19, 0.43);
361.1364; (0.30, 0.20, 0.43);
361.1400; (0.30, 0.20, 0.43);
361.1476; (0.30, 0.20, 0.43);
361.1476; (0.31, 0.21, 0.42);
361.1590; (0.31, 0.21, 0.42);
361.1590; (0.32, 0.22, 0.42);
361.1600; (0.32, 0.22, 0.42);
361.1697; (0.32, 0.22, 0.42);
361.1697; (0.33, 0.23, 0.41);
361.1800; (0.33, 0.23, 0.42);
361.1809; (0.34, 0.24, 0.41);
361.1809; (0.34, 0.24, 0.41);
361.1922; (0.34, 0.24, 0.41);
361.1922; (0.35, 0.25, 0.41);
361.2000; (0.35, 0.25, 0.41);
361.2030; (0.37, 0.26, 0.41);
361.2030; (0.37, 0.26, 0.41);
361.2139; (0.37, 0.26, 0.41);
361.2139; (0.38, 0.27, 0.40);
361.2200; (0.38, 0.27, 0.41);
361.2253; (0.39, 0.28, 0.40);
361.2253; (0.39, 0.28, 0.40);
361.2362; (0.39, 0.27, 0.40);
361.2362; (0.40, 0.28, 0.40);
361.2400; (0.40, 0.28, 0.40);
361.2473; (0.40, 0.28, 0.40);
361.2473; (0.41, 0.29, 0.40);
361.2586; (0.41, 0.29, 0.40);
361.2586; (0.42, 0.30, 0.40);
361.2600; (0.42, 0.30, 0.40);
361.2704; (0.42, 0.30, 0.40);
361.2704; (0.43, 0.31, 0.40);
361.2800; (0.43, 0.31, 0.40);
361.2809; (0.44, 0.32, 0.39);
361.2809; (0.44, 0.32, 0.39);
361.2922; (0.44, 0.32, 0.39);
361.2922; (0.45, 0.33, 0.39);
361.3000; (0.45, 0.33, 0.39);
361.3029; (0.46, 0.34, 0.39);
361.3029; (0.46, 0.34, 0.39);
361.3141; (0.47, 0.34, 0.39);
361.3141; (0.48, 0.35, 0.39);
361.3200; (0.48, 0.35, 0.39);
361.3257; (0.49, 0.36, 0.39);
361.3257; (0.49, 0.36, 0.39);
361.3365; (0.49, 0.36, 0.39);
361.3365; (0.50, 0.37, 0.39);
361.3400; (0.50, 0.37, 0.39);
361.3474; (0.50, 0.37, 0.39);
361.3474; (0.51, 0.38, 0.39);
361.3589; (0.51, 0.38, 0.39);
361.3589; (0.52, 0.39, 0.39);
361.3600; (0.52, 0.39, 0.39);
361.3698; (0.52, 0.39, 0.39);
361.3698; (0.54, 0.40, 0.39);
361.3800; (0.54, 0.40, 0.39);
361.3807; (0.55, 0.41, 0.38);
361.3807; (0.55, 0.41, 0.38);
361.3927; (0.55, 0.41, 0.39);
361.3927; (0.56, 0.41, 0.38);
361.4000; (0.56, 0.41, 0.39);
361.4032; (0.57, 0.42, 0.38);
361.4032; (0.57, 0.42, 0.38);
361.4144; (0.56, 0.42, 0.38);
361.4144; (0.57, 0.43, 0.38);
361.4200; (0.57, 0.43, 0.39);
361.4255; (0.58, 0.44, 0.38);
361.4255; (0.58, 0.44, 0.38);
361.4364; (0.58, 0.44, 0.39);
361.4364; (0.59, 0.45, 0.39);
361.4400; (0.59, 0.45, 0.39);
361.4474; (0.59, 0.45, 0.39);
361.4474; (0.60, 0.46, 0.38);
361.4590; (0.60, 0.46, 0.38);
361.4590; (0.61, 0.47, 0.38);
361.4600; (0.61, 0.47, 0.38);
361.4700; (0.61, 0.47, 0.38);
361.4700; (0.62, 0.48, 0.38);
361.4800; (0.63, 0.48, 0.38);
361.4807; (0.63, 0.49, 0.38);
361.4807; (0.63, 0.49, 0.38);
361.4921; (0.64, 0.49, 0.38);
361.4921; (0.65, 0.50, 0.38);
361.5000; (0.65, 0.50, 0.38);
361.5030; (0.66, 0.51, 0.38);
361.5030; (0.66, 0.51, 0.38);
361.5141; (0.66, 0.51, 0.38);
361.5141; (0.66, 0.52, 0.38);
361.5200; (0.66, 0.51, 0.38);
361.5259; (0.67, 0.52, 0.38);
361.5259; (0.67, 0.52, 0.38);
361.5367; (0.67, 0.52, 0.38);
361.5367; (0.68, 0.53, 0.38);
361.5400; (0.68, 0.53, 0.38);
361.5483; (0.68, 0.53, 0.38);
361.5483; (0.69, 0.54, 0.37);
361.5588; (0.68, 0.54, 0.37);
361.5588; (0.69, 0.55, 0.37);
361.5600; (0.69, 0.55, 0.37);
361.5698; (0.69, 0.55, 0.37);
361.5698; (0.70, 0.56, 0.37);
361.5800; (0.70, 0.56, 0.37);
361.5812; (0.70, 0.57, 0.37);
361.5812; (0.70, 0.57, 0.37);
361.5925; (0.70, 0.57, 0.37);
361.5925; (0.71, 0.58, 0.37);
361.6000; (0.71, 0.58, 0.37);
361.6031; (0.72, 0.59, 0.37);
361.6031; (0.72, 0.59, 0.37);
361.6140; (0.72, 0.59, 0.37);
361.6140; (0.73, 0.60, 0.37);
361.6200; (0.73, 0.60, 0.37);
361.6257; (0.74, 0.61, 0.36);
361.6257; (0.74, 0.61, 0.36);
361.6365; (0.74, 0.60, 0.37);
361.6365; (0.75, 0.61, 0.36);
361.6400; (0.75, 0.61, 0.36);
361.6474; (0.74, 0.61, 0.36);
361.6474; (0.75, 0.62, 0.36);
361.6588; (0.75, 0.62, 0.36);
361.6588; (0.76, 0.63, 0.36);
361.6600; (0.76, 0.63, 0.36);
361.6694; (0.76, 0.63, 0.36);
361.6694; (0.76, 0.64, 0.36);
361.6800; (0.76, 0.64, 0.36);
361.6810; (0.77, 0.64, 0.36);
361.6810; (0.77, 0.64, 0.36);
361.6921; (0.77, 0.64, 0.36);
361.6921; (0.78, 0.65, 0.36);
361.7000; (0.78, 0.65, 0.36);
361.7029; (0.78, 0.66, 0.36);
361.7029; (0.78, 0.66, 0.36);
361.7142; (0.78, 0.66, 0.36);
361.7142; (0.79, 0.67, 0.36);
361.7200; (0.79, 0.67, 0.36);
361.7255; (0.80, 0.67, 0.35);
361.7255; (0.80, 0.67, 0.35);
361.7363; (0.80, 0.67, 0.36);
361.7363; (0.81, 0.68, 0.35);
361.7400; (0.81, 0.68, 0.35);
361.7477; (0.81, 0.68, 0.35);
361.7477; (0.81, 0.69, 0.35);
361.7588; (0.81, 0.70, 0.34);
361.7588; (0.82, 0.70, 0.34);
361.7600; (0.82, 0.70, 0.34);
361.7696; (0.82, 0.70, 0.34);
361.7696; (0.82, 0.71, 0.34);
361.7800; (0.82, 0.71, 0.34);
361.7813; (0.83, 0.72, 0.33);
361.7813; (0.83, 0.72, 0.33);
361.7920; (0.83, 0.72, 0.33);
361.7920; (0.84, 0.72, 0.33);
361.8000; (0.83, 0.72, 0.33);
361.8032; (0.84, 0.73, 0.33);
361.8032; (0.84, 0.73, 0.33);
361.8143; (0.84, 0.73, 0.33);
361.8143; (0.84, 0.73, 0.32);
361.8200; (0.84, 0.73, 0.33);
361.8255; (0.85, 0.74, 0.32);
361.8255; (0.85, 0.74, 0.32);
361.8365; (0.85, 0.74, 0.32);
361.8365; (0.85, 0.74, 0.32);
361.8400; (0.85, 0.74, 0.32);
361.8477; (0.85, 0.74, 0.32);
361.8477; (0.86, 0.75, 0.32);
361.8589; (0.86, 0.75, 0.32);
361.8589; (0.86, 0.75, 0.31);
361.8600; (0.86, 0.75, 0.31);
361.8696; (0.87, 0.75, 0.32);
361.8696; (0.87, 0.76, 0.31);
361.8800; (0.87, 0.76, 0.31);
361.8808; (0.88, 0.76, 0.31);
361.8808; (0.88, 0.76, 0.31);
361.8922; (0.88, 0.76, 0.31);
361.8922; (0.88, 0.76, 0.31);
361.9000; (0.88, 0.76, 0.31);
361.9028; (0.89, 0.77, 0.31);
361.9028; (0.89, 0.77, 0.31);
361.9140; (0.89, 0.77, 0.31);
361.9140; (0.89, 0.77, 0.30);
361.9200; (0.89, 0.77, 0.30);
361.9256; (0.89, 0.77, 0.30);
361.9256; (0.89, 0.77, 0.30);
361.9364; (0.89, 0.77, 0.30);
361.9364; (0.90, 0.78, 0.30);
361.9400; (0.90, 0.78, 0.30);
361.9473; (0.90, 0.78, 0.30);
361.9473; (0.90, 0.78, 0.30);
361.9588; (0.90, 0.78, 0.30);
361.9588; (0.91, 0.78, 0.30);
361.9600; (0.91, 0.78, 0.30);
361.9695; (0.91, 0.78, 0.30);
361.9695; (0.91, 0.78, 0.29);
361.9800; (0.91, 0.78, 0.29);
361.9806; (0.91, 0.79, 0.29);
361.9806; (0.91, 0.79, 0.29);
361.9921; (0.91, 0.79, 0.29);
361.9921; (0.91, 0.79, 0.29);
362.0000; (0.92, 0.79, 0.28);
362.0029; (0.92, 0.79, 0.28);
362.0029; (0.92, 0.79, 0.28);
362.0141; (0.92, 0.79, 0.28);
362.0141; (0.92, 0.79, 0.28);
362.0200; (0.92, 0.79, 0.28);
362.0253; (0.92, 0.80, 0.27);
362.0253; (0.92, 0.80, 0.27);
362.0362; (0.92, 0.80, 0.28);
362.0362; (0.92, 0.80, 0.27);
362.0400; (0.92, 0.80, 0.27);
362.0475; (0.92, 0.80, 0.27);
362.0475; (0.93, 0.80, 0.27);
362.0588; (0.93, 0.80, 0.27);
362.0588; (0.93, 0.80, 0.27);
362.0600; (0.93, 0.80, 0.27);
362.0695; (0.93, 0.80, 0.27);
362.0695; (0.93, 0.81, 0.27);
362.0800; (0.93, 0.81, 0.27);
362.0811; (0.93, 0.81, 0.27);
362.0811; (0.93, 0.81, 0.27);
362.0922; (0.93, 0.81, 0.27);
362.0922; (0.93, 0.81, 0.27);
362.1000; (0.93, 0.81, 0.27);
362.1031; (0.94, 0.81, 0.27);
362.1031; (0.94, 0.81, 0.27);
362.1142; (0.94, 0.81, 0.27);
362.1142; (0.94, 0.81, 0.27);
362.1200; (0.94, 0.82, 0.27);
362.1252; (0.95, 0.82, 0.27);
362.1252; (0.95, 0.82, 0.27);
362.1362; (0.95, 0.82, 0.27);
362.1362; (0.95, 0.82, 0.27);
362.1400; (0.95, 0.82, 0.27);
362.1474; (0.95, 0.82, 0.27);
362.1474; (0.95, 0.82, 0.27);
362.1588; (0.95, 0.82, 0.28);
362.1588; (0.95, 0.82, 0.28);
362.1600; (0.95, 0.82, 0.28);
362.1697; (0.95, 0.82, 0.28);
362.1697; (0.96, 0.82, 0.28);
362.1800; (0.95, 0.82, 0.28);
362.1809; (0.96, 0.82, 0.28);
362.1809; (0.96, 0.82, 0.28);
362.1922; (0.96, 0.82, 0.28);
362.1922; (0.96, 0.82, 0.28);
362.2000; (0.96, 0.82, 0.28);
362.2029; (0.96, 0.82, 0.28);
362.2029; (0.96, 0.82, 0.28);
362.2143; (0.96, 0.82, 0.28);
362.2143; (0.96, 0.82, 0.28);
362.2200; (0.96, 0.82, 0.28);
362.2253; (0.96, 0.82, 0.28);
362.2253; (0.96, 0.82, 0.28);
362.2366; (0.96, 0.82, 0.28);
362.2366; (0.96, 0.82, 0.28);
362.2400; (0.96, 0.82, 0.28);
362.2475; (0.96, 0.83, 0.28);
362.2475; (0.97, 0.83, 0.29);
362.2594; (0.97, 0.83, 0.29);
362.2594; (0.97, 0.83, 0.29);
362.2600; (0.97, 0.83, 0.29);
362.2696; (0.97, 0.83, 0.29);
362.2696; (0.97, 0.83, 0.29);
362.2800; (0.97, 0.83, 0.29);
362.2812; (0.97, 0.83, 0.29);
362.2812; (0.97, 0.83, 0.29);
362.2926; (0.97, 0.83, 0.29);
362.2926; (0.97, 0.83, 0.29);
362.3000; (0.97, 0.83, 0.29);
362.3029; (0.98, 0.83, 0.29);
362.3029; (0.98, 0.83, 0.29);
362.3141; (0.98, 0.83, 0.29);
362.3141; (0.98, 0.83, 0.29);
362.3200; (0.98, 0.83, 0.29);
362.3257; (0.98, 0.83, 0.30);
362.3257; (0.98, 0.83, 0.30);
362.3365; (0.98, 0.83, 0.30);
362.3365; (0.98, 0.84, 0.30);
362.3400; (0.98, 0.84, 0.30);
362.3476; (0.98, 0.84, 0.30);
362.3476; (0.98, 0.84, 0.30);
362.3588; (0.98, 0.84, 0.30);
362.3588; (0.98, 0.84, 0.30);
362.3600; (0.98, 0.84, 0.30);
362.3695; (0.98, 0.84, 0.30);
362.3695; (0.98, 0.84, 0.30);
362.3800; (0.98, 0.84, 0.30);
362.3806; (0.98, 0.84, 0.30);
362.3806; (0.98, 0.84, 0.30);
362.3921; (0.98, 0.84, 0.30);
362.3921; (0.98, 0.84, 0.30);
362.4000; (0.98, 0.84, 0.30);
362.4028; (0.98, 0.84, 0.30);
362.4028; (0.98, 0.84, 0.30);
362.4151; (0.98, 0.84, 0.30);
362.4151; (0.98, 0.85, 0.31);
362.4200; (0.98, 0.85, 0.31);
362.4255; (0.98, 0.85, 0.31);
362.4255; (0.98, 0.85, 0.31);
362.4363; (0.98, 0.85, 0.31);
362.4363; (0.98, 0.85, 0.31);
362.4400; (0.98, 0.85, 0.31);
362.4475; (0.98, 0.85, 0.31);
362.4475; (0.98, 0.85, 0.31);
362.4587; (0.98, 0.85, 0.31);
362.4587; (0.98, 0.85, 0.31);
362.4600; (0.98, 0.85, 0.31);
362.4695; (0.98, 0.85, 0.32);
362.4695; (0.98, 0.85, 0.32);
362.4800; (0.98, 0.85, 0.32);
362.4810; (0.98, 0.85, 0.32);
362.4810; (0.98, 0.85, 0.32);
362.4927; (0.98, 0.85, 0.32);
362.4927; (0.98, 0.85, 0.32);
362.5000; (0.98, 0.85, 0.32);
362.5031; (0.98, 0.85, 0.33);
362.5031; (0.98, 0.85, 0.33);
362.5142; (0.98, 0.85, 0.33);
362.5142; (0.98, 0.85, 0.33);
362.5200; (0.98, 0.85, 0.33);
362.5257; (0.98, 0.85, 0.33);
362.5257; (0.98, 0.85, 0.33);
362.5364; (0.98, 0.85, 0.33);
362.5364; (0.98, 0.85, 0.33);
362.5400; (0.98, 0.85, 0.33);
362.5475; (0.98, 0.85, 0.33);
362.5475; (0.98, 0.85, 0.34);
362.5593; (0.98, 0.85, 0.34);
362.5593; (0.98, 0.85, 0.34);
362.5600; (0.98, 0.85, 0.34);
362.5702; (0.98, 0.85, 0.34);
362.5702; (0.98, 0.85, 0.34);
362.5800; (0.98, 0.85, 0.34);
362.5809; (0.98, 0.85, 0.34);
362.5809; (0.98, 0.85, 0.34);
362.5924; (0.98, 0.85, 0.34);
362.5924; (0.98, 0.85, 0.35);
362.6000; (0.98, 0.85, 0.35);
362.6031; (0.98, 0.85, 0.35);
362.6031; (0.98, 0.85, 0.35);
362.6141; (0.98, 0.85, 0.35);
362.6141; (0.98, 0.85, 0.35);
362.6200; (0.98, 0.85, 0.35);
362.6260; (0.98, 0.86, 0.35);
362.6260; (0.98, 0.86, 0.35);
362.6368; (0.98, 0.85, 0.35);
362.6368; (0.98, 0.86, 0.36);
362.6400; (0.98, 0.86, 0.36);
362.6482; (0.98, 0.86, 0.36);
362.6482; (0.98, 0.86, 0.36);
362.6593; (0.99, 0.86, 0.36);
362.6593; (0.99, 0.86, 0.36);
362.6600; (0.99, 0.86, 0.36);
362.6700; (0.98, 0.86, 0.36);
362.6700; (0.98, 0.86, 0.36);
362.6800; (0.98, 0.86, 0.36);
362.6806; (0.98, 0.86, 0.36);
362.6806; (0.98, 0.86, 0.36);
362.6919; (0.98, 0.86, 0.36);
362.6919; (0.98, 0.86, 0.37);
362.7000; (0.98, 0.86, 0.37);
362.7033; (0.98, 0.86, 0.37);
362.7033; (0.98, 0.86, 0.37);
362.7139; (0.98, 0.86, 0.37);
362.7139; (0.97, 0.86, 0.37);
362.7200; (0.97, 0.86, 0.37);
362.7257; (0.97, 0.86, 0.37);
362.7257; (0.97, 0.86, 0.37);
362.7364; (0.97, 0.86, 0.37);
362.7364; (0.97, 0.86, 0.37);
362.7400; (0.97, 0.86, 0.37);
362.7476; (0.97, 0.86, 0.37);
362.7476; (0.97, 0.86, 0.38);
362.7587; (0.97, 0.86, 0.38);
362.7587; (0.97, 0.86, 0.38);
362.7600; (0.97, 0.86, 0.38);
362.7697; (0.97, 0.86, 0.38);
362.7697; (0.97, 0.86, 0.38);
362.7800; (0.97, 0.86, 0.38);
362.7808; (0.96, 0.86, 0.38);
362.7808; (0.96, 0.86, 0.38);
362.7923; (0.96, 0.86, 0.38);
362.7923; (0.96, 0.85, 0.39);
362.8000; (0.96, 0.85, 0.39);
362.8029; (0.96, 0.85, 0.39);
362.8029; (0.96, 0.85, 0.39);
362.8139; (0.96, 0.85, 0.39);
362.8139; (0.96, 0.85, 0.39);
362.8200; (0.96, 0.85, 0.39);
362.8255; (0.96, 0.85, 0.39);
362.8255; (0.96, 0.85, 0.39);
362.8363; (0.96, 0.85, 0.39);
362.8363; (0.96, 0.85, 0.40);
362.8400; (0.96, 0.85, 0.40);
362.8472; (0.96, 0.85, 0.40);
362.8472; (0.95, 0.85, 0.40);
362.8588; (0.95, 0.85, 0.40);
362.8588; (0.95, 0.85, 0.40);
362.8600; (0.95, 0.85, 0.40);
362.8694; (0.95, 0.85, 0.40);
362.8694; (0.95, 0.85, 0.40);
362.8800; (0.95, 0.85, 0.40);
362.8811; (0.95, 0.85, 0.41);
362.8811; (0.95, 0.85, 0.41);
362.8924; (0.95, 0.85, 0.40);
362.8924; (0.95, 0.85, 0.41);
362.9000; (0.95, 0.85, 0.41);
362.9032; (0.94, 0.84, 0.41);
362.9032; (0.94, 0.84, 0.41);
362.9145; (0.94, 0.85, 0.41);
362.9145; (0.94, 0.85, 0.41);
362.9200; (0.94, 0.85, 0.41);
362.9257; (0.94, 0.85, 0.41);
362.9257; (0.94, 0.85, 0.41);
362.9364; (0.94, 0.85, 0.41);
362.9364; (0.94, 0.85, 0.42);
362.9400; (0.94, 0.85, 0.42);
362.9472; (0.94, 0.85, 0.42);
362.9472; (0.94, 0.85, 0.42);
362.9591; (0.94, 0.85, 0.42);
362.9591; (0.93, 0.85, 0.42);
362.9600; (0.93, 0.85, 0.42);
362.9703; (0.93, 0.85, 0.42);
362.9703; (0.93, 0.85, 0.42);
362.9800; (0.93, 0.85, 0.42);
362.9806; (0.93, 0.85, 0.43);
362.9806; (0.93, 0.85, 0.43);
362.9919; (0.93, 0.85, 0.43);
362.9919; (0.93, 0.85, 0.43);
363.0000; (0.93, 0.85, 0.43);
363.0032; (0.92, 0.85, 0.43);
363.0032; (0.92, 0.85, 0.43);
363.0145; (0.92, 0.85, 0.43);
363.0145; (0.92, 0.85, 0.43);
363.0200; (0.92, 0.85, 0.43);
363.0261; (0.92, 0.85, 0.43);
363.0261; (0.92, 0.85, 0.43);
363.0364; (0.92, 0.85, 0.43);
363.0364; (0.92, 0.85, 0.43);
363.0400; (0.92, 0.85, 0.43);
363.0478; (0.92, 0.85, 0.43);
363.0478; (0.91, 0.85, 0.44);
363.0593; (0.91, 0.86, 0.44);
363.0593; (0.91, 0.86, 0.44);
363.0600; (0.91, 0.86, 0.44);
363.0699; (0.91, 0.86, 0.44);
363.0699; (0.91, 0.86, 0.44);
363.0800; (0.91, 0.86, 0.44);
363.0814; (0.90, 0.86, 0.44);
363.0814; (0.90, 0.86, 0.44);
363.0920; (0.90, 0.86, 0.44);
363.0920; (0.90, 0.86, 0.45);
363.1000; (0.90, 0.86, 0.45);
363.1030; (0.90, 0.86, 0.45);
363.1030; (0.90, 0.86, 0.45);
363.1141; (0.90, 0.86, 0.45);
363.1141; (0.90, 0.87, 0.45);
363.1200; (0.90, 0.87, 0.45);
363.1255; (0.90, 0.87, 0.45);
363.1255; (0.90, 0.87, 0.45);
363.1363; (0.90, 0.87, 0.45);
363.1363; (0.90, 0.87, 0.45);
363.1400; (0.90, 0.87, 0.45);
363.1473; (0.90, 0.87, 0.45);
363.1473; (0.89, 0.87, 0.46);
363.1586; (0.89, 0.87, 0.46);
363.1586; (0.89, 0.87, 0.46);
363.1600; (0.89, 0.87, 0.46);
363.1701; (0.89, 0.87, 0.46);
363.1701; (0.89, 0.87, 0.46);
363.1800; (0.89, 0.87, 0.46);
363.1808; (0.89, 0.87, 0.46);
363.1808; (0.89, 0.87, 0.46);
363.1924; (0.89, 0.87, 0.46);
363.1924; (0.89, 0.87, 0.46);
363.2000; (0.89, 0.87, 0.46);
363.2029; (0.88, 0.87, 0.47);
363.2029; (0.88, 0.87, 0.47);
363.2141; (0.88, 0.87, 0.47);
363.2141; (0.88, 0.87, 0.47);
363.2200; (0.88, 0.87, 0.47);
363.2256; (0.88, 0.87, 0.47);
363.2256; (0.88, 0.87, 0.47);
363.2362; (0.88, 0.87, 0.47);
363.2362; (0.88, 0.87, 0.48);
363.2400; (0.88, 0.87, 0.48);
363.2473; (0.88, 0.87, 0.47);
363.2473; (0.88, 0.87, 0.48);
363.2593; (0.88, 0.87, 0.48);
363.2593; (0.88, 0.87, 0.48);
363.2600; (0.88, 0.87, 0.48);
363.2698; (0.88, 0.87, 0.48);
363.2698; (0.88, 0.87, 0.48);
363.2800; (0.88, 0.87, 0.48);
363.2810; (0.87, 0.88, 0.48);
363.2810; (0.87, 0.88, 0.48);
363.2923; (0.88, 0.88, 0.48);
363.2923; (0.87, 0.88, 0.48);
363.3000; (0.87, 0.88, 0.48);
363.3029; (0.87, 0.88, 0.48);
363.3029; (0.87, 0.88, 0.48);
363.3140; (0.87, 0.88, 0.48);
363.3140; (0.87, 0.88, 0.49);
363.3200; (0.87, 0.88, 0.49);
363.3255; (0.87, 0.88, 0.49);
363.3255; (0.87, 0.88, 0.49);
363.3361; (0.87, 0.88, 0.49);
363.3361; (0.87, 0.88, 0.49);
363.3400; (0.87, 0.88, 0.49);
363.3475; (0.87, 0.88, 0.49);
363.3475; (0.87, 0.88, 0.49);
363.3589; (0.87, 0.88, 0.49);
363.3589; (0.87, 0.88, 0.49);
363.3600; (0.87, 0.88, 0.49);
363.3696; (0.87, 0.88, 0.49);
363.3696; (0.87, 0.88, 0.49);
363.3800; (0.87, 0.88, 0.49);
363.3806; (0.87, 0.88, 0.49);
363.3806; (0.87, 0.88, 0.49);
363.3921; (0.87, 0.88, 0.49);
363.3921; (0.87, 0.88, 0.50);
363.4000; (0.87, 0.88, 0.50);
363.4030; (0.87, 0.88, 0.50);
363.4030; (0.87, 0.88, 0.50);
363.4141; (0.87, 0.88, 0.50);
363.4141; (0.87, 0.88, 0.50);
363.4200; (0.87, 0.88, 0.50);
363.4255; (0.86, 0.88, 0.50);
363.4255; (0.86, 0.88, 0.50);
363.4365; (0.86, 0.88, 0.50);
363.4365; (0.86, 0.88, 0.50);
363.4400; (0.86, 0.88, 0.50);
363.4474; (0.86, 0.88, 0.50);
363.4474; (0.86, 0.88, 0.50);
363.4588; (0.86, 0.88, 0.50);
363.4588; (0.86, 0.88, 0.50);
363.4600; (0.86, 0.88, 0.50);
363.4697; (0.86, 0.88, 0.50);
363.4697; (0.86, 0.88, 0.50);
363.4800; (0.86, 0.88, 0.50);
363.4807; (0.86, 0.88, 0.50);
363.4807; (0.86, 0.88, 0.50);
363.4919; (0.86, 0.88, 0.50);
363.4919; (0.86, 0.88, 0.51);
363.5000; (0.86, 0.88, 0.51);
363.5031; (0.86, 0.88, 0.51);
363.5031; (0.86, 0.88, 0.51);
363.5141; (0.86, 0.88, 0.51);
363.5141; (0.86, 0.88, 0.51);
363.5200; (0.86, 0.88, 0.51);
363.5254; (0.86, 0.88, 0.51);
363.5254; (0.86, 0.88, 0.51);
363.5365; (0.86, 0.88, 0.51);
363.5365; (0.86, 0.88, 0.51);
363.5400; (0.86, 0.88, 0.51);
363.5475; (0.86, 0.88, 0.51);
363.5475; (0.86, 0.88, 0.51);
363.5587; (0.86, 0.88, 0.51);
363.5587; (0.86, 0.88, 0.52);
363.5600; (0.86, 0.88, 0.52);
363.5695; (0.86, 0.88, 0.52);
363.5695; (0.86, 0.88, 0.52);
363.5800; (0.86, 0.88, 0.52);
363.5810; (0.85, 0.88, 0.52);
363.5810; (0.85, 0.88, 0.52);
363.5920; (0.85, 0.88, 0.52);
363.5920; (0.85, 0.88, 0.52);
363.6000; (0.85, 0.88, 0.52);
363.6030; (0.85, 0.88, 0.52);
363.6030; (0.85, 0.88, 0.52);
363.6139; (0.85, 0.88, 0.52);
363.6139; (0.85, 0.88, 0.52);
363.6200; (0.85, 0.88, 0.52);
363.6256; (0.85, 0.88, 0.52);
363.6256; (0.85, 0.88, 0.52);
363.6365; (0.85, 0.88, 0.52);
363.6365; (0.85, 0.88, 0.53);
363.6400; (0.85, 0.88, 0.53);
363.6476; (0.85, 0.88, 0.53);
363.6476; (0.85, 0.88, 0.53);
363.6591; (0.85, 0.88, 0.53);
363.6591; (0.85, 0.88, 0.53);
363.6600; (0.85, 0.88, 0.53);
363.6699; (0.85, 0.88, 0.53);
363.6699; (0.85, 0.88, 0.53);
363.6800; (0.85, 0.88, 0.53);
363.6809; (0.85, 0.88, 0.53);
363.6809; (0.85, 0.88, 0.53);
363.6927; (0.85, 0.88, 0.53);
363.6927; (0.85, 0.88, 0.53);
363.7000; (0.85, 0.88, 0.53);
363.7033; (0.85, 0.88, 0.53);
363.7033; (0.85, 0.88, 0.53);
363.7151; (0.85, 0.88, 0.53);
363.7151; (0.85, 0.88, 0.53);
363.7200; (0.85, 0.88, 0.53);
363.7255; (0.85, 0.88, 0.54);
363.7255; (0.85, 0.88, 0.54);
363.7365; (0.85, 0.88, 0.54);
363.7365; (0.85, 0.88, 0.54);
363.7400; (0.85, 0.88, 0.54);
363.7479; (0.85, 0.88, 0.54);
363.7479; (0.85, 0.88, 0.54);
363.7588; (0.85, 0.88, 0.54);
363.7588; (0.85, 0.88, 0.54);
363.7600; (0.85, 0.88, 0.54);
363.7697; (0.85, 0.88, 0.54);
363.7697; (0.85, 0.88, 0.54);
363.7800; (0.85, 0.88, 0.54);
363.7808; (0.85, 0.88, 0.54);
363.7808; (0.85, 0.88, 0.54);
363.7921; (0.85, 0.88, 0.54);
363.7921; (0.85, 0.88, 0.54);
363.8000; (0.85, 0.88, 0.54);
363.8031; (0.85, 0.88, 0.54);
363.8031; (0.85, 0.88, 0.54);
363.8141; (0.85, 0.88, 0.54);
363.8141; (0.85, 0.88, 0.54);
363.8200; (0.85, 0.88, 0.54);
363.8254; (0.85, 0.88, 0.54);
363.8254; (0.85, 0.88, 0.54);
363.8364; (0.85, 0.88, 0.54);
363.8364; (0.85, 0.88, 0.54);
363.8400; (0.85, 0.88, 0.54);
363.8476; (0.85, 0.88, 0.54);
363.8476; (0.85, 0.88, 0.54);
363.8589; (0.85, 0.88, 0.54);
363.8589; (0.85, 0.88, 0.54);
363.8600; (0.85, 0.88, 0.54);
363.8698; (0.85, 0.88, 0.54);
363.8698; (0.85, 0.89, 0.54);
363.8800; (0.85, 0.89, 0.54);
363.8809; (0.85, 0.89, 0.54);
363.8809; (0.85, 0.89, 0.54);
363.8921; (0.85, 0.89, 0.54);
363.8921; (0.85, 0.89, 0.55);
363.9000; (0.85, 0.89, 0.55);
363.9034; (0.85, 0.89, 0.55);
363.9034; (0.85, 0.89, 0.55);
363.9152; (0.85, 0.89, 0.55);
363.9152; (0.85, 0.89, 0.55);
363.9200; (0.85, 0.89, 0.55);
363.9254; (0.85, 0.89, 0.55);
363.9254; (0.85, 0.89, 0.55);
363.9362; (0.85, 0.89, 0.55);
363.9362; (0.85, 0.89, 0.55);
363.9400; (0.85, 0.89, 0.55);
363.9474; (0.85, 0.89, 0.55);
363.9474; (0.85, 0.89, 0.55);
363.9585; (0.85, 0.89, 0.55);
363.9585; (0.85, 0.89, 0.55);
363.9600; (0.85, 0.89, 0.55);
363.9698; (0.85, 0.89, 0.55);
363.9698; (0.85, 0.89, 0.55);
363.9800; (0.85, 0.89, 0.55);
363.9810; (0.86, 0.89, 0.55);
363.9810; (0.86, 0.89, 0.55);
363.9923; (0.86, 0.89, 0.55);
363.9923; (0.86, 0.89, 0.55);
364.0000; (0.86, 0.89, 0.55);
364.0028; (0.86, 0.90, 0.55);
364.0028; (0.86, 0.90, 0.55);
364.0142; (0.86, 0.90, 0.55);
364.0142; (0.86, 0.90, 0.55);
364.0200; (0.86, 0.90, 0.55);
364.0253; (0.86, 0.90, 0.55);
364.0253; (0.86, 0.90, 0.55);
364.0366; (0.86, 0.90, 0.55);
364.0366; (0.86, 0.90, 0.55);
364.0400; (0.86, 0.90, 0.55);
364.0482; (0.86, 0.90, 0.55);
364.0482; (0.86, 0.90, 0.55);
364.0588; (0.86, 0.90, 0.55);
364.0588; (0.86, 0.90, 0.55);
364.0600; (0.86, 0.90, 0.55);
364.0700; (0.86, 0.90, 0.55);
364.0700; (0.86, 0.90, 0.55);
364.0800; (0.86, 0.90, 0.55);
364.0807; (0.86, 0.90, 0.55);
364.0807; (0.86, 0.90, 0.55);
364.0922; (0.86, 0.90, 0.55);
364.0922; (0.86, 0.90, 0.55);
364.1000; (0.86, 0.90, 0.55);
364.1033; (0.86, 0.90, 0.55);
364.1033; (0.86, 0.90, 0.55);
364.1144; (0.86, 0.90, 0.55);
364.1144; (0.86, 0.90, 0.56);
364.1200; (0.86, 0.90, 0.55);
364.1255; (0.86, 0.90, 0.55);
364.1255; (0.86, 0.90, 0.55);
364.1363; (0.86, 0.90, 0.55);
364.1363; (0.86, 0.90, 0.56);
364.1400; (0.86, 0.90, 0.56);
364.1475; (0.86, 0.90, 0.55);
364.1475; (0.86, 0.90, 0.56);
364.1590; (0.86, 0.90, 0.55);
364.1590; (0.86, 0.90, 0.55);
364.1600; (0.86, 0.90, 0.55);
364.1698; (0.86, 0.90, 0.54);
364.1698; (0.86, 0.90, 0.54);
364.1800; (0.87, 0.90, 0.54);
364.1810; (0.87, 0.90, 0.54);
364.1810; (0.87, 0.90, 0.54);
364.1919; (0.87, 0.90, 0.54);
364.1919; (0.87, 0.90, 0.54);
364.2000; (0.87, 0.90, 0.54);
364.2033; (0.87, 0.90, 0.54);
364.2033; (0.87, 0.90, 0.54);
364.2143; (0.87, 0.90, 0.54);
364.2143; (0.87, 0.90, 0.54);
364.2200; (0.87, 0.90, 0.54);
364.2256; (0.87, 0.90, 0.54);
364.2256; (0.87, 0.90, 0.54);
364.2363; (0.87, 0.90, 0.54);
364.2363; (0.87, 0.90, 0.54);
364.2400; (0.87, 0.90, 0.54);
364.2480; (0.87, 0.90, 0.54);
364.2480; (0.87, 0.90, 0.54);
364.2590; (0.87, 0.90, 0.54);
364.2590; (0.87, 0.90, 0.54);
364.2600; (0.87, 0.90, 0.54);
364.2700; (0.87, 0.90, 0.54);
364.2700; (0.87, 0.90, 0.54);
364.2800; (0.87, 0.90, 0.54);
364.2810; (0.87, 0.90, 0.54);
364.2810; (0.87, 0.90, 0.54);
364.2923; (0.87, 0.90, 0.54);
364.2923; (0.87, 0.90, 0.54);
364.3000; (0.87, 0.90, 0.54);
364.3032; (0.87, 0.90, 0.54);
364.3032; (0.87, 0.90, 0.54);
364.3142; (0.87, 0.90, 0.54);
364.3142; (0.87, 0.90, 0.54);
364.3200; (0.87, 0.90, 0.54);
364.3253; (0.87, 0.90, 0.54);
364.3253; (0.87, 0.90, 0.54);
364.3367; (0.87, 0.90, 0.54);
364.3367; (0.87, 0.90, 0.54);
364.3400; (0.87, 0.90, 0.54);
364.3479; (0.87, 0.90, 0.54);
364.3479; (0.87, 0.90, 0.54);
364.3588; (0.87, 0.90, 0.54);
364.3588; (0.87, 0.90, 0.54);
364.3600; (0.87, 0.90, 0.54);
364.3696; (0.87, 0.90, 0.54);
364.3696; (0.87, 0.90, 0.54);
364.3800; (0.87, 0.90, 0.55);
364.3810; (0.87, 0.90, 0.55);
364.3810; (0.87, 0.90, 0.55);
364.3922; (0.87, 0.90, 0.55);
364.3922; (0.87, 0.90, 0.55);
364.4000; (0.87, 0.90, 0.55);
364.4029; (0.87, 0.90, 0.55);
364.4029; (0.87, 0.90, 0.55);
364.4143; (0.87, 0.90, 0.55);
364.4143; (0.87, 0.90, 0.55);
364.4200; (0.87, 0.90, 0.55);
364.4262; (0.87, 0.90, 0.55);
364.4262; (0.87, 0.90, 0.55);
364.4370; (0.87, 0.90, 0.55);
364.4370; (0.87, 0.90, 0.55);
364.4400; (0.87, 0.90, 0.55);
364.4482; (0.87, 0.90, 0.55);
364.4482; (0.87, 0.90, 0.55);
364.4593; (0.88, 0.91, 0.55);
364.4593; (0.88, 0.91, 0.55);
364.4600; (0.88, 0.91, 0.55);
364.4704; (0.88, 0.91, 0.55);
364.4704; (0.88, 0.91, 0.55);
364.4800; (0.88, 0.91, 0.55);
364.4813; (0.88, 0.91, 0.55);
364.4813; (0.88, 0.91, 0.55);
364.4926; (0.88, 0.91, 0.55);
364.4926; (0.88, 0.91, 0.55);
364.5000; (0.88, 0.91, 0.55);
364.5039; (0.88, 0.91, 0.55);
364.5039; (0.88, 0.91, 0.55);
364.5148; (0.88, 0.91, 0.55);
364.5148; (0.88, 0.91, 0.55);
364.5200; (0.88, 0.91, 0.55);
364.5262; (0.88, 0.91, 0.55);
364.5262; (0.88, 0.91, 0.55);
364.5372; (0.88, 0.91, 0.55);
364.5372; (0.88, 0.91, 0.55);
364.5400; (0.88, 0.91, 0.55);
364.5487; (0.88, 0.91, 0.55);
364.5487; (0.88, 0.91, 0.55);
364.5596; (0.88, 0.91, 0.55);
364.5596; (0.88, 0.91, 0.55);
364.5600; (0.88, 0.91, 0.55);
364.5706; (0.88, 0.91, 0.55);
364.5706; (0.88, 0.91, 0.55);
364.5800; (0.88, 0.91, 0.55);
364.5820; (0.88, 0.91, 0.55);
364.5820; (0.88, 0.91, 0.55);
364.5935; (0.88, 0.91, 0.55);
364.5935; (0.88, 0.92, 0.55);
364.6000; (0.88, 0.92, 0.55);
364.6044; (0.88, 0.92, 0.55);
364.6044; (0.88, 0.92, 0.55);
364.6160; (0.88, 0.92, 0.55);
364.6160; (0.88, 0.92, 0.55);
364.6200; (0.88, 0.92, 0.55);
364.6272; (0.89, 0.92, 0.56);
364.6272; (0.89, 0.92, 0.56);
364.6378; (0.89, 0.92, 0.55);
364.6378; (0.89, 0.92, 0.56);
364.6400; (0.89, 0.92, 0.56);
364.6492; (0.89, 0.92, 0.56);
364.6492; (0.89, 0.92, 0.56);
364.6600; (0.89, 0.92, 0.55);
364.6604; (0.89, 0.92, 0.55);
364.6604; (0.89, 0.92, 0.55);
364.6715; (0.89, 0.92, 0.55);
364.6715; (0.89, 0.92, 0.56);
364.6800; (0.89, 0.92, 0.56);
364.6826; (0.89, 0.92, 0.56);
364.6826; (0.89, 0.92, 0.56);
364.6940; (0.89, 0.92, 0.56);
364.6940; (0.89, 0.92, 0.56);
364.7000; (0.89, 0.92, 0.56);
364.7048; (0.89, 0.92, 0.56);
364.7048; (0.89, 0.92, 0.56);
364.7164; (0.89, 0.92, 0.56);
364.7164; (0.89, 0.92, 0.56);
364.7200; (0.89, 0.92, 0.56);
364.7277; (0.89, 0.92, 0.56);
364.7277; (0.89, 0.92, 0.56);
364.7385; (0.89, 0.92, 0.56);
364.7385; (0.89, 0.92, 0.56);
364.7400; (0.89, 0.92, 0.56);
364.7503; (0.89, 0.92, 0.56);
364.7503; (0.89, 0.92, 0.56);
364.7600; (0.89, 0.92, 0.56);
364.7611; (0.89, 0.92, 0.56);
364.7611; (0.89, 0.92, 0.56);
364.7721; (0.89, 0.92, 0.56);
364.7721; (0.89, 0.92, 0.56);
364.7800; (0.89, 0.92, 0.56);
364.7828; (0.89, 0.92, 0.56);
364.7828; (0.89, 0.92, 0.56);
364.7949; (0.89, 0.92, 0.56);
364.7949; (0.89, 0.92, 0.56);
364.8000; (0.89, 0.92, 0.56);
364.8055; (0.90, 0.92, 0.56);
364.8055; (0.90, 0.92, 0.56);
364.8164; (0.90, 0.92, 0.56);
364.8164; (0.90, 0.92, 0.56);
364.8200; (0.90, 0.92, 0.56);
364.8277; (0.90, 0.92, 0.56);
364.8277; (0.90, 0.92, 0.56);
364.8387; (0.90, 0.92, 0.56);
364.8387; (0.90, 0.92, 0.56);
364.8400; (0.90, 0.92, 0.56);
364.8498; (0.89, 0.92, 0.56);
364.8498; (0.89, 0.92, 0.56);
364.8600; (0.89, 0.92, 0.56);
364.8610; (0.89, 0.92, 0.56);
364.8610; (0.89, 0.92, 0.56);
364.8718; (0.89, 0.92, 0.55);
364.8718; (0.89, 0.92, 0.55);
364.8800; (0.89, 0.92, 0.55);
364.8828; (0.89, 0.92, 0.55);
364.8828; (0.89, 0.92, 0.55);
364.8943; (0.89, 0.92, 0.55);
364.8943; (0.89, 0.92, 0.55);
364.9000; (0.89, 0.92, 0.55);
364.9052; (0.89, 0.92, 0.55);
364.9052; (0.89, 0.92, 0.55);
364.9161; (0.89, 0.92, 0.55);
364.9161; (0.89, 0.92, 0.55);
364.9200; (0.89, 0.92, 0.55);
364.9278; (0.89, 0.92, 0.55);
364.9278; (0.89, 0.92, 0.55);
364.9385; (0.89, 0.92, 0.55);
364.9385; (0.89, 0.92, 0.55);
364.9400; (0.89, 0.92, 0.55);
364.9501; (0.89, 0.92, 0.55);
364.9501; (0.89, 0.92, 0.55);
364.9600; (0.89, 0.92, 0.55);
364.9611; (0.89, 0.92, 0.55);
364.9611; (0.89, 0.92, 0.55);
364.9718; (0.89, 0.92, 0.55);
364.9718; (0.89, 0.92, 0.55);
364.9800; (0.89, 0.92, 0.55);
364.9831; (0.89, 0.92, 0.55);
364.9831; (0.89, 0.92, 0.55);
364.9942; (0.89, 0.92, 0.55);
364.9942; (0.89, 0.92, 0.55);
365.0000; (0.89, 0.92, 0.55);
365.0054; (0.88, 0.92, 0.55);
365.0054; (0.88, 0.92, 0.55);
365.0166; (0.88, 0.92, 0.55);
365.0166; (0.88, 0.92, 0.55);
365.0200; (0.88, 0.92, 0.55);
365.0280; (0.88, 0.92, 0.55);
365.0280; (0.88, 0.92, 0.55);
365.0384; (0.88, 0.92, 0.55);
365.0384; (0.88, 0.92, 0.55);
365.0400; (0.88, 0.92, 0.55);
365.0496; (0.88, 0.92, 0.55);
365.0496; (0.88, 0.92, 0.55);
365.0600; (0.88, 0.92, 0.55);
365.0609; (0.88, 0.92, 0.55);
365.0609; (0.88, 0.92, 0.55);
365.0720; (0.88, 0.92, 0.55);
365.0720; (0.88, 0.92, 0.55);
365.0800; (0.88, 0.92, 0.55);
365.0828; (0.88, 0.92, 0.55);
365.0828; (0.88, 0.92, 0.55);
365.0946; (0.88, 0.92, 0.55);
365.0946; (0.88, 0.92, 0.55);
365.1000; (0.88, 0.92, 0.55);
365.1053; (0.88, 0.92, 0.55);
365.1053; (0.88, 0.92, 0.55);
365.1165; (0.88, 0.92, 0.55);
365.1165; (0.88, 0.92, 0.55);
365.1200; (0.88, 0.91, 0.55);
365.1276; (0.88, 0.91, 0.55);
365.1276; (0.88, 0.91, 0.55);
365.1385; (0.88, 0.91, 0.55);
365.1385; (0.87, 0.91, 0.55);
365.1400; (0.87, 0.91, 0.55);
365.1495; (0.87, 0.91, 0.55);
365.1495; (0.87, 0.91, 0.55);
365.1600; (0.87, 0.91, 0.55);
365.1611; (0.87, 0.91, 0.55);
365.1611; (0.87, 0.91, 0.55);
365.1717; (0.87, 0.91, 0.55);
365.1717; (0.87, 0.91, 0.55);
365.1800; (0.87, 0.91, 0.55);
365.1832; (0.87, 0.91, 0.55);
365.1832; (0.87, 0.91, 0.55);
365.1945; (0.87, 0.92, 0.55);
365.1945; (0.87, 0.92, 0.54);
365.2000; (0.87, 0.92, 0.54);
365.2054; (0.87, 0.92, 0.54);
365.2054; (0.87, 0.92, 0.54);
365.2163; (0.87, 0.92, 0.54);
365.2163; (0.87, 0.92, 0.54);
365.2200; (0.87, 0.92, 0.54);
365.2275; (0.87, 0.92, 0.54);
365.2275; (0.87, 0.92, 0.54);
365.2384; (0.87, 0.92, 0.54);
365.2384; (0.87, 0.92, 0.54);
365.2400; (0.87, 0.92, 0.54);
365.2500; (0.87, 0.92, 0.54);
365.2500; (0.87, 0.92, 0.54);
365.2600; (0.87, 0.92, 0.54);
365.2613; (0.87, 0.92, 0.54);
365.2613; (0.87, 0.92, 0.54);
365.2721; (0.87, 0.92, 0.54);
365.2721; (0.87, 0.92, 0.54);
365.2800; (0.87, 0.92, 0.54);
365.2833; (0.87, 0.92, 0.54);
365.2833; (0.87, 0.92, 0.54);
365.2949; (0.87, 0.92, 0.54);
365.2949; (0.87, 0.92, 0.54);
365.3000; (0.87, 0.92, 0.54);
365.3054; (0.87, 0.92, 0.54);
365.3054; (0.87, 0.92, 0.54);
365.3164; (0.87, 0.92, 0.54);
365.3164; (0.87, 0.92, 0.54);
365.3200; (0.87, 0.92, 0.54);
365.3274; (0.87, 0.92, 0.54);
365.3274; (0.87, 0.92, 0.54);
365.3388; (0.87, 0.92, 0.54);
365.3388; (0.87, 0.92, 0.54);
365.3400; (0.87, 0.92, 0.54);
365.3498; (0.87, 0.92, 0.54);
365.3498; (0.86, 0.92, 0.54);
365.3600; (0.86, 0.92, 0.54);
365.3608; (0.86, 0.92, 0.54);
365.3608; (0.86, 0.92, 0.54);
365.3717; (0.86, 0.92, 0.54);
365.3717; (0.86, 0.92, 0.54);
365.3800; (0.86, 0.92, 0.54);
365.3828; (0.86, 0.92, 0.53);
365.3828; (0.86, 0.92, 0.53);
365.3942; (0.86, 0.92, 0.54);
365.3942; (0.86, 0.92, 0.53);
365.4000; (0.86, 0.92, 0.53);
365.4050; (0.86, 0.92, 0.53);
365.4050; (0.86, 0.92, 0.53);
365.4163; (0.86, 0.92, 0.53);
365.4163; (0.86, 0.92, 0.53);
365.4200; (0.86, 0.92, 0.53);
365.4277; (0.86, 0.92, 0.53);
365.4277; (0.86, 0.92, 0.53);
365.4384; (0.86, 0.92, 0.53);
365.4384; (0.86, 0.92, 0.53);
365.4400; (0.86, 0.92, 0.53);
365.4497; (0.86, 0.92, 0.53);
365.4497; (0.86, 0.92, 0.53);
365.4600; (0.86, 0.93, 0.53);
365.4612; (0.86, 0.93, 0.53);
365.4612; (0.86, 0.93, 0.53);
365.4720; (0.86, 0.93, 0.53);
365.4720; (0.86, 0.93, 0.53);
365.4800; (0.86, 0.93, 0.53);
365.4833; (0.86, 0.93, 0.53);
365.4833; (0.86, 0.93, 0.53);
365.4942; (0.86, 0.93, 0.53);
365.4942; (0.86, 0.93, 0.52);
365.5000; (0.86, 0.93, 0.53);
365.5050; (0.86, 0.93, 0.52);
365.5050; (0.86, 0.93, 0.52);
365.5164; (0.86, 0.93, 0.52);
365.5164; (0.86, 0.93, 0.52);
365.5200; (0.86, 0.93, 0.52);
365.5277; (0.86, 0.93, 0.52);
365.5277; (0.86, 0.92, 0.52);
365.5386; (0.86, 0.92, 0.52);
365.5386; (0.86, 0.92, 0.52);
365.5400; (0.86, 0.92, 0.52);
365.5497; (0.86, 0.92, 0.52);
365.5497; (0.85, 0.92, 0.52);
365.5600; (0.86, 0.92, 0.52);
365.5608; (0.85, 0.92, 0.52);
365.5608; (0.85, 0.92, 0.52);
365.5716; (0.85, 0.92, 0.52);
365.5716; (0.85, 0.92, 0.52);
365.5800; (0.85, 0.92, 0.52);
365.5832; (0.85, 0.92, 0.52);
365.5832; (0.85, 0.92, 0.52);
365.5945; (0.85, 0.92, 0.52);
365.5945; (0.85, 0.92, 0.52);
365.6000; (0.85, 0.92, 0.52);
365.6053; (0.85, 0.93, 0.51);
365.6053; (0.85, 0.93, 0.51);
365.6163; (0.85, 0.93, 0.52);
365.6163; (0.85, 0.93, 0.52);
365.6200; (0.85, 0.93, 0.52);
