Experiment: 1
Latency: 0
Source: (0.12, 0.08, 0.50)
SourceSize: 0.0750
Target: (0.88, 0.92, 0.50)
TargetSize: 0.0750

Trace:
time; position; button;
22.4892; (0.13, 0.10, 0.49);
22.4892; (0.13, 0.10, 0.49);
22.5000; (0.13, 0.10, 0.49);
22.5004; (0.13, 0.11, 0.49);
22.5004; (0.13, 0.11, 0.49);
22.5113; (0.13, 0.11, 0.49);
22.5113; (0.13, 0.11, 0.48);
22.5200; (0.13, 0.12, 0.48);
22.5222; (0.13, 0.12, 0.48);
22.5222; (0.13, 0.12, 0.48);
22.5329; (0.13, 0.12, 0.48);
22.5329; (0.13, 0.12, 0.48);
22.5400; (0.13, 0.13, 0.48);
22.5440; (0.13, 0.13, 0.48);
22.5440; (0.13, 0.13, 0.48);
22.5600; (0.15, 0.16, 0.47);
22.5669; (0.15, 0.17, 0.47);
22.5669; (0.15, 0.17, 0.47);
22.5774; (0.16, 0.18, 0.47);
22.5774; (0.17, 0.19, 0.47);
22.5800; (0.17, 0.20, 0.47);
22.5891; (0.18, 0.21, 0.46);
22.5891; (0.18, 0.21, 0.46);
22.5998; (0.19, 0.21, 0.46);
22.5998; (0.20, 0.22, 0.46);
22.6000; (0.20, 0.23, 0.46);
22.6113; (0.22, 0.24, 0.46);
22.6113; (0.22, 0.24, 0.46);
22.6200; (0.22, 0.25, 0.46);
22.6223; (0.24, 0.26, 0.45);
22.6223; (0.24, 0.26, 0.45);
22.6329; (0.25, 0.27, 0.45);
22.6329; (0.26, 0.29, 0.45);
22.6400; (0.27, 0.29, 0.45);
22.6448; (0.28, 0.31, 0.45);
22.6448; (0.28, 0.31, 0.45);
22.6560; (0.29, 0.31, 0.45);
22.6560; (0.31, 0.33, 0.44);
22.6600; (0.31, 0.33, 0.45);
22.6671; (0.33, 0.35, 0.44);
22.6671; (0.33, 0.35, 0.44);
22.6774; (0.34, 0.36, 0.44);
22.6774; (0.36, 0.37, 0.44);
22.6800; (0.36, 0.37, 0.44);
22.6891; (0.38, 0.39, 0.44);
22.6891; (0.38, 0.39, 0.44);
22.7000; (0.38, 0.39, 0.44);
22.7002; (0.40, 0.41, 0.44);
22.7002; (0.40, 0.41, 0.44);
22.7109; (0.40, 0.41, 0.44);
22.7109; (0.42, 0.42, 0.44);
22.7200; (0.43, 0.42, 0.45);
22.7218; (0.45, 0.43, 0.44);
22.7218; (0.45, 0.43, 0.44);
22.7332; (0.45, 0.43, 0.45);
22.7332; (0.47, 0.45, 0.45);
22.7400; (0.47, 0.45, 0.45);
22.7442; (0.49, 0.46, 0.45);
22.7442; (0.49, 0.46, 0.45);
22.7560; (0.50, 0.46, 0.46);
22.7560; (0.52, 0.48, 0.45);
22.7600; (0.52, 0.48, 0.46);
22.7669; (0.54, 0.49, 0.46);
22.7669; (0.54, 0.49, 0.46);
22.7774; (0.54, 0.49, 0.46);
22.7774; (0.57, 0.51, 0.46);
22.7800; (0.57, 0.51, 0.47);
22.7893; (0.59, 0.52, 0.47);
22.7893; (0.59, 0.52, 0.47);
22.8000; (0.59, 0.52, 0.47);
22.8007; (0.61, 0.53, 0.47);
22.8007; (0.61, 0.53, 0.47);
22.8109; (0.61, 0.53, 0.47);
22.8109; (0.63, 0.55, 0.47);
22.8200; (0.63, 0.55, 0.47);
22.8218; (0.66, 0.56, 0.47);
22.8218; (0.66, 0.56, 0.47);
22.8332; (0.66, 0.56, 0.47);
22.8332; (0.68, 0.57, 0.47);
22.8400; (0.68, 0.57, 0.47);
22.8446; (0.70, 0.59, 0.47);
22.8446; (0.70, 0.59, 0.47);
22.8550; (0.70, 0.59, 0.47);
22.8550; (0.72, 0.60, 0.47);
22.8600; (0.72, 0.60, 0.47);
22.8666; (0.74, 0.62, 0.47);
22.8666; (0.74, 0.62, 0.47);
22.8778; (0.74, 0.62, 0.47);
22.8778; (0.76, 0.63, 0.46);
22.8800; (0.75, 0.63, 0.46);
22.8888; (0.77, 0.65, 0.46);
22.8888; (0.77, 0.65, 0.46);
22.8999; (0.77, 0.65, 0.46);
22.8999; (0.79, 0.66, 0.46);
22.9000; (0.78, 0.66, 0.46);
22.9110; (0.80, 0.68, 0.46);
22.9110; (0.80, 0.68, 0.46);
22.9200; (0.79, 0.68, 0.46);
22.9220; (0.80, 0.70, 0.46);
22.9220; (0.80, 0.70, 0.46);
22.9330; (0.80, 0.70, 0.46);
22.9330; (0.81, 0.71, 0.46);
22.9400; (0.80, 0.72, 0.46);
22.9440; (0.82, 0.73, 0.45);
22.9440; (0.82, 0.73, 0.45);
22.9558; (0.81, 0.74, 0.45);
22.9558; (0.82, 0.75, 0.45);
22.9600; (0.82, 0.75, 0.45);
22.9667; (0.83, 0.77, 0.44);
22.9667; (0.83, 0.77, 0.44);
22.9774; (0.83, 0.77, 0.44);
22.9774; (0.84, 0.79, 0.44);
22.9800; (0.83, 0.78, 0.44);
22.9890; (0.84, 0.80, 0.44);
22.9890; (0.84, 0.80, 0.44);
23.0000; (0.84, 0.80, 0.44);
23.0075; (0.85, 0.81, 0.44);
23.0075; (0.85, 0.81, 0.44);
23.0110; (0.85, 0.81, 0.44);
23.0110; (0.85, 0.83, 0.44);
23.0200; (0.85, 0.82, 0.44);
23.0220; (0.86, 0.84, 0.44);
23.0220; (0.86, 0.84, 0.44);
23.0331; (0.85, 0.83, 0.44);
23.0331; (0.86, 0.85, 0.44);
23.0400; (0.86, 0.84, 0.44);
23.0441; (0.86, 0.86, 0.44);
23.0441; (0.86, 0.86, 0.44);
23.0556; (0.86, 0.85, 0.44);
23.0556; (0.87, 0.86, 0.44);
23.0600; (0.86, 0.86, 0.44);
23.0664; (0.87, 0.87, 0.44);
23.0664; (0.87, 0.87, 0.44);
23.0778; (0.86, 0.86, 0.44);
23.0778; (0.87, 0.87, 0.44);
23.0800; (0.86, 0.87, 0.44);
23.0884; (0.87, 0.88, 0.44);
23.0884; (0.87, 0.88, 0.44);
23.0995; (0.87, 0.87, 0.45);
23.0995; (0.87, 0.88, 0.45);
23.1000; (0.87, 0.88, 0.45);
23.1111; (0.87, 0.88, 0.45);
23.1111; (0.87, 0.88, 0.45);
23.1200; (0.87, 0.88, 0.45);
23.1217; (0.87, 0.89, 0.45);
23.1217; (0.87, 0.89, 0.45);
23.1330; (0.87, 0.88, 0.45);
23.1330; (0.87, 0.89, 0.46);
23.1400; (0.87, 0.89, 0.46);
23.1441; (0.87, 0.89, 0.46);
23.1441; (0.87, 0.89, 0.46);
23.1557; (0.87, 0.89, 0.46);
23.1557; (0.87, 0.89, 0.46);
23.1600; (0.87, 0.89, 0.46);
23.1668; (0.88, 0.90, 0.46);
23.1668; (0.88, 0.90, 0.46);
23.1777; (0.88, 0.89, 0.47);
23.1777; (0.88, 0.90, 0.47);
23.1800; (0.88, 0.89, 0.47);
23.1891; (0.88, 0.90, 0.47);
23.1891; (0.88, 0.90, 0.47);
23.2000; (0.88, 0.90, 0.47);
23.2002; (0.88, 0.90, 0.47);
23.2002; (0.88, 0.90, 0.47);
23.2117; (0.88, 0.90, 0.48);
23.2117; (0.88, 0.90, 0.48);
23.2200; (0.88, 0.90, 0.48);
23.2225; (0.88, 0.90, 0.48);
23.2225; (0.88, 0.90, 0.48);
23.2328; (0.88, 0.90, 0.48);
23.2328; (0.89, 0.90, 0.48);
23.2400; (0.88, 0.90, 0.48);
23.2448; (0.89, 0.90, 0.49);
23.2448; (0.89, 0.90, 0.49);
23.2558; (0.89, 0.90, 0.49);
23.2558; (0.89, 0.90, 0.49);
23.2600; (0.89, 0.90, 0.49);
23.2668; (0.89, 0.90, 0.49);
23.2668; (0.89, 0.90, 0.49);
23.2778; (0.89, 0.90, 0.49);
23.2778; (0.89, 0.90, 0.49);
23.2800; (0.89, 0.91, 0.49);
23.2888; (0.89, 0.91, 0.49);
23.2888; (0.89, 0.91, 0.49);
23.3000; (0.89, 0.91, 0.49);
23.3004; (0.89, 0.91, 0.49);
23.3004; (0.89, 0.91, 0.49);
23.3113; (0.89, 0.91, 0.49);
23.3113; (0.89, 0.91, 0.49);
23.3200; (0.89, 0.91, 0.49);
23.3222; (0.89, 0.91, 0.49);
23.3222; (0.89, 0.91, 0.49);
23.3332; (0.89, 0.91, 0.49);
23.3332; (0.89, 0.91, 0.49);
23.3400; (0.89, 0.91, 0.49);
23.3445; (0.89, 0.91, 0.49);
23.3445; (0.89, 0.91, 0.49);
23.3555; (0.89, 0.91, 0.49);
23.3555; (0.89, 0.91, 0.49);
23.3600; (0.89, 0.91, 0.49);
23.3665; (0.89, 0.91, 0.49);
23.3665; (0.89, 0.91, 0.49);
23.3776; (0.89, 0.92, 0.49);
23.3776; (0.89, 0.92, 0.49);
23.3800; (0.89, 0.92, 0.49);
23.3895; (0.89, 0.92, 0.48);
23.3895; (0.89, 0.92, 0.48);
23.4000; (0.89, 0.92, 0.48);
23.4002; (0.89, 0.92, 0.48);
23.4002; (0.89, 0.92, 0.48);
23.4106; (0.89, 0.92, 0.48);
23.4106; (0.89, 0.92, 0.48);
23.4200; (0.89, 0.92, 0.48);
23.4224; (0.89, 0.92, 0.48);
23.4224; (0.89, 0.92, 0.48);
23.4333; (0.89, 0.92, 0.48);
23.4333; (0.89, 0.92, 0.48);
23.4400; (0.88, 0.92, 0.48);
23.4441; (0.88, 0.92, 0.48);
23.4441; (0.88, 0.92, 0.48);
23.4558; (0.88, 0.92, 0.48);
23.4558; (0.88, 0.92, 0.48);
23.4600; (0.88, 0.92, 0.47);
23.4662; (0.88, 0.92, 0.47);
23.4662; (0.88, 0.92, 0.47);
23.4780; (0.88, 0.92, 0.48);
23.4780; (0.88, 0.92, 0.47);
23.4800; (0.88, 0.92, 0.47);
23.4889; (0.88, 0.92, 0.47);
23.4889; (0.88, 0.92, 0.47);
23.5000; (0.88, 0.92, 0.47);
