Experiment: 3
Latency: 300
Source: (0.32, 0.83, 0.50)
SourceSize: 0.0750
Target: (0.68, 0.17, 0.50)
TargetSize: 0.1250

Trace:
time; position; button;
75.5128; (0.34, 0.83, 0.50);
75.5200; (0.34, 0.83, 0.50);
75.5246; (0.34, 0.83, 0.50);
75.5246; (0.34, 0.83, 0.50);
75.5359; (0.34, 0.83, 0.50);
75.5359; (0.34, 0.83, 0.50);
75.5400; (0.34, 0.83, 0.50);
75.5473; (0.34, 0.83, 0.50);
75.5473; (0.34, 0.83, 0.50);
75.5581; (0.34, 0.83, 0.50);
75.5581; (0.34, 0.83, 0.50);
75.5600; (0.34, 0.83, 0.50);
75.5694; (0.34, 0.83, 0.50);
75.5694; (0.34, 0.83, 0.50);
75.5800; (0.34, 0.83, 0.50);
75.5803; (0.34, 0.83, 0.50);
75.5803; (0.34, 0.83, 0.50);
75.5921; (0.34, 0.83, 0.50);
75.5921; (0.34, 0.83, 0.50);
75.6000; (0.34, 0.83, 0.50);
75.6028; (0.34, 0.83, 0.50);
75.6028; (0.34, 0.83, 0.50);
75.6140; (0.34, 0.83, 0.50);
75.6140; (0.34, 0.83, 0.50);
75.6200; (0.34, 0.83, 0.50);
75.6249; (0.34, 0.83, 0.50);
75.6249; (0.34, 0.83, 0.50);
75.6361; (0.34, 0.83, 0.50);
75.6361; (0.34, 0.83, 0.50);
75.6400; (0.34, 0.83, 0.50);
75.6468; (0.34, 0.83, 0.50);
75.6468; (0.34, 0.83, 0.50);
75.6582; (0.34, 0.83, 0.50);
75.6582; (0.34, 0.83, 0.50);
75.6600; (0.34, 0.83, 0.50);
75.6689; (0.34, 0.83, 0.50);
75.6689; (0.34, 0.83, 0.50);
75.6797; (0.34, 0.83, 0.50);
75.6797; (0.34, 0.83, 0.50);
75.6800; (0.34, 0.83, 0.50);
75.6910; (0.34, 0.83, 0.50);
75.6910; (0.34, 0.83, 0.50);
75.7000; (0.34, 0.83, 0.50);
75.7032; (0.34, 0.83, 0.50);
75.7032; (0.34, 0.83, 0.50);
75.7137; (0.34, 0.83, 0.50);
75.7137; (0.34, 0.83, 0.50);
75.7200; (0.34, 0.83, 0.50);
75.7253; (0.34, 0.83, 0.50);
75.7253; (0.33, 0.83, 0.50);
75.7362; (0.33, 0.83, 0.49);
75.7362; (0.33, 0.83, 0.49);
75.7400; (0.33, 0.83, 0.49);
75.7468; (0.33, 0.83, 0.49);
75.7468; (0.33, 0.83, 0.49);
75.7579; (0.33, 0.83, 0.49);
75.7579; (0.33, 0.83, 0.49);
75.7600; (0.33, 0.83, 0.49);
75.7691; (0.33, 0.83, 0.49);
75.7691; (0.33, 0.83, 0.49);
75.7800; (0.33, 0.83, 0.50);
75.7801; (0.33, 0.83, 0.50);
75.7801; (0.33, 0.83, 0.50);
75.7908; (0.33, 0.83, 0.50);
75.7908; (0.33, 0.83, 0.50);
75.8000; (0.33, 0.83, 0.50);
75.8026; (0.33, 0.83, 0.50);
75.8026; (0.33, 0.83, 0.50);
75.8129; (0.33, 0.83, 0.50);
75.8129; (0.33, 0.83, 0.50);
75.8200; (0.33, 0.83, 0.50);
75.8242; (0.33, 0.83, 0.50);
75.8242; (0.33, 0.83, 0.50);
75.8360; (0.33, 0.83, 0.50);
75.8360; (0.33, 0.83, 0.50);
75.8400; (0.33, 0.83, 0.50);
75.8469; (0.33, 0.83, 0.50);
75.8469; (0.33, 0.83, 0.50);
75.8579; (0.33, 0.83, 0.50);
75.8579; (0.33, 0.83, 0.50);
75.8600; (0.33, 0.83, 0.50);
75.8692; (0.33, 0.83, 0.50);
75.8692; (0.33, 0.83, 0.50);
75.8800; (0.33, 0.82, 0.50);
75.8802; (0.33, 0.82, 0.50);
75.8802; (0.33, 0.82, 0.50);
75.8912; (0.33, 0.82, 0.50);
75.8912; (0.33, 0.82, 0.50);
75.9000; (0.33, 0.82, 0.50);
75.9022; (0.33, 0.82, 0.50);
75.9022; (0.33, 0.82, 0.50);
75.9127; (0.33, 0.82, 0.50);
75.9127; (0.33, 0.82, 0.50);
75.9200; (0.33, 0.82, 0.50);
75.9240; (0.34, 0.82, 0.50);
75.9240; (0.34, 0.82, 0.51);
75.9352; (0.34, 0.82, 0.51);
75.9352; (0.34, 0.82, 0.51);
75.9400; (0.34, 0.82, 0.51);
75.9461; (0.34, 0.82, 0.51);
75.9461; (0.34, 0.82, 0.51);
75.9582; (0.34, 0.82, 0.51);
75.9582; (0.34, 0.82, 0.51);
75.9600; (0.34, 0.82, 0.51);
75.9684; (0.34, 0.82, 0.51);
75.9684; (0.35, 0.81, 0.51);
75.9800; (0.35, 0.81, 0.51);
75.9800; (0.35, 0.81, 0.51);
75.9800; (0.35, 0.81, 0.51);
75.9910; (0.35, 0.81, 0.51);
75.9910; (0.35, 0.81, 0.51);
76.0000; (0.35, 0.81, 0.51);
76.0020; (0.35, 0.81, 0.51);
76.0020; (0.35, 0.81, 0.51);
76.0130; (0.36, 0.80, 0.51);
76.0130; (0.36, 0.80, 0.51);
76.0200; (0.36, 0.80, 0.51);
76.0248; (0.36, 0.80, 0.51);
76.0248; (0.36, 0.80, 0.51);
76.0351; (0.36, 0.80, 0.51);
76.0351; (0.37, 0.80, 0.51);
76.0400; (0.37, 0.80, 0.51);
76.0460; (0.37, 0.79, 0.52);
76.0460; (0.37, 0.79, 0.52);
76.0573; (0.37, 0.79, 0.52);
76.0573; (0.38, 0.78, 0.52);
76.0600; (0.38, 0.78, 0.52);
76.0689; (0.38, 0.78, 0.52);
76.0689; (0.39, 0.77, 0.52);
76.0800; (0.39, 0.77, 0.52);
76.0800; (0.40, 0.77, 0.52);
76.0800; (0.40, 0.77, 0.52);
76.0906; (0.40, 0.76, 0.52);
76.0906; (0.40, 0.75, 0.53);
76.1000; (0.40, 0.75, 0.53);
76.1019; (0.40, 0.75, 0.53);
76.1019; (0.41, 0.74, 0.53);
76.1129; (0.41, 0.74, 0.53);
76.1129; (0.42, 0.73, 0.53);
76.1200; (0.42, 0.73, 0.53);
76.1239; (0.42, 0.72, 0.53);
76.1239; (0.43, 0.72, 0.53);
76.1360; (0.43, 0.71, 0.53);
76.1360; (0.43, 0.70, 0.53);
76.1400; (0.43, 0.70, 0.53);
76.1468; (0.43, 0.70, 0.53);
76.1468; (0.44, 0.69, 0.53);
76.1579; (0.44, 0.68, 0.53);
76.1579; (0.45, 0.67, 0.53);
76.1600; (0.45, 0.67, 0.53);
76.1691; (0.45, 0.67, 0.54);
76.1691; (0.46, 0.65, 0.54);
76.1799; (0.46, 0.65, 0.54);
76.1799; (0.47, 0.64, 0.54);
76.1800; (0.47, 0.64, 0.54);
76.1911; (0.48, 0.63, 0.54);
76.1911; (0.48, 0.62, 0.54);
76.2000; (0.48, 0.62, 0.54);
76.2026; (0.49, 0.62, 0.54);
76.2026; (0.50, 0.60, 0.54);
76.2132; (0.50, 0.60, 0.54);
76.2132; (0.51, 0.58, 0.54);
76.2200; (0.51, 0.58, 0.54);
76.2244; (0.51, 0.58, 0.54);
76.2244; (0.52, 0.56, 0.54);
76.2354; (0.51, 0.56, 0.54);
76.2354; (0.52, 0.55, 0.54);
76.2400; (0.52, 0.55, 0.54);
76.2464; (0.52, 0.55, 0.54);
76.2464; (0.53, 0.53, 0.54);
76.2575; (0.53, 0.53, 0.54);
76.2575; (0.54, 0.51, 0.54);
76.2600; (0.54, 0.51, 0.54);
76.2694; (0.54, 0.51, 0.54);
76.2694; (0.55, 0.49, 0.54);
76.2800; (0.54, 0.49, 0.54);
76.2803; (0.55, 0.48, 0.54);
76.2803; (0.55, 0.48, 0.54);
76.2914; (0.55, 0.48, 0.54);
76.2914; (0.56, 0.46, 0.54);
76.3000; (0.56, 0.46, 0.54);
76.3019; (0.56, 0.46, 0.54);
76.3019; (0.57, 0.44, 0.54);
76.3131; (0.57, 0.44, 0.54);
76.3131; (0.57, 0.43, 0.54);
76.3200; (0.57, 0.43, 0.54);
76.3241; (0.57, 0.43, 0.54);
76.3241; (0.58, 0.41, 0.54);
76.3351; (0.58, 0.41, 0.54);
76.3351; (0.59, 0.40, 0.54);
76.3400; (0.59, 0.40, 0.54);
76.3471; (0.58, 0.40, 0.54);
76.3471; (0.59, 0.38, 0.53);
76.3573; (0.59, 0.38, 0.53);
76.3573; (0.60, 0.37, 0.53);
76.3600; (0.60, 0.37, 0.53);
76.3683; (0.59, 0.37, 0.53);
76.3683; (0.60, 0.35, 0.53);
76.3800; (0.60, 0.36, 0.53);
76.3801; (0.60, 0.34, 0.53);
76.3801; (0.60, 0.34, 0.53);
76.3910; (0.60, 0.34, 0.53);
76.3910; (0.61, 0.33, 0.53);
76.4000; (0.61, 0.33, 0.53);
76.4023; (0.60, 0.33, 0.53);
76.4023; (0.61, 0.32, 0.53);
76.4128; (0.61, 0.33, 0.52);
76.4128; (0.62, 0.31, 0.52);
76.4200; (0.62, 0.31, 0.52);
76.4240; (0.62, 0.32, 0.52);
76.4240; (0.62, 0.31, 0.52);
76.4351; (0.62, 0.31, 0.52);
76.4351; (0.63, 0.30, 0.52);
76.4400; (0.63, 0.30, 0.52);
76.4463; (0.63, 0.30, 0.52);
76.4463; (0.63, 0.29, 0.52);
76.4574; (0.63, 0.29, 0.52);
76.4574; (0.63, 0.28, 0.52);
76.4600; (0.63, 0.28, 0.52);
76.4689; (0.63, 0.28, 0.52);
76.4689; (0.64, 0.27, 0.52);
76.4800; (0.63, 0.28, 0.52);
76.4800; (0.64, 0.27, 0.52);
76.4800; (0.64, 0.27, 0.52);
76.4912; (0.64, 0.27, 0.52);
76.4912; (0.64, 0.26, 0.51);
76.5000; (0.64, 0.26, 0.52);
76.5019; (0.64, 0.25, 0.51);
76.5019; (0.64, 0.25, 0.51);
76.5137; (0.64, 0.26, 0.51);
76.5137; (0.64, 0.25, 0.51);
76.5200; (0.64, 0.25, 0.51);
76.5238; (0.64, 0.26, 0.51);
76.5238; (0.65, 0.25, 0.51);
76.5360; (0.64, 0.25, 0.51);
76.5360; (0.65, 0.24, 0.51);
76.5400; (0.65, 0.24, 0.51);
76.5576; (0.65, 0.25, 0.51);
76.5576; (0.65, 0.24, 0.51);
76.5600; (0.65, 0.24, 0.51);
76.5692; (0.65, 0.23, 0.50);
76.5692; (0.65, 0.23, 0.50);
76.5800; (0.65, 0.23, 0.51);
76.5807; (0.65, 0.23, 0.50);
76.5807; (0.65, 0.23, 0.50);
76.5917; (0.65, 0.23, 0.50);
76.5917; (0.65, 0.23, 0.50);
76.6000; (0.65, 0.23, 0.50);
76.6018; (0.65, 0.22, 0.50);
76.6018; (0.65, 0.22, 0.50);
76.6130; (0.65, 0.22, 0.50);
76.6130; (0.66, 0.22, 0.50);
76.6200; (0.66, 0.22, 0.50);
76.6242; (0.66, 0.22, 0.50);
76.6242; (0.66, 0.22, 0.50);
76.6354; (0.66, 0.22, 0.50);
76.6354; (0.66, 0.21, 0.50);
76.6400; (0.66, 0.22, 0.50);
76.6462; (0.66, 0.21, 0.50);
76.6462; (0.66, 0.21, 0.50);
76.6581; (0.66, 0.21, 0.50);
76.6581; (0.66, 0.21, 0.49);
76.6600; (0.66, 0.21, 0.49);
76.6691; (0.66, 0.21, 0.49);
76.6691; (0.66, 0.21, 0.49);
76.6794; (0.66, 0.21, 0.49);
76.6794; (0.66, 0.20, 0.49);
76.6800; (0.66, 0.21, 0.49);
76.6913; (0.66, 0.20, 0.49);
76.6913; (0.66, 0.20, 0.49);
76.7000; (0.66, 0.20, 0.49);
76.7026; (0.66, 0.20, 0.49);
76.7026; (0.66, 0.20, 0.49);
76.7131; (0.66, 0.20, 0.49);
76.7131; (0.66, 0.20, 0.49);
76.7200; (0.66, 0.20, 0.49);
