Experiment: 8
Latency: 450
Source: (0.61, 0.27, 0.50)
SourceSize: 0.0750
Target: (0.39, 0.73, 0.50)
TargetSize: 0.0250

Trace:
time; position; button;
131.4025; (0.63, 0.27, 0.50);
131.4025; (0.63, 0.27, 0.50);
131.4142; (0.63, 0.27, 0.50);
131.4142; (0.63, 0.27, 0.50);
131.4200; (0.63, 0.27, 0.50);
131.4248; (0.63, 0.27, 0.50);
131.4248; (0.63, 0.27, 0.50);
131.4358; (0.63, 0.27, 0.50);
131.4358; (0.63, 0.27, 0.50);
131.4400; (0.63, 0.27, 0.50);
131.4466; (0.63, 0.27, 0.50);
131.4466; (0.63, 0.27, 0.51);
131.4585; (0.63, 0.27, 0.51);
131.4585; (0.63, 0.27, 0.51);
131.4600; (0.63, 0.27, 0.51);
131.4693; (0.63, 0.27, 0.51);
131.4693; (0.63, 0.27, 0.51);
131.4800; (0.63, 0.27, 0.51);
131.4807; (0.63, 0.27, 0.51);
131.4807; (0.63, 0.27, 0.51);
131.4918; (0.63, 0.27, 0.51);
131.4918; (0.63, 0.27, 0.51);
131.5000; (0.63, 0.27, 0.50);
131.5024; (0.63, 0.27, 0.50);
131.5024; (0.63, 0.27, 0.50);
131.5138; (0.63, 0.27, 0.50);
131.5138; (0.63, 0.27, 0.51);
131.5200; (0.63, 0.27, 0.50);
131.5253; (0.63, 0.27, 0.51);
131.5253; (0.63, 0.27, 0.51);
131.5360; (0.63, 0.27, 0.51);
131.5360; (0.63, 0.27, 0.51);
131.5400; (0.63, 0.27, 0.51);
131.5466; (0.63, 0.27, 0.51);
131.5466; (0.63, 0.27, 0.51);
131.5576; (0.63, 0.27, 0.51);
131.5576; (0.63, 0.27, 0.51);
131.5600; (0.63, 0.27, 0.51);
131.5698; (0.63, 0.27, 0.51);
131.5698; (0.63, 0.27, 0.51);
131.5800; (0.63, 0.27, 0.51);
131.5808; (0.63, 0.27, 0.51);
131.5808; (0.63, 0.27, 0.51);
131.5910; (0.63, 0.27, 0.51);
131.5910; (0.63, 0.27, 0.51);
131.6000; (0.63, 0.27, 0.51);
131.6025; (0.63, 0.27, 0.51);
131.6025; (0.63, 0.27, 0.51);
131.6133; (0.63, 0.27, 0.51);
131.6133; (0.63, 0.27, 0.51);
131.6200; (0.63, 0.27, 0.51);
131.6246; (0.63, 0.27, 0.51);
131.6246; (0.63, 0.27, 0.51);
131.6357; (0.63, 0.27, 0.51);
131.6357; (0.63, 0.27, 0.51);
131.6400; (0.63, 0.27, 0.51);
131.6467; (0.63, 0.27, 0.51);
131.6467; (0.63, 0.27, 0.51);
131.6585; (0.63, 0.27, 0.51);
131.6585; (0.63, 0.27, 0.51);
131.6600; (0.63, 0.27, 0.51);
131.6800; (0.63, 0.27, 0.51);
131.6806; (0.63, 0.27, 0.51);
131.6806; (0.63, 0.27, 0.51);
131.6915; (0.63, 0.27, 0.51);
131.6915; (0.63, 0.27, 0.51);
131.7000; (0.63, 0.27, 0.51);
131.7023; (0.63, 0.27, 0.51);
131.7023; (0.63, 0.27, 0.51);
131.7137; (0.63, 0.27, 0.51);
131.7137; (0.63, 0.27, 0.51);
131.7200; (0.63, 0.27, 0.51);
131.7246; (0.63, 0.27, 0.51);
131.7246; (0.63, 0.27, 0.51);
131.7361; (0.63, 0.27, 0.51);
131.7361; (0.63, 0.27, 0.51);
131.7400; (0.63, 0.27, 0.51);
131.7471; (0.62, 0.27, 0.51);
131.7471; (0.62, 0.27, 0.51);
131.7581; (0.62, 0.27, 0.51);
131.7581; (0.62, 0.27, 0.51);
131.7600; (0.62, 0.27, 0.51);
131.7692; (0.62, 0.27, 0.51);
131.7692; (0.62, 0.27, 0.51);
131.7800; (0.62, 0.27, 0.51);
131.7800; (0.62, 0.27, 0.51);
131.7800; (0.62, 0.27, 0.51);
131.7910; (0.62, 0.27, 0.51);
131.7910; (0.62, 0.27, 0.51);
131.8000; (0.62, 0.27, 0.51);
131.8138; (0.62, 0.27, 0.51);
131.8138; (0.62, 0.27, 0.51);
131.8200; (0.62, 0.27, 0.51);
131.8248; (0.62, 0.27, 0.51);
131.8248; (0.62, 0.27, 0.51);
131.8358; (0.62, 0.26, 0.51);
131.8358; (0.62, 0.26, 0.51);
131.8400; (0.62, 0.26, 0.51);
131.8470; (0.62, 0.26, 0.51);
131.8470; (0.62, 0.26, 0.51);
131.8576; (0.62, 0.26, 0.51);
131.8576; (0.62, 0.26, 0.51);
131.8600; (0.62, 0.26, 0.51);
131.8690; (0.62, 0.26, 0.51);
131.8690; (0.62, 0.26, 0.51);
131.8800; (0.62, 0.26, 0.51);
131.8800; (0.62, 0.26, 0.51);
131.8800; (0.62, 0.26, 0.51);
131.8919; (0.62, 0.26, 0.51);
131.8919; (0.62, 0.26, 0.51);
131.9000; (0.62, 0.26, 0.51);
131.9024; (0.62, 0.26, 0.51);
131.9024; (0.62, 0.26, 0.51);
131.9140; (0.62, 0.26, 0.51);
131.9140; (0.62, 0.26, 0.51);
131.9200; (0.62, 0.26, 0.51);
131.9250; (0.62, 0.26, 0.51);
131.9250; (0.62, 0.26, 0.51);
131.9358; (0.62, 0.26, 0.50);
131.9358; (0.62, 0.26, 0.50);
131.9400; (0.62, 0.26, 0.50);
131.9468; (0.62, 0.26, 0.50);
131.9468; (0.62, 0.26, 0.50);
131.9576; (0.63, 0.27, 0.50);
131.9576; (0.63, 0.27, 0.50);
131.9600; (0.63, 0.27, 0.50);
131.9691; (0.63, 0.27, 0.50);
131.9691; (0.63, 0.27, 0.50);
131.9800; (0.63, 0.27, 0.50);
131.9809; (0.63, 0.27, 0.50);
131.9809; (0.63, 0.27, 0.50);
131.9919; (0.63, 0.27, 0.50);
131.9919; (0.63, 0.27, 0.50);
132.0000; (0.63, 0.27, 0.50);
132.0024; (0.63, 0.27, 0.50);
132.0024; (0.63, 0.27, 0.50);
132.0140; (0.63, 0.27, 0.50);
132.0140; (0.63, 0.27, 0.50);
132.0200; (0.64, 0.27, 0.50);
132.0246; (0.64, 0.27, 0.50);
132.0246; (0.64, 0.27, 0.50);
132.0355; (0.64, 0.28, 0.49);
132.0355; (0.64, 0.28, 0.49);
132.0400; (0.64, 0.28, 0.49);
132.0476; (0.64, 0.28, 0.49);
132.0476; (0.64, 0.28, 0.49);
132.0590; (0.64, 0.28, 0.49);
132.0590; (0.64, 0.28, 0.49);
132.0600; (0.64, 0.28, 0.49);
132.0688; (0.64, 0.28, 0.49);
132.0688; (0.64, 0.28, 0.49);
132.0800; (0.64, 0.28, 0.49);
132.0811; (0.64, 0.28, 0.49);
132.0811; (0.64, 0.28, 0.49);
132.0918; (0.64, 0.29, 0.49);
132.0918; (0.64, 0.29, 0.49);
132.1000; (0.65, 0.29, 0.49);
132.1024; (0.65, 0.29, 0.49);
132.1024; (0.64, 0.29, 0.49);
132.1139; (0.65, 0.29, 0.49);
132.1139; (0.64, 0.29, 0.49);
132.1200; (0.65, 0.29, 0.48);
132.1247; (0.65, 0.29, 0.48);
132.1247; (0.64, 0.30, 0.49);
132.1356; (0.64, 0.30, 0.48);
132.1356; (0.64, 0.30, 0.49);
132.1400; (0.64, 0.30, 0.49);
132.1471; (0.64, 0.30, 0.49);
132.1471; (0.64, 0.30, 0.49);
132.1586; (0.64, 0.30, 0.49);
132.1586; (0.64, 0.31, 0.49);
132.1600; (0.64, 0.31, 0.49);
132.1696; (0.64, 0.31, 0.49);
132.1696; (0.64, 0.31, 0.49);
132.1800; (0.64, 0.31, 0.49);
132.1803; (0.63, 0.31, 0.49);
132.1803; (0.63, 0.32, 0.49);
132.1921; (0.63, 0.32, 0.49);
132.1921; (0.63, 0.32, 0.49);
132.2000; (0.63, 0.32, 0.49);
132.2021; (0.63, 0.33, 0.49);
132.2021; (0.63, 0.33, 0.49);
132.2141; (0.63, 0.33, 0.49);
132.2141; (0.63, 0.33, 0.49);
132.2200; (0.62, 0.34, 0.49);
132.2243; (0.62, 0.34, 0.49);
132.2243; (0.62, 0.34, 0.49);
132.2360; (0.62, 0.35, 0.49);
132.2360; (0.62, 0.35, 0.49);
132.2400; (0.62, 0.35, 0.49);
132.2470; (0.61, 0.35, 0.49);
132.2470; (0.61, 0.35, 0.49);
132.2580; (0.61, 0.35, 0.50);
132.2580; (0.61, 0.36, 0.50);
132.2600; (0.60, 0.36, 0.50);
132.2691; (0.60, 0.37, 0.50);
132.2691; (0.60, 0.37, 0.50);
132.2800; (0.60, 0.37, 0.50);
132.2808; (0.59, 0.38, 0.50);
132.2808; (0.59, 0.38, 0.50);
132.2919; (0.59, 0.38, 0.50);
132.2919; (0.58, 0.38, 0.50);
132.3000; (0.58, 0.38, 0.50);
132.3025; (0.58, 0.39, 0.51);
132.3025; (0.58, 0.39, 0.51);
132.3137; (0.57, 0.39, 0.51);
132.3137; (0.57, 0.40, 0.51);
132.3200; (0.57, 0.40, 0.51);
132.3247; (0.56, 0.40, 0.51);
132.3247; (0.56, 0.40, 0.51);
132.3357; (0.56, 0.40, 0.51);
132.3357; (0.55, 0.41, 0.51);
132.3400; (0.55, 0.41, 0.51);
132.3467; (0.54, 0.41, 0.51);
132.3467; (0.54, 0.41, 0.51);
132.3578; (0.54, 0.41, 0.51);
132.3578; (0.53, 0.42, 0.51);
132.3600; (0.53, 0.42, 0.51);
132.3688; (0.54, 0.42, 0.52);
132.3688; (0.53, 0.43, 0.52);
132.3800; (0.53, 0.43, 0.52);
132.3808; (0.52, 0.44, 0.52);
132.3808; (0.52, 0.44, 0.52);
132.3909; (0.52, 0.44, 0.52);
132.3909; (0.52, 0.44, 0.52);
132.4000; (0.52, 0.45, 0.52);
132.4029; (0.51, 0.45, 0.52);
132.4029; (0.51, 0.45, 0.52);
132.4134; (0.51, 0.45, 0.52);
132.4134; (0.51, 0.46, 0.52);
132.4200; (0.51, 0.47, 0.52);
132.4251; (0.50, 0.47, 0.53);
132.4251; (0.50, 0.47, 0.53);
132.4362; (0.50, 0.47, 0.53);
132.4362; (0.50, 0.48, 0.53);
132.4400; (0.50, 0.48, 0.53);
132.4474; (0.50, 0.48, 0.53);
132.4474; (0.49, 0.49, 0.53);
132.4585; (0.50, 0.49, 0.53);
132.4585; (0.49, 0.50, 0.53);
132.4600; (0.49, 0.50, 0.53);
132.4687; (0.49, 0.50, 0.53);
132.4687; (0.49, 0.51, 0.53);
132.4799; (0.49, 0.51, 0.53);
132.4799; (0.48, 0.52, 0.54);
132.4800; (0.48, 0.52, 0.54);
132.4911; (0.48, 0.52, 0.54);
132.4911; (0.48, 0.52, 0.54);
132.5000; (0.48, 0.52, 0.54);
132.5023; (0.47, 0.53, 0.54);
132.5023; (0.47, 0.53, 0.54);
132.5132; (0.47, 0.53, 0.54);
132.5132; (0.47, 0.54, 0.54);
132.5200; (0.47, 0.54, 0.54);
132.5246; (0.47, 0.55, 0.54);
132.5246; (0.47, 0.55, 0.54);
132.5362; (0.47, 0.55, 0.54);
132.5362; (0.46, 0.56, 0.54);
132.5400; (0.46, 0.56, 0.54);
132.5472; (0.46, 0.55, 0.55);
132.5472; (0.46, 0.56, 0.55);
132.5577; (0.46, 0.56, 0.55);
132.5577; (0.46, 0.57, 0.55);
132.5600; (0.46, 0.57, 0.55);
132.5695; (0.46, 0.57, 0.55);
132.5695; (0.45, 0.58, 0.55);
132.5800; (0.45, 0.57, 0.55);
132.5805; (0.45, 0.58, 0.55);
132.5805; (0.45, 0.58, 0.55);
132.5919; (0.45, 0.58, 0.55);
132.5919; (0.45, 0.59, 0.55);
132.6000; (0.45, 0.59, 0.55);
132.6025; (0.44, 0.59, 0.55);
132.6025; (0.44, 0.59, 0.55);
132.6140; (0.45, 0.59, 0.55);
132.6140; (0.44, 0.60, 0.56);
132.6200; (0.44, 0.60, 0.56);
132.6249; (0.44, 0.60, 0.56);
132.6249; (0.44, 0.60, 0.56);
132.6361; (0.44, 0.60, 0.56);
132.6361; (0.44, 0.61, 0.56);
132.6400; (0.44, 0.61, 0.56);
132.6471; (0.44, 0.61, 0.56);
132.6471; (0.44, 0.61, 0.56);
132.6579; (0.44, 0.61, 0.56);
132.6579; (0.43, 0.62, 0.56);
132.6600; (0.43, 0.62, 0.56);
132.6693; (0.44, 0.62, 0.56);
132.6693; (0.43, 0.62, 0.56);
132.6800; (0.43, 0.62, 0.56);
132.6810; (0.43, 0.63, 0.56);
132.6810; (0.43, 0.63, 0.56);
132.6919; (0.43, 0.62, 0.56);
132.6919; (0.43, 0.63, 0.56);
132.7000; (0.43, 0.63, 0.56);
132.7024; (0.43, 0.63, 0.56);
132.7024; (0.43, 0.63, 0.56);
132.7133; (0.43, 0.63, 0.56);
132.7133; (0.43, 0.64, 0.56);
132.7200; (0.43, 0.63, 0.56);
132.7247; (0.42, 0.64, 0.57);
132.7247; (0.42, 0.64, 0.57);
132.7356; (0.42, 0.64, 0.56);
132.7356; (0.42, 0.64, 0.57);
132.7400; (0.42, 0.64, 0.57);
132.7473; (0.42, 0.64, 0.57);
132.7473; (0.42, 0.64, 0.57);
132.7583; (0.42, 0.64, 0.57);
132.7583; (0.42, 0.65, 0.57);
132.7600; (0.42, 0.65, 0.57);
132.7695; (0.42, 0.64, 0.57);
132.7695; (0.42, 0.65, 0.57);
132.7800; (0.42, 0.65, 0.57);
132.7805; (0.42, 0.65, 0.57);
132.7805; (0.42, 0.65, 0.57);
132.7915; (0.42, 0.65, 0.57);
132.7915; (0.42, 0.65, 0.57);
132.8000; (0.42, 0.65, 0.57);
132.8024; (0.42, 0.65, 0.57);
132.8024; (0.42, 0.65, 0.57);
132.8139; (0.42, 0.65, 0.57);
132.8139; (0.41, 0.66, 0.57);
132.8200; (0.42, 0.65, 0.57);
132.8247; (0.41, 0.66, 0.57);
132.8247; (0.41, 0.66, 0.57);
132.8357; (0.41, 0.66, 0.57);
132.8357; (0.41, 0.66, 0.57);
132.8400; (0.41, 0.66, 0.57);
132.8470; (0.41, 0.66, 0.57);
132.8470; (0.41, 0.66, 0.57);
132.8581; (0.41, 0.66, 0.57);
132.8581; (0.41, 0.66, 0.57);
132.8600; (0.41, 0.66, 0.57);
132.8691; (0.41, 0.66, 0.57);
132.8691; (0.41, 0.66, 0.57);
132.8800; (0.41, 0.66, 0.57);
132.8801; (0.41, 0.66, 0.57);
132.8801; (0.41, 0.66, 0.57);
132.8911; (0.41, 0.66, 0.57);
132.8911; (0.41, 0.66, 0.57);
132.9000; (0.41, 0.66, 0.57);
132.9035; (0.41, 0.67, 0.57);
132.9035; (0.41, 0.67, 0.57);
132.9134; (0.41, 0.67, 0.57);
132.9134; (0.41, 0.67, 0.57);
132.9200; (0.41, 0.67, 0.57);
132.9252; (0.41, 0.67, 0.57);
132.9252; (0.41, 0.67, 0.57);
132.9359; (0.41, 0.67, 0.57);
132.9359; (0.41, 0.67, 0.57);
132.9400; (0.41, 0.67, 0.57);
132.9480; (0.41, 0.67, 0.57);
132.9480; (0.41, 0.67, 0.57);
132.9588; (0.41, 0.67, 0.57);
132.9588; (0.41, 0.67, 0.57);
132.9600; (0.41, 0.67, 0.57);
132.9697; (0.41, 0.67, 0.57);
132.9697; (0.41, 0.67, 0.57);
132.9800; (0.41, 0.67, 0.57);
132.9810; (0.41, 0.67, 0.57);
132.9810; (0.41, 0.67, 0.57);
132.9913; (0.41, 0.67, 0.57);
132.9913; (0.41, 0.67, 0.57);
133.0000; (0.41, 0.67, 0.57);
133.0025; (0.41, 0.67, 0.57);
133.0025; (0.41, 0.67, 0.57);
133.0132; (0.41, 0.67, 0.57);
133.0132; (0.41, 0.67, 0.56);
133.0200; (0.41, 0.67, 0.56);
133.0244; (0.41, 0.67, 0.56);
133.0244; (0.41, 0.67, 0.56);
133.0359; (0.41, 0.67, 0.56);
133.0359; (0.41, 0.67, 0.56);
133.0400; (0.41, 0.67, 0.56);
133.0473; (0.41, 0.67, 0.56);
133.0473; (0.41, 0.67, 0.56);
133.0584; (0.41, 0.67, 0.56);
133.0584; (0.41, 0.68, 0.56);
133.0600; (0.41, 0.68, 0.56);
133.0696; (0.41, 0.68, 0.56);
133.0696; (0.41, 0.68, 0.56);
133.0800; (0.41, 0.68, 0.56);
133.0806; (0.41, 0.68, 0.56);
133.0806; (0.41, 0.68, 0.56);
133.0918; (0.41, 0.68, 0.56);
133.0918; (0.41, 0.68, 0.56);
133.1000; (0.41, 0.68, 0.56);
133.1022; (0.41, 0.68, 0.56);
133.1022; (0.41, 0.68, 0.56);
133.1136; (0.41, 0.68, 0.56);
133.1136; (0.41, 0.68, 0.56);
133.1200; (0.41, 0.68, 0.56);
133.1247; (0.41, 0.68, 0.56);
133.1247; (0.41, 0.68, 0.56);
133.1358; (0.41, 0.68, 0.56);
133.1358; (0.41, 0.68, 0.56);
133.1400; (0.41, 0.68, 0.56);
133.1467; (0.41, 0.68, 0.56);
133.1467; (0.41, 0.68, 0.56);
133.1581; (0.41, 0.68, 0.56);
133.1581; (0.41, 0.68, 0.56);
133.1600; (0.41, 0.68, 0.56);
133.1688; (0.41, 0.68, 0.56);
133.1688; (0.41, 0.68, 0.56);
133.1800; (0.41, 0.68, 0.56);
133.1802; (0.41, 0.68, 0.56);
133.1802; (0.41, 0.68, 0.56);
133.1920; (0.41, 0.68, 0.56);
133.1920; (0.41, 0.68, 0.55);
133.2000; (0.41, 0.68, 0.56);
133.2024; (0.41, 0.68, 0.55);
133.2024; (0.41, 0.68, 0.55);
133.2138; (0.41, 0.68, 0.55);
133.2138; (0.41, 0.68, 0.55);
133.2200; (0.41, 0.68, 0.55);
133.2251; (0.41, 0.68, 0.55);
133.2251; (0.41, 0.68, 0.55);
133.2356; (0.41, 0.68, 0.55);
133.2356; (0.41, 0.68, 0.55);
133.2400; (0.41, 0.68, 0.55);
133.2466; (0.41, 0.68, 0.55);
133.2466; (0.41, 0.69, 0.55);
133.2578; (0.41, 0.68, 0.55);
133.2578; (0.41, 0.69, 0.55);
133.2600; (0.41, 0.69, 0.55);
133.2688; (0.41, 0.69, 0.55);
133.2688; (0.41, 0.69, 0.55);
133.2800; (0.41, 0.69, 0.55);
133.2800; (0.41, 0.69, 0.55);
133.2800; (0.41, 0.69, 0.55);
133.2913; (0.41, 0.69, 0.55);
133.2913; (0.41, 0.69, 0.55);
133.3000; (0.41, 0.69, 0.55);
133.3023; (0.41, 0.69, 0.55);
133.3023; (0.41, 0.69, 0.55);
133.3139; (0.41, 0.69, 0.55);
133.3139; (0.41, 0.69, 0.55);
133.3200; (0.41, 0.69, 0.55);
133.3249; (0.41, 0.69, 0.55);
133.3249; (0.41, 0.69, 0.55);
133.3358; (0.41, 0.69, 0.55);
133.3358; (0.41, 0.69, 0.54);
133.3400; (0.41, 0.69, 0.54);
133.3467; (0.41, 0.69, 0.54);
133.3467; (0.41, 0.69, 0.54);
133.3585; (0.41, 0.69, 0.54);
133.3585; (0.41, 0.69, 0.54);
133.3600; (0.41, 0.69, 0.54);
133.3695; (0.41, 0.69, 0.54);
133.3695; (0.41, 0.69, 0.54);
133.3800; (0.41, 0.69, 0.54);
133.3804; (0.41, 0.69, 0.54);
133.3804; (0.41, 0.69, 0.54);
133.3917; (0.41, 0.69, 0.54);
133.3917; (0.41, 0.69, 0.54);
133.4000; (0.41, 0.69, 0.54);
133.4025; (0.41, 0.69, 0.54);
133.4025; (0.41, 0.69, 0.54);
133.4139; (0.41, 0.69, 0.54);
133.4139; (0.41, 0.69, 0.53);
133.4200; (0.41, 0.69, 0.53);
133.4251; (0.41, 0.69, 0.53);
133.4251; (0.41, 0.69, 0.53);
133.4361; (0.41, 0.69, 0.53);
133.4361; (0.41, 0.69, 0.53);
133.4400; (0.41, 0.69, 0.53);
133.4471; (0.41, 0.69, 0.53);
133.4471; (0.41, 0.69, 0.53);
133.4581; (0.41, 0.69, 0.53);
133.4581; (0.41, 0.69, 0.53);
133.4600; (0.41, 0.69, 0.53);
133.4691; (0.41, 0.69, 0.53);
133.4691; (0.41, 0.69, 0.53);
133.4800; (0.41, 0.69, 0.53);
133.4806; (0.41, 0.69, 0.53);
133.4806; (0.41, 0.69, 0.53);
133.4912; (0.41, 0.69, 0.53);
133.4912; (0.41, 0.69, 0.53);
133.5000; (0.41, 0.69, 0.53);
133.5026; (0.41, 0.69, 0.53);
133.5026; (0.41, 0.69, 0.53);
133.5139; (0.41, 0.69, 0.53);
133.5139; (0.41, 0.69, 0.53);
133.5200; (0.41, 0.69, 0.53);
133.5245; (0.41, 0.69, 0.52);
133.5245; (0.41, 0.69, 0.52);
133.5358; (0.41, 0.69, 0.52);
133.5358; (0.41, 0.69, 0.52);
133.5400; (0.41, 0.69, 0.52);
133.5468; (0.41, 0.69, 0.52);
133.5468; (0.41, 0.69, 0.52);
133.5584; (0.41, 0.69, 0.52);
133.5584; (0.41, 0.69, 0.52);
133.5600; (0.41, 0.69, 0.52);
133.5694; (0.41, 0.69, 0.52);
133.5694; (0.41, 0.69, 0.52);
133.5800; (0.41, 0.69, 0.52);
133.5805; (0.41, 0.69, 0.52);
133.5805; (0.41, 0.69, 0.52);
133.5911; (0.41, 0.69, 0.52);
133.5911; (0.41, 0.69, 0.52);
133.6000; (0.41, 0.69, 0.52);
133.6023; (0.41, 0.69, 0.52);
133.6023; (0.41, 0.69, 0.52);
133.6138; (0.41, 0.69, 0.52);
133.6138; (0.41, 0.69, 0.52);
133.6200; (0.41, 0.69, 0.52);
133.6245; (0.41, 0.69, 0.52);
133.6245; (0.41, 0.69, 0.52);
133.6355; (0.41, 0.69, 0.52);
133.6355; (0.41, 0.69, 0.52);
133.6400; (0.41, 0.69, 0.52);
133.6471; (0.41, 0.69, 0.52);
133.6471; (0.41, 0.69, 0.52);
133.6581; (0.41, 0.69, 0.52);
133.6581; (0.41, 0.69, 0.52);
133.6600; (0.41, 0.69, 0.52);
133.6688; (0.41, 0.69, 0.52);
133.6688; (0.41, 0.70, 0.52);
133.6799; (0.41, 0.70, 0.52);
133.6799; (0.41, 0.70, 0.51);
133.6800; (0.41, 0.70, 0.51);
133.6909; (0.41, 0.70, 0.52);
133.6909; (0.41, 0.70, 0.51);
133.7000; (0.41, 0.70, 0.51);
133.7026; (0.41, 0.70, 0.51);
133.7026; (0.41, 0.70, 0.51);
133.7135; (0.41, 0.70, 0.51);
133.7135; (0.41, 0.70, 0.51);
133.7200; (0.41, 0.70, 0.51);
133.7246; (0.41, 0.70, 0.51);
133.7246; (0.41, 0.70, 0.51);
133.7356; (0.41, 0.70, 0.51);
133.7356; (0.41, 0.70, 0.51);
133.7400; (0.41, 0.70, 0.51);
133.7466; (0.41, 0.70, 0.51);
133.7466; (0.41, 0.70, 0.51);
133.7581; (0.41, 0.70, 0.51);
133.7581; (0.41, 0.70, 0.51);
133.7600; (0.41, 0.70, 0.51);
133.7692; (0.41, 0.70, 0.51);
133.7692; (0.41, 0.70, 0.51);
133.7800; (0.41, 0.70, 0.51);
133.7808; (0.41, 0.70, 0.51);
133.7808; (0.41, 0.70, 0.51);
133.7917; (0.41, 0.70, 0.51);
133.7917; (0.41, 0.71, 0.51);
133.8000; (0.41, 0.71, 0.51);
133.8025; (0.41, 0.71, 0.51);
133.8025; (0.41, 0.71, 0.51);
133.8135; (0.41, 0.71, 0.51);
133.8135; (0.41, 0.71, 0.50);
133.8200; (0.41, 0.71, 0.50);
133.8248; (0.41, 0.71, 0.50);
133.8248; (0.41, 0.71, 0.50);
133.8363; (0.41, 0.71, 0.50);
133.8363; (0.41, 0.71, 0.50);
133.8400; (0.41, 0.71, 0.50);
133.8474; (0.41, 0.71, 0.50);
133.8474; (0.41, 0.71, 0.50);
133.8584; (0.41, 0.71, 0.50);
133.8584; (0.41, 0.71, 0.50);
133.8600; (0.41, 0.71, 0.50);
133.8694; (0.41, 0.71, 0.50);
133.8694; (0.41, 0.71, 0.50);
133.8800; (0.41, 0.71, 0.50);
133.8802; (0.41, 0.71, 0.50);
133.8802; (0.41, 0.71, 0.50);
133.8912; (0.41, 0.71, 0.50);
133.8912; (0.41, 0.71, 0.50);
133.9000; (0.40, 0.72, 0.49);
133.9025; (0.40, 0.72, 0.49);
133.9025; (0.40, 0.72, 0.49);
133.9134; (0.40, 0.72, 0.49);
133.9134; (0.40, 0.72, 0.49);
133.9200; (0.40, 0.72, 0.49);
133.9364; (0.40, 0.72, 0.49);
133.9364; (0.40, 0.72, 0.49);
133.9400; (0.40, 0.72, 0.49);
133.9473; (0.40, 0.72, 0.49);
133.9473; (0.40, 0.72, 0.49);
133.9580; (0.40, 0.72, 0.49);
133.9580; (0.40, 0.72, 0.49);
133.9600; (0.40, 0.72, 0.49);
133.9691; (0.40, 0.72, 0.49);
133.9691; (0.40, 0.72, 0.49);
133.9800; (0.40, 0.72, 0.49);
133.9802; (0.40, 0.72, 0.49);
133.9802; (0.40, 0.72, 0.49);
133.9913; (0.40, 0.72, 0.49);
133.9913; (0.40, 0.72, 0.49);
134.0000; (0.40, 0.72, 0.49);
134.0024; (0.40, 0.72, 0.48);
134.0024; (0.40, 0.72, 0.48);
134.0132; (0.40, 0.72, 0.48);
134.0132; (0.40, 0.72, 0.48);
134.0200; (0.40, 0.72, 0.48);
134.0252; (0.40, 0.72, 0.48);
134.0252; (0.40, 0.72, 0.48);
134.0354; (0.40, 0.72, 0.48);
134.0354; (0.40, 0.72, 0.48);
134.0400; (0.40, 0.72, 0.48);
134.0472; (0.40, 0.73, 0.48);
134.0472; (0.40, 0.73, 0.48);
134.0586; (0.40, 0.73, 0.48);
134.0586; (0.40, 0.73, 0.48);
134.0600; (0.40, 0.73, 0.48);
134.0689; (0.40, 0.73, 0.48);
134.0689; (0.40, 0.73, 0.48);
134.0799; (0.40, 0.73, 0.48);
134.0799; (0.40, 0.73, 0.48);
134.0800; (0.40, 0.73, 0.48);
134.0919; (0.40, 0.73, 0.48);
134.0919; (0.40, 0.73, 0.48);
134.1000; (0.40, 0.73, 0.48);
134.1024; (0.40, 0.73, 0.48);
134.1024; (0.40, 0.73, 0.48);
134.1141; (0.40, 0.73, 0.48);
134.1141; (0.40, 0.73, 0.48);
134.1200; (0.40, 0.73, 0.48);
134.1243; (0.40, 0.73, 0.48);
134.1243; (0.40, 0.73, 0.48);
134.1361; (0.40, 0.73, 0.48);
134.1361; (0.40, 0.73, 0.48);
134.1400; (0.40, 0.73, 0.48);
134.1465; (0.40, 0.73, 0.48);
134.1465; (0.40, 0.73, 0.48);
134.1583; (0.40, 0.73, 0.48);
134.1583; (0.40, 0.73, 0.48);
134.1600; (0.40, 0.73, 0.49);
134.1687; (0.40, 0.73, 0.49);
134.1687; (0.40, 0.73, 0.49);
134.1800; (0.40, 0.73, 0.49);
134.1807; (0.40, 0.73, 0.49);
134.1807; (0.40, 0.73, 0.49);
134.1920; (0.40, 0.73, 0.49);
134.1920; (0.40, 0.73, 0.49);
134.2000; (0.40, 0.73, 0.49);
134.2027; (0.40, 0.73, 0.49);
134.2027; (0.40, 0.73, 0.49);
134.2133; (0.40, 0.73, 0.49);
134.2133; (0.40, 0.73, 0.49);
134.2200; (0.40, 0.73, 0.49);
134.2244; (0.40, 0.73, 0.49);
134.2244; (0.40, 0.73, 0.49);
134.2362; (0.40, 0.73, 0.49);
134.2362; (0.40, 0.73, 0.49);
134.2400; (0.40, 0.73, 0.49);
134.2468; (0.40, 0.73, 0.49);
134.2468; (0.40, 0.73, 0.49);
134.2577; (0.40, 0.73, 0.49);
134.2577; (0.40, 0.73, 0.49);
134.2600; (0.40, 0.73, 0.49);
134.2689; (0.40, 0.73, 0.49);
134.2689; (0.40, 0.73, 0.49);
134.2800; (0.40, 0.73, 0.49);
134.2808; (0.40, 0.74, 0.49);
134.2808; (0.40, 0.73, 0.49);
134.2915; (0.40, 0.74, 0.49);
134.2915; (0.40, 0.74, 0.49);
134.3000; (0.40, 0.73, 0.49);
134.3026; (0.40, 0.74, 0.49);
134.3026; (0.40, 0.74, 0.49);
134.3131; (0.40, 0.74, 0.49);
134.3131; (0.40, 0.74, 0.49);
134.3200; (0.40, 0.74, 0.49);
134.3251; (0.40, 0.74, 0.49);
134.3251; (0.40, 0.74, 0.49);
134.3362; (0.39, 0.74, 0.49);
134.3362; (0.39, 0.74, 0.49);
134.3400; (0.39, 0.74, 0.49);
134.3468; (0.39, 0.74, 0.49);
134.3468; (0.39, 0.74, 0.49);
134.3577; (0.39, 0.74, 0.49);
134.3577; (0.39, 0.74, 0.49);
134.3600; (0.39, 0.74, 0.49);
134.3688; (0.39, 0.74, 0.49);
134.3688; (0.39, 0.74, 0.49);
134.3800; (0.39, 0.74, 0.49);
134.3808; (0.39, 0.74, 0.49);
134.3808; (0.39, 0.74, 0.49);
134.3918; (0.39, 0.74, 0.49);
134.3918; (0.39, 0.74, 0.49);
134.4000; (0.39, 0.74, 0.49);
134.4035; (0.39, 0.74, 0.49);
134.4035; (0.39, 0.74, 0.49);
134.4134; (0.39, 0.74, 0.49);
134.4134; (0.39, 0.74, 0.49);
134.4200; (0.39, 0.74, 0.49);
134.4243; (0.39, 0.74, 0.49);
134.4243; (0.39, 0.74, 0.49);
134.4359; (0.39, 0.74, 0.49);
134.4359; (0.39, 0.74, 0.49);
134.4400; (0.39, 0.74, 0.49);
134.4469; (0.39, 0.74, 0.49);
134.4469; (0.39, 0.74, 0.49);
134.4579; (0.39, 0.74, 0.49);
134.4579; (0.39, 0.74, 0.49);
134.4600; (0.39, 0.74, 0.49);
134.4696; (0.39, 0.74, 0.49);
134.4696; (0.39, 0.74, 0.49);
134.4800; (0.39, 0.74, 0.49);
134.4807; (0.39, 0.74, 0.49);
134.4807; (0.39, 0.74, 0.49);
134.4918; (0.39, 0.74, 0.49);
134.4918; (0.39, 0.74, 0.49);
134.5000; (0.39, 0.74, 0.49);
134.5026; (0.39, 0.74, 0.49);
134.5026; (0.39, 0.74, 0.49);
134.5134; (0.39, 0.74, 0.49);
134.5134; (0.39, 0.74, 0.49);
134.5200; (0.39, 0.74, 0.49);
134.5248; (0.39, 0.74, 0.49);
134.5248; (0.39, 0.74, 0.49);
134.5360; (0.39, 0.74, 0.49);
134.5360; (0.39, 0.74, 0.49);
134.5400; (0.39, 0.74, 0.49);
134.5470; (0.39, 0.74, 0.49);
134.5470; (0.39, 0.74, 0.49);
134.5582; (0.39, 0.74, 0.49);
134.5582; (0.39, 0.74, 0.49);
134.5600; (0.39, 0.74, 0.49);
134.5689; (0.39, 0.74, 0.49);
134.5689; (0.39, 0.74, 0.49);
134.5800; (0.39, 0.74, 0.49);
134.5802; (0.39, 0.74, 0.49);
134.5802; (0.39, 0.74, 0.49);
134.6000; (0.39, 0.74, 0.49);
134.6026; (0.39, 0.74, 0.49);
134.6026; (0.39, 0.74, 0.49);
134.6133; (0.39, 0.74, 0.50);
134.6133; (0.39, 0.74, 0.50);
134.6200; (0.39, 0.74, 0.50);
134.6243; (0.39, 0.74, 0.50);
134.6243; (0.39, 0.74, 0.50);
134.6361; (0.39, 0.74, 0.50);
134.6361; (0.39, 0.74, 0.50);
134.6400; (0.39, 0.74, 0.50);
134.6471; (0.39, 0.74, 0.50);
134.6471; (0.39, 0.74, 0.50);
134.6582; (0.39, 0.74, 0.50);
134.6582; (0.39, 0.74, 0.50);
134.6600; (0.39, 0.74, 0.50);
134.6693; (0.39, 0.74, 0.50);
134.6693; (0.39, 0.74, 0.50);
134.6799; (0.39, 0.74, 0.50);
134.6799; (0.39, 0.74, 0.50);
134.6800; (0.39, 0.74, 0.50);
134.6914; (0.39, 0.74, 0.50);
134.6914; (0.39, 0.74, 0.50);
134.7000; (0.39, 0.74, 0.50);
134.7025; (0.39, 0.74, 0.50);
134.7025; (0.39, 0.74, 0.50);
134.7134; (0.39, 0.74, 0.50);
134.7134; (0.39, 0.74, 0.50);
134.7200; (0.39, 0.74, 0.50);
134.7253; (0.39, 0.74, 0.50);
134.7253; (0.39, 0.74, 0.50);
134.7358; (0.39, 0.74, 0.50);
134.7358; (0.39, 0.74, 0.50);
134.7400; (0.39, 0.74, 0.50);
134.7468; (0.39, 0.74, 0.50);
134.7468; (0.39, 0.74, 0.50);
134.7578; (0.39, 0.74, 0.50);
134.7578; (0.39, 0.74, 0.50);
134.7600; (0.39, 0.74, 0.50);
134.7688; (0.39, 0.74, 0.50);
134.7688; (0.39, 0.74, 0.50);
134.7800; (0.39, 0.74, 0.50);
134.7808; (0.39, 0.74, 0.50);
134.7808; (0.39, 0.74, 0.50);
134.7913; (0.39, 0.74, 0.50);
134.7913; (0.39, 0.74, 0.50);
134.8000; (0.39, 0.74, 0.50);
134.8021; (0.39, 0.74, 0.50);
134.8021; (0.39, 0.74, 0.50);
134.8147; (0.39, 0.74, 0.51);
134.8147; (0.39, 0.74, 0.51);
134.8200; (0.39, 0.73, 0.50);
134.8252; (0.39, 0.73, 0.51);
134.8252; (0.39, 0.73, 0.50);
134.8362; (0.39, 0.73, 0.51);
134.8362; (0.39, 0.73, 0.51);
134.8400; (0.39, 0.73, 0.51);
134.8472; (0.39, 0.73, 0.51);
134.8472; (0.39, 0.73, 0.51);
134.8585; (0.39, 0.73, 0.51);
134.8585; (0.39, 0.73, 0.51);
134.8600; (0.39, 0.73, 0.51);
134.8695; (0.39, 0.73, 0.51);
134.8695; (0.39, 0.73, 0.51);
134.8800; (0.39, 0.73, 0.51);
134.8805; (0.39, 0.73, 0.51);
134.8805; (0.39, 0.73, 0.51);
134.8918; (0.39, 0.73, 0.51);
134.8918; (0.39, 0.73, 0.51);
134.9000; (0.39, 0.73, 0.51);
134.9023; (0.39, 0.73, 0.51);
134.9023; (0.39, 0.73, 0.51);
134.9132; (0.39, 0.73, 0.51);
134.9132; (0.39, 0.73, 0.51);
134.9200; (0.39, 0.73, 0.51);
134.9252; (0.39, 0.73, 0.51);
134.9252; (0.39, 0.73, 0.51);
134.9362; (0.39, 0.73, 0.51);
134.9362; (0.39, 0.73, 0.51);
134.9400; (0.39, 0.73, 0.51);
134.9474; (0.39, 0.73, 0.51);
134.9474; (0.39, 0.73, 0.51);
134.9577; (0.39, 0.73, 0.51);
134.9577; (0.39, 0.72, 0.51);
134.9600; (0.39, 0.72, 0.51);
134.9687; (0.39, 0.72, 0.51);
134.9687; (0.39, 0.72, 0.51);
134.9800; (0.39, 0.72, 0.51);
134.9806; (0.39, 0.72, 0.51);
134.9806; (0.39, 0.72, 0.51);
134.9917; (0.39, 0.72, 0.51);
134.9917; (0.39, 0.72, 0.51);
135.0000; (0.39, 0.72, 0.51);
135.0027; (0.39, 0.72, 0.51);
135.0027; (0.39, 0.72, 0.51);
135.0134; (0.39, 0.72, 0.51);
135.0134; (0.39, 0.72, 0.51);
135.0200; (0.39, 0.72, 0.51);
135.0244; (0.39, 0.72, 0.51);
135.0244; (0.39, 0.72, 0.51);
135.0362; (0.39, 0.72, 0.51);
135.0362; (0.39, 0.72, 0.51);
135.0400; (0.39, 0.72, 0.51);
135.0472; (0.39, 0.72, 0.51);
135.0472; (0.39, 0.72, 0.51);
135.0582; (0.39, 0.72, 0.51);
135.0582; (0.39, 0.72, 0.51);
135.0600; (0.39, 0.72, 0.51);
135.0692; (0.39, 0.72, 0.51);
135.0692; (0.39, 0.72, 0.51);
135.0800; (0.39, 0.72, 0.51);
135.0807; (0.39, 0.72, 0.51);
135.0807; (0.39, 0.72, 0.51);
135.0918; (0.39, 0.72, 0.51);
135.0918; (0.39, 0.72, 0.51);
135.1000; (0.39, 0.72, 0.51);
