Experiment: 7
Latency: 600
Source: (0.94, 0.15, 0.50)
SourceSize: 0.0750
Target: (0.06, 0.85, 0.50)
TargetSize: 0.0250

Trace:
time; position; button;
296.8841; (0.93, 0.15, 0.47);
296.8841; (0.93, 0.15, 0.47);
296.8953; (0.93, 0.15, 0.47);
296.8953; (0.93, 0.15, 0.47);
296.9000; (0.93, 0.15, 0.47);
296.9061; (0.93, 0.15, 0.47);
296.9061; (0.93, 0.15, 0.47);
296.9172; (0.93, 0.15, 0.47);
296.9172; (0.93, 0.15, 0.47);
296.9200; (0.93, 0.15, 0.47);
296.9285; (0.93, 0.15, 0.47);
296.9285; (0.93, 0.15, 0.47);
296.9393; (0.93, 0.15, 0.47);
296.9393; (0.93, 0.15, 0.47);
296.9400; (0.93, 0.15, 0.47);
296.9503; (0.93, 0.16, 0.47);
296.9503; (0.93, 0.16, 0.47);
296.9600; (0.93, 0.16, 0.47);
296.9619; (0.93, 0.15, 0.47);
296.9619; (0.93, 0.15, 0.47);
296.9731; (0.93, 0.15, 0.47);
296.9731; (0.93, 0.15, 0.47);
296.9800; (0.93, 0.15, 0.47);
296.9840; (0.93, 0.15, 0.47);
296.9840; (0.93, 0.15, 0.47);
296.9949; (0.93, 0.15, 0.47);
296.9949; (0.93, 0.15, 0.47);
297.0000; (0.93, 0.15, 0.47);
297.0060; (0.93, 0.15, 0.47);
297.0060; (0.93, 0.15, 0.47);
297.0171; (0.93, 0.15, 0.47);
297.0171; (0.93, 0.15, 0.47);
297.0200; (0.93, 0.15, 0.47);
297.0282; (0.93, 0.15, 0.47);
297.0282; (0.93, 0.15, 0.47);
297.0392; (0.93, 0.15, 0.47);
297.0392; (0.93, 0.15, 0.47);
297.0400; (0.93, 0.15, 0.47);
297.0507; (0.93, 0.15, 0.47);
297.0507; (0.93, 0.15, 0.47);
297.0600; (0.93, 0.15, 0.47);
297.0618; (0.93, 0.15, 0.47);
297.0618; (0.93, 0.15, 0.47);
297.0724; (0.93, 0.15, 0.47);
297.0724; (0.93, 0.14, 0.47);
297.0800; (0.93, 0.14, 0.47);
297.0840; (0.93, 0.14, 0.47);
297.0840; (0.93, 0.14, 0.47);
297.0950; (0.93, 0.14, 0.47);
297.0950; (0.93, 0.14, 0.47);
297.1000; (0.93, 0.14, 0.47);
297.1061; (0.93, 0.14, 0.47);
297.1061; (0.93, 0.14, 0.47);
297.1172; (0.93, 0.14, 0.47);
297.1172; (0.93, 0.14, 0.47);
297.1200; (0.93, 0.14, 0.47);
297.1282; (0.93, 0.14, 0.47);
297.1282; (0.93, 0.14, 0.47);
297.1394; (0.93, 0.14, 0.47);
297.1394; (0.93, 0.14, 0.47);
297.1400; (0.93, 0.14, 0.47);
297.1504; (0.93, 0.14, 0.47);
297.1504; (0.93, 0.14, 0.47);
297.1600; (0.93, 0.14, 0.47);
297.1615; (0.93, 0.14, 0.47);
297.1615; (0.93, 0.14, 0.47);
297.1726; (0.93, 0.14, 0.47);
297.1726; (0.93, 0.14, 0.47);
297.1800; (0.93, 0.14, 0.47);
297.1837; (0.93, 0.14, 0.47);
297.1837; (0.93, 0.14, 0.47);
297.1950; (0.93, 0.14, 0.47);
297.1950; (0.93, 0.13, 0.47);
297.2000; (0.93, 0.13, 0.47);
297.2060; (0.93, 0.13, 0.47);
297.2060; (0.94, 0.13, 0.47);
297.2171; (0.94, 0.13, 0.47);
297.2171; (0.94, 0.13, 0.47);
297.2200; (0.94, 0.13, 0.47);
297.2280; (0.94, 0.13, 0.47);
297.2280; (0.94, 0.13, 0.48);
297.2391; (0.94, 0.13, 0.48);
297.2391; (0.94, 0.13, 0.48);
297.2400; (0.94, 0.13, 0.48);
297.2507; (0.94, 0.13, 0.48);
297.2507; (0.94, 0.13, 0.48);
297.2600; (0.94, 0.13, 0.48);
297.2619; (0.94, 0.13, 0.48);
297.2619; (0.94, 0.13, 0.48);
297.2728; (0.94, 0.13, 0.48);
297.2728; (0.94, 0.13, 0.48);
297.2800; (0.94, 0.13, 0.48);
297.2838; (0.94, 0.13, 0.48);
297.2838; (0.94, 0.13, 0.48);
297.2953; (0.94, 0.13, 0.48);
297.2953; (0.95, 0.13, 0.48);
297.3000; (0.95, 0.13, 0.48);
297.3068; (0.95, 0.13, 0.48);
297.3068; (0.95, 0.13, 0.48);
297.3175; (0.95, 0.13, 0.48);
297.3175; (0.95, 0.13, 0.49);
297.3200; (0.95, 0.13, 0.49);
297.3286; (0.95, 0.13, 0.49);
297.3286; (0.95, 0.13, 0.49);
297.3399; (0.95, 0.13, 0.49);
297.3399; (0.95, 0.13, 0.49);
297.3400; (0.95, 0.13, 0.49);
297.3509; (0.95, 0.13, 0.49);
297.3509; (0.95, 0.13, 0.49);
297.3600; (0.95, 0.13, 0.49);
297.3619; (0.95, 0.13, 0.49);
297.3619; (0.95, 0.13, 0.49);
297.3729; (0.95, 0.13, 0.49);
297.3729; (0.96, 0.13, 0.49);
297.3800; (0.96, 0.13, 0.49);
297.3846; (0.96, 0.13, 0.49);
297.3846; (0.96, 0.13, 0.49);
297.3961; (0.96, 0.13, 0.49);
297.3961; (0.96, 0.13, 0.49);
297.4000; (0.96, 0.13, 0.49);
297.4066; (0.96, 0.13, 0.49);
297.4066; (0.96, 0.13, 0.49);
297.4173; (0.96, 0.13, 0.49);
297.4173; (0.96, 0.13, 0.49);
297.4200; (0.96, 0.13, 0.49);
297.4296; (0.96, 0.13, 0.49);
297.4296; (0.96, 0.13, 0.49);
297.4399; (0.96, 0.13, 0.49);
297.4399; (0.96, 0.13, 0.49);
297.4400; (0.96, 0.13, 0.49);
297.4511; (0.96, 0.13, 0.49);
297.4511; (0.96, 0.14, 0.49);
297.4600; (0.96, 0.14, 0.49);
297.4622; (0.96, 0.14, 0.49);
297.4622; (0.96, 0.14, 0.49);
297.4733; (0.96, 0.14, 0.49);
297.4733; (0.96, 0.14, 0.49);
297.4800; (0.96, 0.14, 0.49);
297.4840; (0.96, 0.14, 0.49);
297.4840; (0.96, 0.14, 0.49);
297.4949; (0.96, 0.14, 0.49);
297.4949; (0.96, 0.14, 0.49);
297.5000; (0.96, 0.14, 0.49);
297.5069; (0.96, 0.14, 0.49);
297.5069; (0.96, 0.14, 0.49);
297.5173; (0.96, 0.14, 0.49);
297.5173; (0.96, 0.14, 0.49);
297.5200; (0.96, 0.14, 0.49);
297.5291; (0.96, 0.14, 0.49);
297.5291; (0.95, 0.14, 0.49);
297.5397; (0.95, 0.14, 0.49);
297.5397; (0.95, 0.15, 0.49);
297.5400; (0.95, 0.15, 0.49);
297.5505; (0.95, 0.15, 0.49);
297.5505; (0.95, 0.15, 0.49);
297.5600; (0.95, 0.15, 0.49);
297.5618; (0.95, 0.15, 0.48);
297.5618; (0.95, 0.15, 0.48);
297.5728; (0.95, 0.15, 0.48);
297.5728; (0.95, 0.15, 0.48);
297.5800; (0.95, 0.15, 0.48);
297.5842; (0.95, 0.15, 0.48);
297.5842; (0.95, 0.15, 0.48);
297.5952; (0.95, 0.15, 0.48);
297.5952; (0.95, 0.15, 0.48);
297.6000; (0.95, 0.15, 0.48);
297.6071; (0.95, 0.15, 0.48);
297.6071; (0.95, 0.15, 0.48);
297.6181; (0.95, 0.15, 0.48);
297.6181; (0.94, 0.15, 0.48);
297.6200; (0.94, 0.15, 0.48);
297.6291; (0.94, 0.15, 0.48);
297.6291; (0.94, 0.16, 0.47);
297.6399; (0.94, 0.16, 0.48);
297.6399; (0.94, 0.16, 0.47);
297.6400; (0.94, 0.16, 0.47);
297.6511; (0.94, 0.16, 0.47);
297.6511; (0.94, 0.16, 0.47);
297.6600; (0.94, 0.16, 0.47);
297.6621; (0.93, 0.16, 0.47);
297.6621; (0.93, 0.16, 0.47);
297.6729; (0.93, 0.16, 0.47);
297.6729; (0.93, 0.16, 0.47);
297.6800; (0.93, 0.16, 0.47);
297.6843; (0.93, 0.16, 0.47);
297.6843; (0.92, 0.16, 0.47);
297.6955; (0.92, 0.16, 0.47);
297.6955; (0.92, 0.16, 0.47);
297.7000; (0.92, 0.16, 0.47);
297.7066; (0.92, 0.16, 0.46);
297.7066; (0.91, 0.16, 0.46);
297.7175; (0.91, 0.16, 0.46);
297.7175; (0.90, 0.17, 0.46);
297.7200; (0.90, 0.17, 0.46);
297.7286; (0.90, 0.17, 0.46);
297.7286; (0.90, 0.17, 0.46);
297.7397; (0.89, 0.17, 0.46);
297.7397; (0.88, 0.17, 0.46);
297.7400; (0.88, 0.17, 0.46);
297.7509; (0.88, 0.17, 0.46);
297.7509; (0.87, 0.18, 0.46);
297.7600; (0.87, 0.18, 0.46);
297.7618; (0.86, 0.18, 0.46);
297.7618; (0.86, 0.18, 0.46);
297.7729; (0.86, 0.18, 0.46);
297.7729; (0.85, 0.18, 0.46);
297.7800; (0.85, 0.18, 0.46);
297.7844; (0.85, 0.18, 0.46);
297.7844; (0.84, 0.19, 0.46);
297.7955; (0.84, 0.19, 0.46);
297.7955; (0.82, 0.19, 0.46);
297.8000; (0.82, 0.19, 0.46);
297.8063; (0.82, 0.19, 0.46);
297.8063; (0.81, 0.19, 0.46);
297.8178; (0.81, 0.20, 0.46);
297.8178; (0.80, 0.20, 0.46);
297.8200; (0.80, 0.20, 0.46);
297.8285; (0.80, 0.20, 0.46);
297.8285; (0.78, 0.20, 0.46);
297.8394; (0.78, 0.21, 0.47);
297.8394; (0.77, 0.21, 0.47);
297.8400; (0.77, 0.21, 0.47);
297.8506; (0.77, 0.21, 0.47);
297.8506; (0.75, 0.22, 0.47);
297.8600; (0.75, 0.22, 0.47);
297.8619; (0.74, 0.22, 0.47);
297.8619; (0.74, 0.22, 0.47);
297.8729; (0.74, 0.22, 0.47);
297.8729; (0.73, 0.23, 0.48);
297.8800; (0.73, 0.23, 0.48);
297.8837; (0.73, 0.23, 0.48);
297.8837; (0.71, 0.24, 0.48);
297.8951; (0.71, 0.24, 0.48);
297.8951; (0.69, 0.25, 0.48);
297.9000; (0.69, 0.25, 0.48);
297.9062; (0.69, 0.25, 0.48);
297.9062; (0.68, 0.26, 0.49);
297.9174; (0.68, 0.26, 0.49);
297.9174; (0.66, 0.27, 0.49);
297.9200; (0.66, 0.27, 0.49);
297.9287; (0.66, 0.27, 0.49);
297.9287; (0.64, 0.28, 0.49);
297.9399; (0.64, 0.28, 0.50);
297.9399; (0.63, 0.29, 0.50);
297.9400; (0.63, 0.29, 0.50);
297.9510; (0.63, 0.29, 0.50);
297.9510; (0.61, 0.30, 0.50);
297.9600; (0.61, 0.30, 0.50);
297.9619; (0.59, 0.31, 0.50);
297.9619; (0.59, 0.31, 0.50);
297.9732; (0.59, 0.31, 0.51);
297.9732; (0.57, 0.32, 0.51);
297.9800; (0.57, 0.32, 0.51);
297.9840; (0.57, 0.32, 0.51);
297.9840; (0.56, 0.33, 0.51);
297.9948; (0.56, 0.33, 0.51);
297.9948; (0.54, 0.34, 0.51);
298.0000; (0.54, 0.34, 0.51);
298.0065; (0.54, 0.34, 0.51);
298.0065; (0.52, 0.36, 0.51);
298.0176; (0.52, 0.36, 0.51);
298.0176; (0.51, 0.38, 0.51);
298.0200; (0.51, 0.38, 0.51);
298.0285; (0.51, 0.38, 0.51);
298.0285; (0.49, 0.39, 0.51);
298.0395; (0.49, 0.39, 0.51);
298.0395; (0.47, 0.40, 0.51);
298.0400; (0.47, 0.40, 0.51);
298.0505; (0.47, 0.40, 0.51);
298.0505; (0.45, 0.42, 0.51);
298.0600; (0.45, 0.42, 0.51);
298.0615; (0.43, 0.43, 0.51);
298.0615; (0.43, 0.43, 0.51);
298.0727; (0.43, 0.43, 0.51);
298.0727; (0.42, 0.45, 0.51);
298.0800; (0.42, 0.45, 0.51);
298.0837; (0.42, 0.45, 0.51);
298.0837; (0.40, 0.46, 0.51);
298.0948; (0.40, 0.46, 0.51);
298.0948; (0.38, 0.48, 0.51);
298.1000; (0.38, 0.48, 0.51);
298.1060; (0.38, 0.48, 0.51);
298.1060; (0.37, 0.49, 0.51);
298.1170; (0.37, 0.49, 0.51);
298.1170; (0.35, 0.51, 0.50);
298.1200; (0.35, 0.51, 0.50);
298.1287; (0.35, 0.51, 0.50);
298.1287; (0.34, 0.52, 0.50);
298.1399; (0.34, 0.52, 0.50);
298.1399; (0.33, 0.54, 0.50);
298.1400; (0.33, 0.54, 0.50);
298.1505; (0.33, 0.54, 0.50);
298.1505; (0.31, 0.55, 0.50);
298.1600; (0.31, 0.55, 0.50);
298.1618; (0.30, 0.56, 0.49);
298.1618; (0.30, 0.56, 0.49);
298.1729; (0.30, 0.56, 0.50);
298.1729; (0.28, 0.57, 0.49);
298.1800; (0.28, 0.57, 0.49);
298.1839; (0.28, 0.57, 0.49);
298.1839; (0.27, 0.58, 0.49);
298.1949; (0.27, 0.58, 0.49);
298.1949; (0.26, 0.60, 0.49);
298.2000; (0.26, 0.60, 0.49);
298.2062; (0.26, 0.60, 0.49);
298.2062; (0.25, 0.61, 0.48);
298.2171; (0.25, 0.61, 0.48);
298.2171; (0.24, 0.62, 0.48);
298.2200; (0.24, 0.62, 0.48);
298.2281; (0.24, 0.62, 0.48);
298.2281; (0.23, 0.63, 0.48);
298.2392; (0.23, 0.63, 0.48);
298.2392; (0.22, 0.64, 0.47);
298.2400; (0.22, 0.64, 0.47);
298.2507; (0.23, 0.64, 0.47);
298.2507; (0.22, 0.65, 0.47);
298.2600; (0.22, 0.65, 0.47);
298.2617; (0.21, 0.66, 0.47);
298.2617; (0.21, 0.66, 0.47);
298.2728; (0.21, 0.66, 0.47);
298.2728; (0.20, 0.67, 0.46);
298.2800; (0.20, 0.67, 0.46);
298.2840; (0.20, 0.67, 0.47);
298.2840; (0.20, 0.68, 0.46);
298.2951; (0.20, 0.68, 0.46);
298.2951; (0.19, 0.69, 0.46);
298.3000; (0.19, 0.69, 0.46);
298.3062; (0.19, 0.69, 0.46);
298.3062; (0.19, 0.70, 0.45);
298.3172; (0.19, 0.69, 0.45);
298.3172; (0.18, 0.70, 0.45);
298.3200; (0.18, 0.70, 0.45);
298.3282; (0.18, 0.70, 0.45);
298.3282; (0.18, 0.71, 0.45);
298.3392; (0.18, 0.71, 0.45);
298.3392; (0.17, 0.71, 0.45);
298.3400; (0.17, 0.71, 0.45);
298.3507; (0.18, 0.71, 0.45);
298.3507; (0.17, 0.72, 0.45);
298.3600; (0.17, 0.72, 0.45);
298.3620; (0.17, 0.72, 0.45);
298.3620; (0.17, 0.72, 0.45);
298.3731; (0.17, 0.72, 0.45);
298.3731; (0.16, 0.73, 0.45);
298.3800; (0.16, 0.73, 0.45);
298.3838; (0.17, 0.72, 0.45);
298.3838; (0.16, 0.73, 0.45);
298.3954; (0.16, 0.73, 0.45);
298.3954; (0.16, 0.73, 0.45);
298.4000; (0.16, 0.73, 0.45);
298.4065; (0.16, 0.73, 0.45);
298.4065; (0.16, 0.73, 0.45);
298.4173; (0.16, 0.74, 0.44);
298.4173; (0.16, 0.74, 0.44);
298.4200; (0.16, 0.74, 0.44);
298.4289; (0.16, 0.74, 0.44);
298.4289; (0.16, 0.74, 0.44);
298.4396; (0.16, 0.74, 0.44);
298.4396; (0.16, 0.75, 0.44);
298.4400; (0.16, 0.75, 0.44);
298.4506; (0.16, 0.74, 0.44);
298.4506; (0.16, 0.75, 0.44);
298.4600; (0.16, 0.75, 0.44);
298.4618; (0.16, 0.75, 0.44);
298.4618; (0.16, 0.75, 0.44);
298.4728; (0.16, 0.75, 0.44);
298.4728; (0.16, 0.75, 0.44);
298.4800; (0.16, 0.75, 0.44);
298.4839; (0.16, 0.75, 0.44);
298.4839; (0.16, 0.75, 0.44);
298.4955; (0.16, 0.75, 0.44);
298.4955; (0.15, 0.75, 0.44);
298.5000; (0.15, 0.75, 0.44);
298.5063; (0.15, 0.75, 0.44);
298.5063; (0.15, 0.76, 0.44);
298.5173; (0.16, 0.76, 0.44);
298.5173; (0.15, 0.76, 0.44);
298.5200; (0.15, 0.76, 0.44);
298.5286; (0.16, 0.76, 0.44);
298.5286; (0.16, 0.76, 0.44);
298.5394; (0.15, 0.76, 0.44);
298.5394; (0.16, 0.76, 0.44);
298.5400; (0.16, 0.76, 0.44);
298.5507; (0.15, 0.76, 0.44);
298.5507; (0.15, 0.76, 0.44);
298.5600; (0.15, 0.76, 0.44);
298.5619; (0.15, 0.76, 0.44);
298.5619; (0.15, 0.76, 0.44);
298.5730; (0.15, 0.76, 0.44);
298.5730; (0.15, 0.76, 0.44);
298.5800; (0.15, 0.76, 0.44);
298.5838; (0.15, 0.76, 0.44);
298.5838; (0.15, 0.76, 0.44);
298.5952; (0.15, 0.76, 0.44);
298.5952; (0.15, 0.76, 0.44);
298.6000; (0.15, 0.76, 0.44);
298.6063; (0.15, 0.76, 0.44);
298.6063; (0.15, 0.76, 0.44);
298.6171; (0.15, 0.76, 0.44);
298.6171; (0.15, 0.76, 0.44);
298.6200; (0.15, 0.76, 0.44);
298.6288; (0.15, 0.76, 0.44);
298.6288; (0.15, 0.76, 0.44);
298.6397; (0.15, 0.76, 0.44);
298.6397; (0.15, 0.76, 0.44);
298.6400; (0.15, 0.76, 0.44);
298.6511; (0.15, 0.77, 0.44);
298.6511; (0.15, 0.77, 0.44);
298.6600; (0.15, 0.77, 0.44);
298.6619; (0.15, 0.77, 0.44);
298.6619; (0.15, 0.77, 0.44);
298.6732; (0.15, 0.77, 0.44);
298.6732; (0.15, 0.77, 0.44);
298.6800; (0.15, 0.77, 0.44);
298.6842; (0.15, 0.77, 0.44);
298.6842; (0.15, 0.77, 0.44);
298.6952; (0.15, 0.77, 0.44);
298.6952; (0.15, 0.77, 0.44);
298.7000; (0.15, 0.77, 0.44);
298.7061; (0.15, 0.77, 0.44);
298.7061; (0.15, 0.77, 0.44);
298.7175; (0.15, 0.77, 0.44);
298.7175; (0.15, 0.77, 0.44);
298.7200; (0.15, 0.77, 0.44);
298.7284; (0.15, 0.77, 0.44);
298.7284; (0.15, 0.77, 0.44);
298.7393; (0.15, 0.77, 0.44);
298.7393; (0.15, 0.77, 0.44);
298.7400; (0.15, 0.77, 0.44);
298.7504; (0.15, 0.77, 0.44);
298.7504; (0.14, 0.77, 0.44);
298.7600; (0.14, 0.77, 0.44);
298.7617; (0.14, 0.77, 0.44);
298.7617; (0.14, 0.77, 0.44);
298.7727; (0.14, 0.77, 0.44);
298.7727; (0.14, 0.77, 0.44);
298.7800; (0.14, 0.77, 0.44);
298.7837; (0.14, 0.77, 0.44);
298.7837; (0.14, 0.77, 0.44);
298.7953; (0.14, 0.77, 0.44);
298.7953; (0.14, 0.77, 0.44);
298.8000; (0.14, 0.77, 0.44);
298.8063; (0.14, 0.77, 0.44);
298.8063; (0.14, 0.78, 0.44);
298.8174; (0.14, 0.78, 0.44);
298.8174; (0.14, 0.78, 0.44);
298.8200; (0.14, 0.78, 0.44);
298.8286; (0.14, 0.78, 0.44);
298.8286; (0.14, 0.78, 0.44);
298.8398; (0.14, 0.78, 0.44);
298.8398; (0.14, 0.78, 0.44);
298.8400; (0.14, 0.78, 0.44);
298.8504; (0.14, 0.78, 0.44);
298.8504; (0.14, 0.78, 0.44);
298.8600; (0.14, 0.78, 0.44);
298.8616; (0.14, 0.78, 0.44);
298.8616; (0.14, 0.78, 0.44);
298.8727; (0.14, 0.78, 0.44);
298.8727; (0.14, 0.78, 0.44);
298.8800; (0.14, 0.78, 0.44);
298.8840; (0.14, 0.78, 0.44);
298.8840; (0.14, 0.78, 0.44);
298.8951; (0.14, 0.78, 0.44);
298.8951; (0.14, 0.78, 0.44);
298.9000; (0.14, 0.78, 0.44);
298.9057; (0.14, 0.78, 0.44);
298.9057; (0.14, 0.78, 0.44);
298.9173; (0.14, 0.78, 0.44);
298.9173; (0.14, 0.78, 0.44);
298.9200; (0.14, 0.78, 0.44);
298.9281; (0.14, 0.78, 0.44);
298.9281; (0.14, 0.78, 0.44);
298.9394; (0.14, 0.78, 0.44);
298.9394; (0.14, 0.78, 0.44);
298.9400; (0.14, 0.78, 0.44);
298.9505; (0.14, 0.78, 0.44);
298.9505; (0.14, 0.78, 0.44);
298.9600; (0.14, 0.78, 0.44);
298.9617; (0.14, 0.78, 0.44);
298.9617; (0.14, 0.78, 0.44);
298.9731; (0.14, 0.78, 0.44);
298.9731; (0.14, 0.78, 0.44);
298.9800; (0.14, 0.78, 0.44);
298.9839; (0.14, 0.78, 0.44);
298.9839; (0.14, 0.78, 0.44);
298.9948; (0.14, 0.78, 0.44);
298.9948; (0.14, 0.78, 0.44);
299.0000; (0.14, 0.78, 0.44);
299.0060; (0.14, 0.78, 0.44);
299.0060; (0.14, 0.78, 0.44);
299.0175; (0.14, 0.79, 0.44);
299.0175; (0.14, 0.79, 0.44);
299.0200; (0.14, 0.79, 0.44);
299.0281; (0.14, 0.79, 0.44);
299.0281; (0.14, 0.79, 0.44);
299.0395; (0.14, 0.79, 0.44);
299.0395; (0.14, 0.79, 0.44);
299.0400; (0.14, 0.79, 0.44);
299.0505; (0.14, 0.79, 0.44);
299.0505; (0.14, 0.79, 0.44);
299.0600; (0.14, 0.79, 0.44);
299.0619; (0.14, 0.79, 0.44);
299.0619; (0.14, 0.79, 0.44);
299.0726; (0.14, 0.79, 0.44);
299.0726; (0.14, 0.79, 0.44);
299.0800; (0.14, 0.79, 0.44);
299.0842; (0.14, 0.79, 0.44);
299.0842; (0.14, 0.79, 0.44);
299.0954; (0.14, 0.79, 0.44);
299.0954; (0.14, 0.80, 0.44);
299.1000; (0.14, 0.80, 0.44);
299.1062; (0.14, 0.80, 0.44);
299.1062; (0.14, 0.80, 0.44);
299.1171; (0.14, 0.80, 0.44);
299.1171; (0.14, 0.80, 0.44);
299.1200; (0.14, 0.80, 0.44);
299.1282; (0.14, 0.80, 0.44);
299.1282; (0.14, 0.80, 0.44);
299.1392; (0.14, 0.80, 0.44);
299.1392; (0.14, 0.80, 0.44);
299.1400; (0.14, 0.80, 0.44);
299.1507; (0.14, 0.80, 0.44);
299.1507; (0.14, 0.81, 0.44);
299.1600; (0.14, 0.81, 0.44);
299.1620; (0.14, 0.81, 0.44);
299.1620; (0.14, 0.81, 0.44);
299.1727; (0.14, 0.81, 0.44);
299.1727; (0.14, 0.81, 0.44);
299.1800; (0.14, 0.81, 0.44);
299.1843; (0.14, 0.81, 0.44);
299.1843; (0.14, 0.81, 0.44);
299.1951; (0.14, 0.81, 0.44);
299.1951; (0.14, 0.82, 0.44);
299.2000; (0.14, 0.82, 0.44);
299.2060; (0.14, 0.82, 0.44);
299.2060; (0.13, 0.82, 0.45);
299.2171; (0.13, 0.82, 0.45);
299.2171; (0.13, 0.82, 0.45);
299.2200; (0.13, 0.82, 0.45);
299.2282; (0.13, 0.82, 0.45);
299.2282; (0.13, 0.83, 0.45);
299.2394; (0.13, 0.83, 0.45);
299.2394; (0.13, 0.83, 0.45);
299.2400; (0.13, 0.83, 0.45);
299.2505; (0.13, 0.83, 0.45);
299.2505; (0.13, 0.83, 0.45);
299.2600; (0.13, 0.83, 0.45);
299.2616; (0.13, 0.84, 0.45);
299.2616; (0.13, 0.84, 0.45);
299.2731; (0.13, 0.84, 0.45);
299.2731; (0.13, 0.84, 0.45);
299.2800; (0.13, 0.84, 0.45);
299.2836; (0.13, 0.84, 0.45);
299.2836; (0.12, 0.84, 0.45);
299.2951; (0.12, 0.84, 0.45);
299.2951; (0.12, 0.84, 0.45);
299.3000; (0.12, 0.84, 0.45);
299.3067; (0.12, 0.84, 0.45);
299.3067; (0.12, 0.85, 0.45);
299.3176; (0.12, 0.85, 0.45);
299.3176; (0.12, 0.85, 0.46);
299.3200; (0.12, 0.85, 0.46);
299.3288; (0.12, 0.85, 0.46);
299.3288; (0.12, 0.85, 0.46);
299.3394; (0.12, 0.85, 0.46);
299.3394; (0.12, 0.85, 0.46);
299.3400; (0.12, 0.85, 0.46);
299.3503; (0.12, 0.85, 0.46);
299.3503; (0.12, 0.86, 0.46);
299.3600; (0.12, 0.86, 0.46);
299.3616; (0.11, 0.86, 0.46);
299.3616; (0.11, 0.86, 0.46);
299.3726; (0.11, 0.86, 0.46);
299.3726; (0.11, 0.86, 0.46);
299.3800; (0.11, 0.86, 0.46);
299.3840; (0.11, 0.86, 0.46);
299.3840; (0.11, 0.86, 0.46);
299.3954; (0.11, 0.86, 0.46);
299.3954; (0.11, 0.86, 0.46);
299.4000; (0.11, 0.86, 0.46);
299.4062; (0.11, 0.86, 0.46);
299.4062; (0.11, 0.87, 0.46);
299.4171; (0.11, 0.87, 0.46);
299.4171; (0.11, 0.87, 0.46);
299.4200; (0.11, 0.87, 0.46);
299.4287; (0.11, 0.87, 0.46);
299.4287; (0.11, 0.87, 0.47);
299.4393; (0.11, 0.87, 0.47);
299.4393; (0.11, 0.87, 0.46);
299.4400; (0.11, 0.87, 0.46);
299.4508; (0.11, 0.87, 0.46);
299.4508; (0.10, 0.88, 0.46);
299.4600; (0.10, 0.88, 0.46);
299.4621; (0.10, 0.88, 0.46);
299.4621; (0.10, 0.88, 0.46);
299.4727; (0.10, 0.88, 0.46);
299.4727; (0.10, 0.88, 0.46);
299.4800; (0.10, 0.88, 0.46);
299.4842; (0.10, 0.88, 0.46);
299.4842; (0.10, 0.88, 0.46);
299.4949; (0.10, 0.88, 0.46);
299.4949; (0.10, 0.88, 0.46);
299.5000; (0.10, 0.88, 0.46);
299.5062; (0.10, 0.88, 0.46);
299.5062; (0.10, 0.88, 0.46);
299.5175; (0.10, 0.88, 0.46);
299.5175; (0.10, 0.88, 0.46);
299.5200; (0.10, 0.88, 0.46);
299.5283; (0.10, 0.88, 0.46);
299.5283; (0.10, 0.88, 0.46);
299.5398; (0.10, 0.88, 0.46);
299.5398; (0.10, 0.89, 0.46);
299.5400; (0.10, 0.89, 0.46);
299.5508; (0.10, 0.89, 0.46);
299.5508; (0.10, 0.89, 0.46);
299.5600; (0.10, 0.89, 0.46);
299.5620; (0.10, 0.89, 0.46);
299.5620; (0.10, 0.89, 0.46);
299.5731; (0.10, 0.89, 0.46);
299.5731; (0.10, 0.89, 0.46);
299.5800; (0.10, 0.89, 0.46);
299.5838; (0.10, 0.89, 0.46);
299.5838; (0.10, 0.89, 0.46);
299.5956; (0.10, 0.89, 0.46);
299.5956; (0.10, 0.89, 0.46);
299.6000; (0.10, 0.89, 0.46);
299.6061; (0.10, 0.89, 0.46);
299.6061; (0.10, 0.89, 0.46);
299.6171; (0.10, 0.89, 0.46);
299.6171; (0.10, 0.89, 0.46);
299.6200; (0.10, 0.89, 0.46);
299.6286; (0.10, 0.89, 0.46);
299.6286; (0.10, 0.89, 0.46);
299.6395; (0.10, 0.89, 0.46);
299.6395; (0.09, 0.89, 0.46);
299.6400; (0.09, 0.89, 0.46);
299.6505; (0.09, 0.89, 0.46);
299.6505; (0.09, 0.89, 0.47);
299.6600; (0.10, 0.89, 0.47);
299.6616; (0.10, 0.89, 0.47);
299.6616; (0.10, 0.89, 0.47);
299.6728; (0.10, 0.89, 0.47);
299.6728; (0.10, 0.89, 0.47);
299.6800; (0.10, 0.89, 0.47);
299.6840; (0.10, 0.89, 0.47);
299.6840; (0.10, 0.89, 0.47);
299.6954; (0.10, 0.89, 0.47);
299.6954; (0.10, 0.89, 0.47);
299.7000; (0.10, 0.89, 0.47);
299.7065; (0.10, 0.89, 0.47);
299.7065; (0.10, 0.89, 0.47);
299.7171; (0.10, 0.89, 0.47);
299.7171; (0.10, 0.89, 0.47);
299.7200; (0.10, 0.89, 0.47);
299.7285; (0.10, 0.89, 0.47);
299.7285; (0.10, 0.89, 0.47);
299.7396; (0.10, 0.89, 0.47);
299.7396; (0.10, 0.89, 0.47);
299.7400; (0.10, 0.89, 0.47);
299.7506; (0.10, 0.89, 0.47);
299.7506; (0.10, 0.89, 0.48);
299.7600; (0.10, 0.89, 0.48);
299.7615; (0.09, 0.89, 0.48);
299.7615; (0.09, 0.89, 0.48);
299.7728; (0.10, 0.89, 0.47);
299.7728; (0.10, 0.89, 0.47);
299.7800; (0.10, 0.89, 0.47);
299.7839; (0.09, 0.89, 0.47);
299.7839; (0.09, 0.89, 0.47);
299.7953; (0.10, 0.89, 0.47);
299.7953; (0.10, 0.89, 0.47);
299.8000; (0.10, 0.89, 0.47);
299.8062; (0.10, 0.89, 0.47);
299.8062; (0.09, 0.89, 0.47);
299.8172; (0.10, 0.89, 0.47);
299.8172; (0.10, 0.89, 0.47);
299.8200; (0.10, 0.89, 0.47);
299.8286; (0.10, 0.89, 0.47);
299.8286; (0.10, 0.89, 0.47);
299.8400; (0.10, 0.89, 0.48);
299.8401; (0.09, 0.89, 0.48);
299.8401; (0.09, 0.89, 0.48);
299.8508; (0.09, 0.89, 0.48);
299.8508; (0.09, 0.89, 0.48);
299.8600; (0.09, 0.89, 0.48);
299.8620; (0.09, 0.89, 0.48);
299.8620; (0.09, 0.89, 0.48);
299.8726; (0.09, 0.89, 0.48);
299.8726; (0.09, 0.89, 0.48);
299.8800; (0.09, 0.89, 0.48);
299.8838; (0.09, 0.89, 0.47);
299.8838; (0.09, 0.89, 0.47);
299.8952; (0.09, 0.89, 0.47);
299.8952; (0.09, 0.89, 0.47);
299.9000; (0.09, 0.89, 0.47);
299.9065; (0.09, 0.89, 0.47);
299.9065; (0.09, 0.89, 0.47);
299.9172; (0.09, 0.89, 0.47);
299.9172; (0.09, 0.89, 0.47);
299.9200; (0.09, 0.89, 0.47);
299.9280; (0.09, 0.89, 0.47);
299.9280; (0.09, 0.89, 0.47);
299.9393; (0.09, 0.89, 0.47);
299.9393; (0.09, 0.89, 0.47);
299.9400; (0.09, 0.89, 0.47);
299.9503; (0.09, 0.89, 0.47);
299.9503; (0.09, 0.89, 0.47);
299.9600; (0.09, 0.89, 0.47);
299.9614; (0.09, 0.89, 0.47);
299.9614; (0.09, 0.89, 0.47);
299.9731; (0.09, 0.89, 0.48);
299.9731; (0.09, 0.89, 0.47);
299.9800; (0.09, 0.89, 0.47);
299.9841; (0.09, 0.89, 0.48);
299.9841; (0.08, 0.89, 0.48);
299.9950; (0.08, 0.89, 0.48);
299.9950; (0.08, 0.89, 0.48);
300.0000; (0.08, 0.89, 0.48);
300.0062; (0.08, 0.89, 0.48);
300.0062; (0.08, 0.89, 0.48);
300.0170; (0.08, 0.89, 0.47);
300.0170; (0.08, 0.89, 0.47);
300.0200; (0.08, 0.89, 0.47);
300.0282; (0.08, 0.89, 0.47);
300.0282; (0.08, 0.89, 0.47);
300.0394; (0.08, 0.89, 0.47);
300.0394; (0.08, 0.89, 0.47);
300.0400; (0.08, 0.89, 0.47);
300.0507; (0.08, 0.89, 0.47);
300.0507; (0.08, 0.89, 0.47);
300.0600; (0.08, 0.89, 0.47);
300.0618; (0.08, 0.89, 0.47);
300.0618; (0.08, 0.89, 0.47);
300.0728; (0.08, 0.89, 0.47);
300.0728; (0.08, 0.89, 0.47);
300.0800; (0.08, 0.89, 0.47);
300.0841; (0.08, 0.89, 0.47);
300.0841; (0.08, 0.89, 0.47);
300.0952; (0.08, 0.89, 0.47);
300.0952; (0.08, 0.89, 0.47);
300.1000; (0.08, 0.89, 0.47);
300.1062; (0.08, 0.89, 0.47);
300.1062; (0.08, 0.89, 0.47);
300.1172; (0.08, 0.89, 0.47);
300.1172; (0.08, 0.89, 0.47);
300.1200; (0.08, 0.89, 0.47);
300.1287; (0.08, 0.89, 0.47);
300.1287; (0.08, 0.89, 0.47);
300.1393; (0.08, 0.89, 0.47);
300.1393; (0.08, 0.89, 0.47);
300.1400; (0.08, 0.89, 0.47);
300.1506; (0.08, 0.89, 0.47);
300.1506; (0.08, 0.89, 0.48);
300.1600; (0.08, 0.89, 0.48);
300.1617; (0.08, 0.88, 0.48);
300.1617; (0.08, 0.88, 0.48);
300.1728; (0.08, 0.88, 0.48);
300.1728; (0.08, 0.88, 0.48);
300.1800; (0.08, 0.88, 0.48);
300.1839; (0.08, 0.88, 0.48);
300.1839; (0.08, 0.88, 0.48);
300.1947; (0.08, 0.88, 0.48);
300.1947; (0.08, 0.88, 0.48);
300.2000; (0.08, 0.88, 0.48);
300.2059; (0.08, 0.88, 0.48);
300.2059; (0.08, 0.88, 0.48);
300.2171; (0.08, 0.88, 0.48);
300.2171; (0.08, 0.88, 0.48);
300.2200; (0.08, 0.88, 0.48);
300.2285; (0.08, 0.88, 0.48);
300.2285; (0.08, 0.88, 0.48);
300.2391; (0.08, 0.88, 0.48);
300.2391; (0.08, 0.88, 0.48);
300.2400; (0.08, 0.88, 0.48);
300.2509; (0.08, 0.88, 0.48);
300.2509; (0.07, 0.87, 0.48);
300.2600; (0.07, 0.87, 0.48);
300.2619; (0.07, 0.87, 0.48);
300.2619; (0.07, 0.87, 0.48);
300.2730; (0.07, 0.87, 0.48);
300.2730; (0.07, 0.87, 0.48);
300.2800; (0.07, 0.87, 0.48);
300.2845; (0.07, 0.87, 0.48);
300.2845; (0.07, 0.87, 0.48);
300.2953; (0.07, 0.87, 0.48);
300.2953; (0.07, 0.87, 0.48);
300.3000; (0.07, 0.87, 0.48);
300.3063; (0.07, 0.87, 0.48);
300.3063; (0.07, 0.87, 0.48);
300.3176; (0.07, 0.87, 0.48);
300.3176; (0.07, 0.87, 0.48);
300.3200; (0.07, 0.87, 0.48);
300.3285; (0.07, 0.87, 0.48);
300.3285; (0.07, 0.87, 0.48);
300.3397; (0.07, 0.87, 0.48);
300.3397; (0.07, 0.87, 0.48);
300.3400; (0.07, 0.87, 0.48);
300.3509; (0.07, 0.87, 0.48);
300.3509; (0.07, 0.87, 0.48);
300.3600; (0.07, 0.87, 0.48);
300.3618; (0.07, 0.87, 0.48);
300.3618; (0.07, 0.87, 0.48);
300.3734; (0.07, 0.87, 0.48);
300.3734; (0.07, 0.87, 0.48);
300.3800; (0.07, 0.87, 0.48);
300.3840; (0.07, 0.87, 0.48);
300.3840; (0.07, 0.87, 0.48);
300.3950; (0.07, 0.87, 0.48);
300.3950; (0.07, 0.87, 0.48);
300.4000; (0.07, 0.87, 0.48);
300.4063; (0.07, 0.87, 0.48);
300.4063; (0.07, 0.86, 0.48);
300.4172; (0.07, 0.86, 0.48);
300.4172; (0.07, 0.86, 0.48);
300.4200; (0.07, 0.86, 0.48);
300.4283; (0.07, 0.86, 0.48);
300.4283; (0.07, 0.86, 0.49);
300.4394; (0.07, 0.86, 0.49);
300.4394; (0.07, 0.86, 0.49);
300.4400; (0.07, 0.86, 0.49);
300.4507; (0.07, 0.86, 0.49);
300.4507; (0.07, 0.86, 0.49);
300.4600; (0.07, 0.86, 0.49);
300.4618; (0.07, 0.86, 0.49);
300.4618; (0.07, 0.86, 0.49);
300.4729; (0.07, 0.86, 0.49);
300.4729; (0.06, 0.86, 0.49);
300.4800; (0.06, 0.86, 0.49);
300.4838; (0.06, 0.86, 0.49);
300.4838; (0.06, 0.86, 0.49);
300.4950; (0.06, 0.86, 0.49);
