Experiment: 4
Latency: 0
Source: (0.22, 0.99, 0.50)
SourceSize: 0.0750
Target: (0.78, 0.01, 0.50)
TargetSize: 0.1250

Trace:
time; position; button;
159.7957; (0.22, 0.97, 0.49);
159.8000; (0.23, 0.97, 0.49);
159.8068; (0.23, 0.97, 0.50);
159.8068; (0.23, 0.97, 0.50);
159.8176; (0.23, 0.97, 0.50);
159.8176; (0.23, 0.97, 0.50);
159.8200; (0.23, 0.97, 0.50);
159.8292; (0.23, 0.97, 0.50);
159.8292; (0.23, 0.97, 0.50);
159.8400; (0.23, 0.97, 0.50);
159.8400; (0.23, 0.97, 0.50);
159.8400; (0.23, 0.97, 0.50);
159.8512; (0.23, 0.96, 0.50);
159.8512; (0.23, 0.96, 0.50);
159.8600; (0.23, 0.96, 0.50);
159.8625; (0.23, 0.96, 0.50);
159.8625; (0.23, 0.96, 0.50);
159.8734; (0.23, 0.96, 0.50);
159.8734; (0.23, 0.96, 0.50);
159.8800; (0.23, 0.96, 0.50);
159.8845; (0.23, 0.95, 0.50);
159.8845; (0.23, 0.95, 0.50);
159.8957; (0.23, 0.95, 0.50);
159.8957; (0.23, 0.95, 0.50);
159.9000; (0.23, 0.95, 0.50);
159.9066; (0.23, 0.95, 0.49);
159.9066; (0.23, 0.95, 0.49);
159.9178; (0.24, 0.95, 0.49);
159.9178; (0.24, 0.94, 0.49);
159.9200; (0.24, 0.94, 0.49);
159.9287; (0.24, 0.94, 0.49);
159.9287; (0.24, 0.94, 0.49);
159.9398; (0.24, 0.94, 0.49);
159.9398; (0.25, 0.93, 0.49);
159.9400; (0.25, 0.93, 0.49);
159.9509; (0.25, 0.93, 0.49);
159.9509; (0.25, 0.93, 0.49);
159.9600; (0.25, 0.93, 0.49);
159.9623; (0.26, 0.92, 0.48);
159.9623; (0.26, 0.92, 0.48);
159.9738; (0.26, 0.92, 0.48);
159.9738; (0.26, 0.91, 0.48);
159.9800; (0.27, 0.91, 0.48);
159.9843; (0.27, 0.91, 0.48);
159.9843; (0.27, 0.91, 0.48);
159.9953; (0.28, 0.91, 0.48);
159.9953; (0.28, 0.90, 0.47);
160.0000; (0.29, 0.90, 0.47);
160.0068; (0.30, 0.89, 0.47);
160.0068; (0.30, 0.89, 0.47);
160.0174; (0.31, 0.89, 0.47);
160.0174; (0.32, 0.88, 0.46);
160.0200; (0.32, 0.88, 0.46);
160.0291; (0.33, 0.88, 0.45);
160.0291; (0.33, 0.88, 0.45);
160.0400; (0.34, 0.87, 0.46);
160.0402; (0.35, 0.86, 0.45);
160.0402; (0.35, 0.86, 0.45);
160.0514; (0.35, 0.86, 0.45);
160.0514; (0.37, 0.84, 0.45);
160.0600; (0.37, 0.84, 0.45);
160.0623; (0.38, 0.82, 0.45);
160.0623; (0.38, 0.82, 0.45);
160.0731; (0.38, 0.82, 0.45);
160.0731; (0.40, 0.80, 0.44);
160.0800; (0.40, 0.79, 0.44);
160.0849; (0.41, 0.78, 0.44);
160.0849; (0.41, 0.78, 0.44);
160.0960; (0.41, 0.77, 0.44);
160.0960; (0.43, 0.74, 0.43);
160.1000; (0.43, 0.74, 0.44);
160.1071; (0.44, 0.71, 0.43);
160.1071; (0.44, 0.71, 0.43);
160.1181; (0.44, 0.71, 0.43);
160.1181; (0.46, 0.68, 0.43);
160.1200; (0.46, 0.68, 0.43);
160.1292; (0.47, 0.65, 0.42);
160.1292; (0.47, 0.65, 0.42);
160.1398; (0.47, 0.65, 0.43);
160.1398; (0.49, 0.61, 0.42);
160.1400; (0.49, 0.61, 0.43);
160.1512; (0.51, 0.58, 0.42);
160.1512; (0.51, 0.58, 0.42);
160.1600; (0.51, 0.57, 0.43);
160.1624; (0.53, 0.54, 0.42);
160.1624; (0.53, 0.54, 0.42);
160.1735; (0.53, 0.54, 0.43);
160.1735; (0.55, 0.50, 0.42);
160.1800; (0.55, 0.50, 0.43);
160.1843; (0.57, 0.46, 0.42);
160.1843; (0.57, 0.46, 0.42);
160.1958; (0.57, 0.45, 0.42);
160.1958; (0.59, 0.41, 0.42);
160.2000; (0.59, 0.41, 0.43);
160.2070; (0.60, 0.37, 0.42);
160.2070; (0.60, 0.37, 0.42);
160.2176; (0.60, 0.37, 0.42);
160.2176; (0.62, 0.33, 0.41);
160.2200; (0.62, 0.34, 0.42);
160.2292; (0.63, 0.30, 0.41);
160.2292; (0.63, 0.30, 0.41);
160.2400; (0.64, 0.30, 0.42);
160.2405; (0.65, 0.27, 0.40);
160.2405; (0.65, 0.27, 0.40);
160.2511; (0.66, 0.28, 0.41);
160.2511; (0.67, 0.24, 0.40);
160.2600; (0.67, 0.25, 0.41);
160.2627; (0.69, 0.22, 0.40);
160.2627; (0.69, 0.22, 0.40);
160.2741; (0.69, 0.23, 0.41);
160.2741; (0.70, 0.20, 0.40);
160.2800; (0.70, 0.20, 0.42);
160.2850; (0.71, 0.18, 0.41);
160.2850; (0.71, 0.18, 0.41);
160.2959; (0.71, 0.18, 0.42);
160.2959; (0.72, 0.16, 0.42);
160.3000; (0.72, 0.16, 0.42);
160.3066; (0.73, 0.14, 0.42);
160.3066; (0.73, 0.14, 0.42);
160.3184; (0.72, 0.15, 0.43);
160.3184; (0.74, 0.13, 0.43);
160.3200; (0.73, 0.13, 0.44);
160.3295; (0.74, 0.11, 0.44);
160.3295; (0.74, 0.11, 0.44);
160.3400; (0.74, 0.11, 0.44);
160.3404; (0.75, 0.10, 0.44);
160.3404; (0.75, 0.10, 0.44);
160.3516; (0.75, 0.10, 0.45);
160.3516; (0.75, 0.09, 0.45);
160.3600; (0.75, 0.09, 0.45);
160.3626; (0.76, 0.08, 0.45);
160.3626; (0.76, 0.08, 0.45);
160.3739; (0.76, 0.09, 0.46);
160.3739; (0.76, 0.08, 0.46);
160.3800; (0.76, 0.08, 0.46);
160.3847; (0.76, 0.07, 0.47);
160.3847; (0.76, 0.07, 0.47);
160.3957; (0.76, 0.08, 0.47);
160.3957; (0.77, 0.07, 0.47);
160.4000; (0.77, 0.07, 0.47);
160.4066; (0.77, 0.06, 0.48);
160.4066; (0.77, 0.06, 0.48);
160.4178; (0.76, 0.06, 0.48);
160.4178; (0.76, 0.06, 0.49);
160.4200; (0.76, 0.06, 0.49);
160.4293; (0.76, 0.05, 0.49);
160.4293; (0.76, 0.05, 0.49);
160.4400; (0.76, 0.05, 0.49);
160.4405; (0.76, 0.04, 0.50);
160.4405; (0.76, 0.04, 0.50);
160.4516; (0.76, 0.04, 0.50);
160.4516; (0.76, 0.03, 0.51);
160.4600; (0.76, 0.03, 0.51);
160.4623; (0.76, 0.03, 0.52);
160.4623; (0.76, 0.03, 0.52);
160.4735; (0.77, 0.03, 0.51);
160.4735; (0.77, 0.02, 0.52);
160.4800; (0.77, 0.02, 0.52);
160.4845; (0.78, 0.01, 0.52);
160.4845; (0.78, 0.01, 0.52);
160.4956; (0.78, 0.02, 0.52);
160.4956; (0.78, 0.01, 0.53);
160.5000; (0.78, 0.01, 0.53);
