Experiment: 6
Latency: 0
Source: (0.55, 0.87, 0.50)
SourceSize: 0.0750
Target: (0.45, 0.13, 0.50)
TargetSize: 0.0250

Trace:
time; position; button;
162.0845; (0.54, 0.84, 0.52);
162.0845; (0.54, 0.84, 0.52);
162.0952; (0.54, 0.84, 0.52);
162.0952; (0.54, 0.84, 0.52);
162.1000; (0.54, 0.84, 0.52);
162.1064; (0.54, 0.84, 0.52);
162.1064; (0.54, 0.84, 0.52);
162.1181; (0.54, 0.84, 0.52);
162.1181; (0.54, 0.84, 0.52);
162.1200; (0.55, 0.83, 0.52);
162.1292; (0.55, 0.83, 0.52);
162.1292; (0.55, 0.83, 0.52);
162.1400; (0.55, 0.83, 0.52);
162.1402; (0.55, 0.83, 0.52);
162.1402; (0.55, 0.83, 0.52);
162.1512; (0.55, 0.83, 0.52);
162.1512; (0.55, 0.83, 0.52);
162.1600; (0.55, 0.83, 0.52);
162.1622; (0.55, 0.83, 0.51);
162.1622; (0.55, 0.83, 0.51);
162.1736; (0.55, 0.83, 0.51);
162.1736; (0.55, 0.82, 0.51);
162.1800; (0.55, 0.82, 0.51);
162.1843; (0.55, 0.82, 0.51);
162.1843; (0.55, 0.82, 0.51);
162.1956; (0.55, 0.82, 0.51);
162.1956; (0.55, 0.82, 0.51);
162.2000; (0.55, 0.82, 0.51);
162.2067; (0.55, 0.82, 0.51);
162.2067; (0.55, 0.82, 0.51);
162.2174; (0.55, 0.82, 0.51);
162.2174; (0.55, 0.81, 0.51);
162.2200; (0.55, 0.81, 0.51);
162.2288; (0.55, 0.81, 0.51);
162.2288; (0.55, 0.81, 0.51);
162.2400; (0.55, 0.81, 0.51);
162.2402; (0.55, 0.81, 0.50);
162.2402; (0.55, 0.81, 0.50);
162.2509; (0.55, 0.81, 0.50);
162.2509; (0.55, 0.80, 0.50);
162.2600; (0.55, 0.80, 0.50);
162.2620; (0.55, 0.80, 0.50);
162.2620; (0.55, 0.80, 0.50);
162.2734; (0.55, 0.80, 0.50);
162.2734; (0.55, 0.80, 0.50);
162.2800; (0.55, 0.80, 0.50);
162.2849; (0.54, 0.79, 0.50);
162.2849; (0.54, 0.79, 0.50);
162.2954; (0.54, 0.79, 0.49);
162.2954; (0.54, 0.79, 0.49);
162.3000; (0.54, 0.79, 0.49);
162.3064; (0.54, 0.79, 0.49);
162.3064; (0.54, 0.79, 0.49);
162.3175; (0.54, 0.78, 0.49);
162.3175; (0.54, 0.78, 0.49);
162.3200; (0.54, 0.78, 0.49);
162.3290; (0.54, 0.77, 0.48);
162.3290; (0.54, 0.77, 0.48);
162.3400; (0.54, 0.77, 0.48);
162.3402; (0.54, 0.76, 0.48);
162.3402; (0.54, 0.76, 0.48);
162.3520; (0.54, 0.76, 0.48);
162.3520; (0.54, 0.75, 0.47);
162.3600; (0.54, 0.74, 0.47);
162.3623; (0.54, 0.73, 0.47);
162.3623; (0.54, 0.73, 0.47);
162.3734; (0.54, 0.73, 0.47);
162.3734; (0.53, 0.71, 0.46);
162.3800; (0.53, 0.71, 0.46);
162.3845; (0.53, 0.69, 0.46);
162.3845; (0.53, 0.69, 0.46);
162.3956; (0.53, 0.69, 0.46);
162.3956; (0.52, 0.67, 0.45);
162.4000; (0.52, 0.67, 0.45);
162.4064; (0.52, 0.65, 0.45);
162.4064; (0.52, 0.65, 0.45);
162.4175; (0.51, 0.64, 0.45);
162.4175; (0.51, 0.62, 0.44);
162.4200; (0.51, 0.61, 0.44);
162.4286; (0.50, 0.59, 0.44);
162.4286; (0.50, 0.59, 0.44);
162.4398; (0.50, 0.58, 0.44);
162.4398; (0.49, 0.55, 0.44);
162.4400; (0.49, 0.55, 0.44);
162.4510; (0.48, 0.52, 0.43);
162.4510; (0.48, 0.52, 0.43);
162.4600; (0.48, 0.51, 0.44);
162.4626; (0.48, 0.48, 0.43);
162.4626; (0.48, 0.48, 0.43);
162.4733; (0.48, 0.48, 0.44);
162.4733; (0.47, 0.44, 0.43);
162.4800; (0.47, 0.44, 0.44);
162.4856; (0.47, 0.40, 0.44);
162.4856; (0.47, 0.40, 0.44);
162.4955; (0.47, 0.40, 0.45);
162.4955; (0.47, 0.37, 0.44);
162.5000; (0.47, 0.37, 0.45);
162.5070; (0.46, 0.33, 0.45);
162.5070; (0.46, 0.33, 0.45);
162.5182; (0.47, 0.33, 0.46);
162.5182; (0.46, 0.30, 0.46);
162.5200; (0.46, 0.30, 0.46);
162.5309; (0.46, 0.27, 0.47);
162.5309; (0.46, 0.27, 0.47);
162.5400; (0.47, 0.27, 0.48);
162.5411; (0.47, 0.24, 0.48);
162.5411; (0.47, 0.24, 0.48);
162.5515; (0.47, 0.24, 0.48);
162.5515; (0.47, 0.21, 0.49);
162.5600; (0.47, 0.21, 0.49);
162.5625; (0.47, 0.18, 0.50);
162.5625; (0.47, 0.18, 0.50);
162.5735; (0.47, 0.18, 0.50);
162.5735; (0.47, 0.16, 0.51);
162.5800; (0.47, 0.16, 0.51);
162.5849; (0.47, 0.14, 0.52);
162.5849; (0.47, 0.14, 0.52);
162.5958; (0.47, 0.14, 0.52);
162.5958; (0.47, 0.12, 0.52);
162.6000; (0.47, 0.13, 0.52);
162.6065; (0.47, 0.10, 0.53);
162.6065; (0.47, 0.10, 0.53);
162.6181; (0.47, 0.12, 0.53);
162.6181; (0.48, 0.10, 0.53);
162.6200; (0.47, 0.10, 0.53);
162.6291; (0.47, 0.09, 0.53);
162.6291; (0.47, 0.09, 0.53);
162.6400; (0.47, 0.10, 0.54);
162.6407; (0.47, 0.08, 0.54);
162.6407; (0.47, 0.08, 0.54);
162.6509; (0.47, 0.09, 0.54);
162.6509; (0.47, 0.08, 0.55);
162.6600; (0.47, 0.08, 0.55);
162.6622; (0.46, 0.07, 0.55);
162.6622; (0.46, 0.07, 0.55);
162.6740; (0.46, 0.08, 0.55);
162.6740; (0.46, 0.07, 0.55);
162.6800; (0.46, 0.08, 0.55);
162.6846; (0.46, 0.07, 0.55);
162.6846; (0.46, 0.07, 0.55);
162.6958; (0.46, 0.07, 0.55);
162.6958; (0.46, 0.07, 0.56);
162.7000; (0.45, 0.07, 0.56);
162.7064; (0.45, 0.07, 0.56);
162.7064; (0.45, 0.07, 0.56);
162.7177; (0.45, 0.07, 0.56);
162.7177; (0.45, 0.07, 0.56);
162.7200; (0.45, 0.07, 0.56);
162.7286; (0.45, 0.07, 0.56);
162.7286; (0.45, 0.07, 0.56);
162.7400; (0.45, 0.07, 0.56);
162.7403; (0.45, 0.07, 0.56);
162.7403; (0.45, 0.07, 0.56);
162.7509; (0.45, 0.07, 0.56);
162.7509; (0.44, 0.07, 0.56);
162.7600; (0.44, 0.07, 0.56);
162.7619; (0.44, 0.07, 0.56);
162.7619; (0.44, 0.07, 0.56);
162.7732; (0.44, 0.08, 0.56);
162.7732; (0.44, 0.08, 0.56);
162.7800; (0.44, 0.08, 0.56);
162.7843; (0.44, 0.08, 0.55);
162.7843; (0.44, 0.08, 0.55);
162.7952; (0.44, 0.08, 0.55);
162.7952; (0.44, 0.08, 0.55);
162.8000; (0.44, 0.08, 0.55);
162.8063; (0.44, 0.08, 0.55);
162.8063; (0.44, 0.08, 0.55);
162.8176; (0.44, 0.08, 0.55);
162.8176; (0.44, 0.08, 0.55);
162.8200; (0.44, 0.09, 0.55);
162.8285; (0.44, 0.10, 0.54);
162.8285; (0.44, 0.10, 0.54);
162.8400; (0.44, 0.10, 0.54);
162.8403; (0.44, 0.10, 0.54);
162.8403; (0.44, 0.10, 0.54);
162.8511; (0.44, 0.10, 0.54);
162.8511; (0.44, 0.11, 0.54);
162.8600; (0.44, 0.11, 0.54);
162.8622; (0.44, 0.11, 0.54);
162.8622; (0.44, 0.11, 0.54);
162.8737; (0.44, 0.11, 0.54);
162.8737; (0.45, 0.11, 0.54);
162.8800; (0.45, 0.11, 0.54);
162.8844; (0.45, 0.11, 0.54);
162.8844; (0.45, 0.11, 0.54);
162.8955; (0.45, 0.11, 0.53);
162.8955; (0.45, 0.11, 0.53);
162.9000; (0.45, 0.11, 0.53);
162.9067; (0.45, 0.12, 0.53);
162.9067; (0.45, 0.12, 0.53);
162.9181; (0.45, 0.12, 0.53);
162.9181; (0.45, 0.12, 0.53);
162.9200; (0.45, 0.12, 0.53);
162.9289; (0.45, 0.13, 0.52);
162.9289; (0.45, 0.13, 0.52);
162.9398; (0.45, 0.13, 0.53);
162.9398; (0.45, 0.13, 0.52);
162.9400; (0.45, 0.13, 0.52);
162.9509; (0.45, 0.13, 0.52);
162.9509; (0.45, 0.13, 0.52);
162.9600; (0.45, 0.13, 0.52);
162.9622; (0.45, 0.13, 0.52);
162.9622; (0.45, 0.13, 0.52);
162.9732; (0.45, 0.13, 0.52);
162.9732; (0.45, 0.13, 0.52);
162.9800; (0.45, 0.13, 0.52);
162.9845; (0.45, 0.14, 0.52);
162.9845; (0.45, 0.14, 0.52);
162.9958; (0.45, 0.14, 0.52);
162.9958; (0.45, 0.14, 0.52);
163.0000; (0.45, 0.14, 0.52);
163.0066; (0.45, 0.14, 0.51);
163.0066; (0.45, 0.14, 0.51);
163.0176; (0.45, 0.14, 0.52);
163.0176; (0.45, 0.14, 0.51);
163.0200; (0.45, 0.14, 0.51);
163.0286; (0.45, 0.14, 0.51);
163.0286; (0.45, 0.14, 0.51);
163.0397; (0.45, 0.14, 0.51);
163.0397; (0.45, 0.14, 0.51);
163.0400; (0.45, 0.14, 0.51);
163.0506; (0.45, 0.14, 0.51);
163.0506; (0.45, 0.14, 0.51);
163.0600; (0.45, 0.14, 0.51);
163.0620; (0.45, 0.14, 0.51);
163.0620; (0.45, 0.14, 0.51);
163.0731; (0.45, 0.14, 0.51);
163.0731; (0.45, 0.14, 0.51);
163.0800; (0.45, 0.14, 0.51);
163.0845; (0.45, 0.14, 0.51);
163.0845; (0.45, 0.14, 0.51);
163.0956; (0.45, 0.14, 0.51);
163.0956; (0.45, 0.15, 0.51);
163.1000; (0.45, 0.15, 0.51);
163.1067; (0.45, 0.15, 0.51);
163.1067; (0.45, 0.15, 0.51);
163.1177; (0.45, 0.15, 0.51);
163.1177; (0.44, 0.15, 0.50);
163.1200; (0.44, 0.15, 0.50);
163.1287; (0.44, 0.15, 0.50);
163.1287; (0.44, 0.15, 0.50);
163.1398; (0.44, 0.15, 0.50);
163.1398; (0.44, 0.15, 0.50);
163.1400; (0.44, 0.15, 0.50);
163.1508; (0.44, 0.15, 0.50);
163.1508; (0.44, 0.15, 0.50);
163.1600; (0.44, 0.15, 0.50);
163.1619; (0.44, 0.15, 0.50);
163.1619; (0.44, 0.15, 0.50);
163.1731; (0.44, 0.15, 0.50);
163.1731; (0.44, 0.15, 0.50);
163.1800; (0.44, 0.15, 0.50);
163.1846; (0.44, 0.15, 0.50);
163.1846; (0.44, 0.15, 0.50);
163.1956; (0.44, 0.15, 0.50);
163.1956; (0.44, 0.15, 0.50);
163.2000; (0.44, 0.15, 0.50);
163.2064; (0.44, 0.15, 0.50);
163.2064; (0.44, 0.15, 0.50);
163.2174; (0.44, 0.15, 0.50);
163.2174; (0.44, 0.14, 0.49);
163.2200; (0.44, 0.14, 0.49);
163.2286; (0.44, 0.14, 0.49);
163.2286; (0.44, 0.14, 0.49);
163.2400; (0.44, 0.14, 0.49);
163.2401; (0.44, 0.14, 0.49);
163.2401; (0.44, 0.14, 0.49);
163.2513; (0.44, 0.14, 0.49);
163.2513; (0.44, 0.14, 0.49);
163.2600; (0.44, 0.14, 0.49);
163.2618; (0.44, 0.14, 0.49);
163.2618; (0.44, 0.14, 0.49);
163.2734; (0.44, 0.14, 0.49);
163.2734; (0.44, 0.14, 0.49);
163.2800; (0.44, 0.14, 0.49);
163.2842; (0.44, 0.14, 0.49);
163.2842; (0.44, 0.14, 0.49);
163.2952; (0.44, 0.14, 0.49);
163.2952; (0.44, 0.14, 0.49);
163.3000; (0.44, 0.14, 0.49);
163.3064; (0.44, 0.14, 0.49);
163.3064; (0.44, 0.14, 0.49);
163.3174; (0.44, 0.14, 0.49);
163.3174; (0.44, 0.14, 0.49);
163.3200; (0.44, 0.14, 0.49);
163.3284; (0.44, 0.14, 0.49);
163.3284; (0.44, 0.14, 0.49);
163.3400; (0.44, 0.14, 0.49);
163.3400; (0.45, 0.14, 0.49);
163.3400; (0.45, 0.14, 0.49);
163.3509; (0.45, 0.14, 0.49);
163.3509; (0.45, 0.14, 0.49);
163.3600; (0.45, 0.14, 0.49);
