Experiment: 4
Latency: 750
Source: (0.76, 1.00, 0.50)
SourceSize: 0.0750
Target: (0.24, 0.00, 0.50)
TargetSize: 0.1250

Trace:
time; position; button;
334.2507; (0.77, 0.98, 0.47);
334.2507; (0.77, 0.98, 0.47);
334.2600; (0.77, 0.98, 0.47);
334.2620; (0.77, 0.98, 0.47);
334.2620; (0.77, 0.98, 0.47);
334.2727; (0.77, 0.98, 0.47);
334.2727; (0.77, 0.98, 0.47);
334.2800; (0.77, 0.98, 0.47);
334.2839; (0.77, 0.98, 0.47);
334.2839; (0.77, 0.98, 0.47);
334.2950; (0.77, 0.98, 0.47);
334.2950; (0.77, 0.98, 0.47);
334.3000; (0.77, 0.98, 0.47);
334.3061; (0.77, 0.98, 0.47);
334.3061; (0.77, 0.98, 0.47);
334.3172; (0.77, 0.98, 0.47);
334.3172; (0.77, 0.98, 0.47);
334.3200; (0.77, 0.98, 0.47);
334.3282; (0.77, 0.98, 0.47);
334.3282; (0.77, 0.98, 0.47);
334.3394; (0.77, 0.98, 0.47);
334.3394; (0.77, 0.98, 0.47);
334.3400; (0.77, 0.98, 0.47);
334.3505; (0.77, 0.98, 0.47);
334.3505; (0.77, 0.98, 0.47);
334.3600; (0.77, 0.98, 0.47);
334.3617; (0.77, 0.98, 0.47);
334.3617; (0.77, 0.98, 0.47);
334.3727; (0.77, 0.98, 0.47);
334.3727; (0.77, 0.98, 0.47);
334.3800; (0.77, 0.99, 0.47);
334.3841; (0.77, 0.99, 0.47);
334.3841; (0.77, 0.99, 0.47);
334.3948; (0.77, 0.99, 0.47);
334.3948; (0.77, 0.99, 0.47);
334.4000; (0.77, 0.99, 0.48);
334.4059; (0.77, 0.99, 0.48);
334.4059; (0.77, 0.99, 0.48);
334.4176; (0.77, 0.99, 0.48);
334.4176; (0.77, 0.99, 0.48);
334.4200; (0.77, 0.99, 0.48);
334.4284; (0.77, 0.99, 0.48);
334.4284; (0.77, 0.99, 0.48);
334.4397; (0.77, 0.99, 0.48);
334.4397; (0.77, 0.99, 0.48);
334.4400; (0.77, 0.99, 0.48);
334.4507; (0.77, 0.99, 0.48);
334.4507; (0.77, 0.99, 0.48);
334.4600; (0.77, 0.99, 0.48);
334.4617; (0.77, 0.99, 0.48);
334.4617; (0.77, 0.99, 0.48);
334.4728; (0.77, 0.99, 0.48);
334.4728; (0.77, 0.99, 0.48);
334.4800; (0.77, 0.99, 0.48);
334.4837; (0.77, 0.99, 0.48);
334.4837; (0.77, 0.99, 0.48);
334.4950; (0.77, 0.99, 0.48);
334.4950; (0.77, 0.99, 0.48);
334.5000; (0.77, 0.99, 0.48);
334.5059; (0.77, 0.99, 0.48);
334.5059; (0.77, 0.99, 0.48);
334.5174; (0.77, 0.99, 0.48);
334.5174; (0.77, 0.99, 0.48);
334.5200; (0.77, 0.99, 0.48);
334.5285; (0.77, 0.99, 0.48);
334.5285; (0.77, 0.99, 0.48);
334.5396; (0.77, 0.99, 0.48);
334.5396; (0.77, 0.99, 0.48);
334.5400; (0.77, 0.99, 0.48);
334.5505; (0.77, 0.99, 0.48);
334.5505; (0.77, 0.99, 0.48);
334.5600; (0.77, 0.99, 0.48);
334.5614; (0.77, 0.99, 0.48);
334.5614; (0.77, 0.99, 0.48);
334.5725; (0.77, 0.99, 0.48);
334.5725; (0.77, 0.99, 0.48);
334.5800; (0.77, 0.99, 0.48);
334.5837; (0.77, 0.99, 0.48);
334.5837; (0.77, 0.99, 0.48);
334.5947; (0.77, 0.99, 0.48);
334.5947; (0.77, 0.99, 0.48);
334.6000; (0.77, 0.99, 0.48);
334.6057; (0.77, 0.99, 0.48);
334.6057; (0.77, 0.99, 0.48);
334.6175; (0.77, 0.99, 0.48);
334.6175; (0.77, 0.99, 0.48);
334.6200; (0.77, 0.99, 0.48);
334.6280; (0.77, 0.99, 0.48);
334.6280; (0.77, 0.99, 0.48);
334.6393; (0.77, 0.99, 0.48);
334.6393; (0.77, 0.99, 0.48);
334.6400; (0.77, 0.99, 0.48);
334.6507; (0.77, 0.99, 0.48);
334.6507; (0.77, 0.99, 0.48);
334.6600; (0.77, 0.99, 0.48);
334.6617; (0.77, 0.99, 0.48);
334.6617; (0.77, 0.99, 0.48);
334.6726; (0.77, 0.99, 0.48);
334.6726; (0.77, 0.99, 0.48);
334.6800; (0.77, 0.99, 0.48);
334.6836; (0.77, 0.99, 0.48);
334.6836; (0.77, 0.99, 0.48);
334.6951; (0.77, 0.99, 0.48);
334.6951; (0.77, 0.99, 0.48);
334.7000; (0.77, 0.99, 0.48);
334.7062; (0.77, 0.99, 0.48);
334.7062; (0.77, 0.99, 0.48);
334.7172; (0.77, 0.99, 0.48);
334.7172; (0.77, 0.99, 0.48);
334.7200; (0.77, 0.99, 0.48);
334.7284; (0.77, 0.99, 0.48);
334.7284; (0.77, 0.99, 0.48);
334.7394; (0.77, 0.99, 0.48);
334.7394; (0.77, 0.99, 0.48);
334.7400; (0.77, 0.99, 0.48);
334.7506; (0.77, 0.99, 0.48);
334.7506; (0.77, 0.99, 0.48);
334.7600; (0.77, 0.99, 0.48);
334.7617; (0.77, 0.99, 0.48);
334.7617; (0.77, 0.99, 0.48);
334.7729; (0.77, 0.99, 0.48);
334.7729; (0.77, 0.99, 0.48);
334.7800; (0.77, 0.99, 0.48);
334.7838; (0.76, 0.99, 0.48);
334.7838; (0.76, 0.99, 0.48);
334.7950; (0.76, 0.99, 0.48);
334.7950; (0.76, 0.99, 0.48);
334.8000; (0.76, 0.99, 0.48);
334.8062; (0.76, 0.99, 0.48);
334.8062; (0.76, 0.99, 0.48);
334.8176; (0.76, 0.99, 0.48);
334.8176; (0.76, 0.99, 0.48);
334.8200; (0.76, 0.99, 0.48);
334.8287; (0.76, 0.99, 0.48);
334.8287; (0.76, 0.99, 0.48);
334.8397; (0.76, 0.99, 0.48);
334.8397; (0.76, 0.99, 0.48);
334.8400; (0.76, 0.99, 0.48);
334.8506; (0.76, 0.99, 0.48);
334.8506; (0.76, 0.99, 0.48);
334.8600; (0.76, 0.99, 0.48);
334.8619; (0.76, 0.99, 0.48);
334.8619; (0.76, 0.99, 0.48);
334.8730; (0.76, 0.99, 0.48);
334.8730; (0.76, 0.99, 0.48);
334.8800; (0.76, 0.99, 0.48);
334.8840; (0.76, 0.99, 0.48);
334.8840; (0.76, 0.99, 0.48);
334.8953; (0.76, 0.99, 0.48);
334.8953; (0.76, 0.99, 0.48);
334.9000; (0.76, 0.99, 0.48);
334.9061; (0.76, 0.99, 0.48);
334.9061; (0.76, 0.99, 0.48);
334.9172; (0.76, 0.99, 0.48);
334.9172; (0.76, 0.99, 0.48);
334.9200; (0.76, 0.99, 0.48);
334.9284; (0.76, 0.99, 0.48);
334.9284; (0.76, 1.00, 0.48);
334.9390; (0.76, 1.00, 0.48);
334.9390; (0.76, 1.00, 0.48);
334.9400; (0.76, 1.00, 0.48);
334.9503; (0.76, 1.00, 0.48);
334.9503; (0.76, 1.00, 0.48);
334.9600; (0.76, 1.00, 0.48);
334.9615; (0.76, 1.00, 0.48);
334.9615; (0.76, 1.00, 0.48);
334.9727; (0.76, 1.00, 0.48);
334.9727; (0.76, 1.00, 0.48);
334.9800; (0.76, 1.00, 0.48);
334.9836; (0.75, 1.00, 0.48);
334.9836; (0.75, 1.00, 0.48);
334.9950; (0.76, 1.00, 0.48);
334.9950; (0.75, 1.00, 0.48);
335.0000; (0.75, 1.00, 0.48);
335.0061; (0.75, 1.00, 0.48);
335.0061; (0.75, 1.00, 0.48);
335.0172; (0.75, 1.00, 0.48);
335.0172; (0.75, 1.00, 0.48);
335.0200; (0.75, 1.00, 0.48);
335.0281; (0.75, 1.00, 0.48);
335.0281; (0.75, 1.01, 0.47);
335.0394; (0.75, 1.01, 0.47);
335.0394; (0.75, 1.01, 0.47);
335.0400; (0.75, 1.01, 0.47);
335.0507; (0.75, 1.01, 0.47);
335.0507; (0.75, 1.01, 0.47);
335.0600; (0.75, 1.01, 0.47);
335.0613; (0.75, 1.01, 0.47);
335.0613; (0.75, 1.01, 0.47);
335.0729; (0.75, 1.01, 0.47);
335.0729; (0.75, 1.01, 0.47);
335.0800; (0.75, 1.01, 0.47);
335.0836; (0.75, 1.01, 0.47);
335.0836; (0.75, 1.01, 0.47);
335.0948; (0.75, 1.01, 0.47);
335.0948; (0.75, 1.01, 0.47);
335.1000; (0.75, 1.01, 0.47);
335.1063; (0.75, 1.01, 0.47);
335.1063; (0.75, 1.01, 0.47);
335.1173; (0.75, 1.01, 0.47);
335.1173; (0.75, 1.01, 0.47);
335.1200; (0.75, 1.01, 0.47);
335.1283; (0.75, 1.01, 0.47);
335.1283; (0.75, 1.01, 0.47);
335.1394; (0.75, 1.01, 0.47);
335.1394; (0.75, 1.00, 0.46);
335.1400; (0.75, 1.00, 0.46);
335.1505; (0.75, 1.00, 0.47);
335.1505; (0.75, 1.00, 0.46);
335.1600; (0.75, 1.00, 0.46);
335.1617; (0.75, 1.00, 0.46);
335.1617; (0.75, 1.00, 0.46);
335.1727; (0.75, 1.00, 0.46);
335.1727; (0.75, 1.00, 0.46);
335.1800; (0.76, 1.00, 0.47);
335.1837; (0.76, 1.00, 0.46);
335.1837; (0.76, 1.00, 0.46);
335.1948; (0.76, 1.00, 0.47);
335.1948; (0.76, 0.99, 0.47);
335.2000; (0.76, 0.99, 0.47);
335.2059; (0.76, 0.99, 0.47);
335.2059; (0.76, 0.99, 0.47);
335.2169; (0.76, 0.99, 0.46);
335.2169; (0.76, 0.98, 0.46);
335.2200; (0.76, 0.98, 0.46);
335.2280; (0.76, 0.98, 0.47);
335.2280; (0.76, 0.98, 0.47);
335.2398; (0.76, 0.98, 0.47);
335.2398; (0.76, 0.97, 0.47);
335.2400; (0.76, 0.97, 0.47);
335.2507; (0.75, 0.97, 0.47);
335.2507; (0.75, 0.96, 0.47);
335.2600; (0.75, 0.96, 0.47);
335.2618; (0.75, 0.96, 0.46);
335.2618; (0.75, 0.96, 0.46);
335.2729; (0.75, 0.95, 0.47);
335.2729; (0.75, 0.95, 0.46);
335.2800; (0.75, 0.95, 0.47);
335.2840; (0.74, 0.94, 0.46);
335.2840; (0.74, 0.94, 0.46);
335.2952; (0.74, 0.93, 0.46);
335.2952; (0.74, 0.93, 0.46);
335.3000; (0.74, 0.92, 0.46);
335.3063; (0.73, 0.91, 0.46);
335.3063; (0.73, 0.91, 0.46);
335.3170; (0.73, 0.91, 0.46);
335.3170; (0.73, 0.90, 0.46);
335.3200; (0.73, 0.90, 0.46);
335.3287; (0.73, 0.90, 0.47);
335.3287; (0.72, 0.89, 0.46);
335.3399; (0.72, 0.89, 0.47);
335.3399; (0.72, 0.87, 0.46);
335.3400; (0.72, 0.87, 0.46);
335.3508; (0.72, 0.87, 0.47);
335.3508; (0.71, 0.86, 0.46);
335.3600; (0.71, 0.86, 0.47);
335.3617; (0.71, 0.84, 0.46);
335.3617; (0.71, 0.84, 0.46);
335.3729; (0.70, 0.84, 0.46);
335.3729; (0.70, 0.82, 0.46);
335.3800; (0.69, 0.82, 0.46);
335.3836; (0.69, 0.80, 0.46);
335.3836; (0.69, 0.80, 0.46);
335.3950; (0.69, 0.80, 0.46);
335.3950; (0.68, 0.78, 0.46);
335.4000; (0.67, 0.78, 0.46);
335.4059; (0.66, 0.76, 0.46);
335.4059; (0.66, 0.76, 0.46);
335.4172; (0.66, 0.76, 0.46);
335.4172; (0.65, 0.74, 0.46);
335.4200; (0.65, 0.74, 0.46);
335.4282; (0.65, 0.74, 0.46);
335.4282; (0.64, 0.72, 0.46);
335.4394; (0.64, 0.72, 0.46);
335.4394; (0.62, 0.70, 0.46);
335.4400; (0.62, 0.70, 0.46);
335.4507; (0.62, 0.70, 0.46);
335.4507; (0.61, 0.68, 0.46);
335.4600; (0.61, 0.68, 0.46);
335.4616; (0.60, 0.66, 0.45);
335.4616; (0.60, 0.66, 0.45);
335.4729; (0.60, 0.66, 0.46);
335.4729; (0.58, 0.64, 0.45);
335.4800; (0.59, 0.64, 0.46);
335.4838; (0.58, 0.62, 0.46);
335.4838; (0.58, 0.62, 0.46);
335.4947; (0.58, 0.62, 0.46);
335.4947; (0.56, 0.60, 0.46);
335.5000; (0.56, 0.60, 0.46);
335.5063; (0.55, 0.58, 0.46);
335.5063; (0.55, 0.58, 0.46);
335.5174; (0.55, 0.58, 0.46);
335.5174; (0.54, 0.56, 0.46);
335.5200; (0.54, 0.56, 0.46);
335.5286; (0.54, 0.56, 0.46);
335.5286; (0.53, 0.54, 0.46);
335.5392; (0.53, 0.54, 0.46);
335.5392; (0.52, 0.52, 0.46);
335.5400; (0.52, 0.52, 0.46);
335.5504; (0.52, 0.52, 0.46);
335.5504; (0.50, 0.50, 0.46);
335.5600; (0.50, 0.50, 0.46);
335.5615; (0.49, 0.48, 0.46);
335.5615; (0.49, 0.48, 0.46);
335.5734; (0.49, 0.48, 0.46);
335.5734; (0.48, 0.46, 0.46);
335.5800; (0.48, 0.46, 0.46);
335.5839; (0.47, 0.44, 0.46);
335.5839; (0.47, 0.44, 0.46);
335.5949; (0.47, 0.44, 0.46);
335.5949; (0.46, 0.43, 0.46);
335.6000; (0.46, 0.43, 0.46);
335.6063; (0.45, 0.41, 0.46);
335.6063; (0.45, 0.41, 0.46);
335.6176; (0.45, 0.41, 0.47);
335.6176; (0.44, 0.39, 0.47);
335.6200; (0.44, 0.39, 0.47);
335.6284; (0.44, 0.39, 0.47);
335.6284; (0.43, 0.37, 0.47);
335.6396; (0.43, 0.37, 0.47);
335.6396; (0.42, 0.36, 0.47);
335.6400; (0.42, 0.36, 0.47);
335.6505; (0.42, 0.36, 0.47);
335.6505; (0.41, 0.34, 0.47);
335.6600; (0.41, 0.34, 0.47);
335.6619; (0.40, 0.33, 0.47);
335.6619; (0.40, 0.33, 0.47);
335.6728; (0.40, 0.33, 0.47);
335.6728; (0.39, 0.32, 0.47);
335.6800; (0.39, 0.32, 0.47);
335.6837; (0.38, 0.30, 0.47);
335.6837; (0.38, 0.30, 0.47);
335.6947; (0.38, 0.31, 0.47);
335.6947; (0.37, 0.29, 0.47);
335.7000; (0.37, 0.29, 0.47);
335.7061; (0.37, 0.28, 0.47);
335.7061; (0.37, 0.28, 0.47);
335.7176; (0.37, 0.28, 0.47);
335.7176; (0.36, 0.27, 0.47);
335.7200; (0.36, 0.27, 0.47);
335.7282; (0.36, 0.28, 0.47);
335.7282; (0.35, 0.27, 0.47);
335.7395; (0.35, 0.27, 0.46);
335.7395; (0.35, 0.26, 0.46);
335.7400; (0.35, 0.26, 0.46);
335.7505; (0.35, 0.26, 0.46);
335.7505; (0.34, 0.25, 0.46);
335.7600; (0.34, 0.25, 0.46);
335.7615; (0.33, 0.25, 0.46);
335.7615; (0.33, 0.25, 0.46);
335.7728; (0.34, 0.25, 0.46);
335.7728; (0.33, 0.24, 0.46);
335.7800; (0.33, 0.24, 0.46);
335.7836; (0.33, 0.23, 0.46);
335.7836; (0.33, 0.23, 0.46);
335.7946; (0.33, 0.23, 0.46);
335.7946; (0.32, 0.22, 0.46);
335.8000; (0.32, 0.22, 0.46);
335.8060; (0.32, 0.22, 0.46);
335.8060; (0.32, 0.22, 0.46);
335.8175; (0.32, 0.22, 0.46);
335.8175; (0.31, 0.21, 0.46);
335.8200; (0.31, 0.21, 0.46);
335.8288; (0.31, 0.21, 0.46);
335.8288; (0.31, 0.21, 0.46);
335.8395; (0.31, 0.21, 0.46);
335.8395; (0.31, 0.21, 0.46);
335.8400; (0.31, 0.21, 0.46);
335.8507; (0.31, 0.21, 0.46);
335.8507; (0.30, 0.20, 0.46);
335.8600; (0.30, 0.20, 0.46);
335.8619; (0.30, 0.20, 0.45);
335.8619; (0.30, 0.20, 0.45);
335.8731; (0.30, 0.20, 0.45);
335.8731; (0.30, 0.20, 0.45);
335.8800; (0.30, 0.20, 0.45);
335.8840; (0.29, 0.19, 0.45);
335.8840; (0.29, 0.19, 0.45);
335.8951; (0.29, 0.20, 0.45);
335.8951; (0.29, 0.19, 0.45);
335.9000; (0.29, 0.19, 0.45);
335.9061; (0.29, 0.19, 0.45);
335.9061; (0.29, 0.19, 0.45);
335.9167; (0.29, 0.19, 0.45);
335.9167; (0.29, 0.18, 0.45);
335.9200; (0.29, 0.18, 0.45);
335.9279; (0.29, 0.18, 0.45);
335.9279; (0.28, 0.18, 0.45);
335.9395; (0.28, 0.18, 0.45);
335.9395; (0.28, 0.18, 0.45);
335.9400; (0.28, 0.18, 0.45);
335.9505; (0.28, 0.18, 0.45);
335.9505; (0.28, 0.17, 0.45);
335.9600; (0.28, 0.17, 0.45);
335.9614; (0.28, 0.17, 0.45);
335.9614; (0.28, 0.17, 0.45);
335.9727; (0.28, 0.17, 0.45);
335.9727; (0.28, 0.16, 0.45);
335.9800; (0.28, 0.17, 0.46);
335.9839; (0.28, 0.16, 0.46);
335.9839; (0.28, 0.16, 0.46);
335.9951; (0.28, 0.16, 0.46);
335.9951; (0.28, 0.16, 0.46);
336.0000; (0.28, 0.16, 0.46);
336.0056; (0.28, 0.16, 0.46);
336.0056; (0.28, 0.16, 0.46);
336.0170; (0.28, 0.16, 0.46);
336.0170; (0.28, 0.15, 0.46);
336.0200; (0.28, 0.15, 0.46);
336.0281; (0.28, 0.15, 0.46);
336.0281; (0.27, 0.15, 0.46);
336.0396; (0.27, 0.15, 0.46);
336.0396; (0.27, 0.15, 0.46);
336.0400; (0.27, 0.15, 0.46);
336.0504; (0.27, 0.15, 0.46);
336.0504; (0.27, 0.15, 0.46);
336.0600; (0.27, 0.15, 0.46);
336.0613; (0.27, 0.14, 0.46);
336.0613; (0.27, 0.14, 0.46);
336.0725; (0.27, 0.14, 0.46);
336.0725; (0.27, 0.14, 0.46);
336.0800; (0.27, 0.14, 0.46);
336.0836; (0.27, 0.14, 0.46);
336.0836; (0.27, 0.14, 0.46);
336.0947; (0.27, 0.14, 0.46);
336.0947; (0.27, 0.14, 0.46);
336.1000; (0.27, 0.14, 0.46);
336.1059; (0.27, 0.13, 0.46);
336.1059; (0.27, 0.13, 0.46);
336.1172; (0.27, 0.13, 0.46);
336.1172; (0.27, 0.13, 0.47);
336.1200; (0.27, 0.13, 0.47);
336.1280; (0.27, 0.13, 0.47);
336.1280; (0.27, 0.13, 0.47);
336.1396; (0.27, 0.13, 0.47);
336.1396; (0.27, 0.13, 0.47);
336.1400; (0.27, 0.13, 0.47);
336.1507; (0.27, 0.13, 0.47);
336.1507; (0.27, 0.13, 0.47);
336.1600; (0.27, 0.13, 0.47);
336.1616; (0.27, 0.13, 0.47);
336.1616; (0.27, 0.13, 0.47);
336.1729; (0.27, 0.13, 0.47);
336.1729; (0.27, 0.13, 0.47);
336.1800; (0.27, 0.13, 0.47);
336.1840; (0.27, 0.13, 0.47);
336.1840; (0.27, 0.13, 0.47);
336.1946; (0.27, 0.13, 0.47);
336.1946; (0.27, 0.12, 0.48);
336.2000; (0.27, 0.12, 0.48);
336.2063; (0.27, 0.12, 0.48);
336.2063; (0.27, 0.12, 0.48);
336.2173; (0.27, 0.13, 0.47);
336.2173; (0.27, 0.13, 0.47);
336.2200; (0.27, 0.13, 0.47);
336.2282; (0.27, 0.13, 0.47);
336.2282; (0.27, 0.12, 0.47);
336.2393; (0.27, 0.12, 0.47);
336.2393; (0.26, 0.12, 0.47);
336.2400; (0.26, 0.12, 0.47);
336.2503; (0.26, 0.12, 0.47);
336.2503; (0.26, 0.12, 0.47);
336.2600; (0.26, 0.12, 0.47);
336.2613; (0.26, 0.12, 0.47);
336.2613; (0.26, 0.12, 0.47);
336.2725; (0.26, 0.12, 0.47);
336.2725; (0.26, 0.12, 0.47);
336.2800; (0.26, 0.12, 0.47);
336.2838; (0.26, 0.11, 0.47);
336.2838; (0.26, 0.11, 0.47);
336.2949; (0.26, 0.11, 0.47);
336.2949; (0.26, 0.11, 0.47);
336.3000; (0.26, 0.11, 0.47);
336.3064; (0.26, 0.11, 0.47);
336.3064; (0.26, 0.11, 0.47);
336.3172; (0.26, 0.11, 0.47);
336.3172; (0.26, 0.11, 0.47);
336.3200; (0.26, 0.11, 0.47);
336.3287; (0.26, 0.11, 0.47);
336.3287; (0.26, 0.11, 0.47);
336.3400; (0.26, 0.11, 0.47);
336.3401; (0.26, 0.11, 0.47);
336.3401; (0.26, 0.11, 0.47);
336.3510; (0.26, 0.11, 0.47);
336.3510; (0.26, 0.11, 0.47);
336.3600; (0.26, 0.11, 0.47);
336.3618; (0.26, 0.11, 0.47);
336.3618; (0.26, 0.11, 0.47);
336.3728; (0.26, 0.11, 0.47);
336.3728; (0.26, 0.10, 0.47);
336.3800; (0.26, 0.10, 0.47);
336.3839; (0.26, 0.10, 0.47);
336.3839; (0.26, 0.10, 0.47);
336.3948; (0.26, 0.10, 0.47);
336.3948; (0.26, 0.10, 0.47);
336.4000; (0.26, 0.10, 0.48);
336.4059; (0.26, 0.10, 0.48);
336.4059; (0.26, 0.10, 0.48);
336.4178; (0.26, 0.10, 0.48);
336.4178; (0.27, 0.10, 0.48);
336.4200; (0.27, 0.10, 0.48);
336.4286; (0.27, 0.10, 0.48);
336.4286; (0.27, 0.09, 0.48);
336.4396; (0.27, 0.09, 0.48);
336.4396; (0.27, 0.09, 0.48);
336.4400; (0.27, 0.09, 0.48);
336.4507; (0.27, 0.09, 0.48);
336.4507; (0.27, 0.09, 0.48);
336.4600; (0.27, 0.09, 0.48);
336.4615; (0.27, 0.09, 0.48);
336.4615; (0.27, 0.09, 0.48);
336.4728; (0.27, 0.09, 0.48);
336.4728; (0.27, 0.09, 0.48);
336.4800; (0.27, 0.09, 0.48);
336.4839; (0.27, 0.09, 0.48);
336.4839; (0.27, 0.09, 0.48);
336.4948; (0.27, 0.09, 0.48);
336.4948; (0.27, 0.09, 0.48);
336.5000; (0.27, 0.09, 0.48);
336.5063; (0.27, 0.09, 0.48);
336.5063; (0.27, 0.09, 0.48);
336.5175; (0.27, 0.09, 0.48);
336.5175; (0.27, 0.09, 0.48);
336.5200; (0.27, 0.09, 0.48);
336.5285; (0.27, 0.09, 0.48);
336.5285; (0.27, 0.09, 0.48);
336.5396; (0.27, 0.08, 0.48);
336.5396; (0.27, 0.08, 0.48);
336.5400; (0.27, 0.08, 0.48);
336.5509; (0.27, 0.08, 0.48);
336.5509; (0.27, 0.08, 0.48);
336.5600; (0.27, 0.08, 0.48);
336.5619; (0.27, 0.08, 0.48);
336.5619; (0.27, 0.08, 0.48);
336.5729; (0.27, 0.08, 0.48);
336.5729; (0.27, 0.08, 0.48);
336.5800; (0.27, 0.08, 0.48);
336.5839; (0.27, 0.08, 0.48);
336.5839; (0.27, 0.08, 0.48);
336.5949; (0.27, 0.08, 0.48);
336.5949; (0.27, 0.08, 0.48);
336.6000; (0.27, 0.08, 0.48);
336.6059; (0.27, 0.08, 0.48);
336.6059; (0.27, 0.08, 0.48);
336.6172; (0.27, 0.08, 0.48);
336.6172; (0.27, 0.08, 0.48);
336.6200; (0.27, 0.08, 0.48);
336.6288; (0.27, 0.08, 0.48);
336.6288; (0.27, 0.07, 0.48);
336.6396; (0.27, 0.07, 0.48);
336.6396; (0.27, 0.07, 0.48);
336.6400; (0.27, 0.07, 0.48);
336.6508; (0.27, 0.07, 0.48);
336.6508; (0.28, 0.07, 0.48);
336.6600; (0.28, 0.07, 0.48);
336.6615; (0.28, 0.07, 0.48);
336.6615; (0.28, 0.07, 0.48);
336.6728; (0.28, 0.07, 0.48);
336.6728; (0.28, 0.07, 0.48);
336.6800; (0.28, 0.07, 0.48);
336.6837; (0.28, 0.07, 0.48);
336.6837; (0.28, 0.07, 0.48);
336.6951; (0.28, 0.07, 0.48);
336.6951; (0.28, 0.06, 0.48);
336.7000; (0.28, 0.06, 0.48);
336.7061; (0.28, 0.06, 0.48);
336.7061; (0.28, 0.06, 0.48);
336.7176; (0.28, 0.06, 0.48);
336.7176; (0.28, 0.06, 0.48);
336.7200; (0.28, 0.06, 0.48);
336.7287; (0.28, 0.06, 0.48);
336.7287; (0.28, 0.06, 0.48);
336.7397; (0.28, 0.06, 0.48);
336.7397; (0.28, 0.06, 0.48);
336.7400; (0.28, 0.06, 0.48);
336.7506; (0.28, 0.06, 0.48);
336.7506; (0.28, 0.05, 0.48);
336.7600; (0.28, 0.05, 0.48);
336.7616; (0.28, 0.05, 0.48);
336.7616; (0.28, 0.05, 0.48);
336.7731; (0.28, 0.05, 0.48);
336.7731; (0.28, 0.05, 0.48);
336.7800; (0.28, 0.05, 0.48);
336.7838; (0.28, 0.05, 0.48);
336.7838; (0.28, 0.05, 0.48);
336.7948; (0.28, 0.05, 0.48);
336.7948; (0.28, 0.04, 0.48);
336.8000; (0.28, 0.04, 0.48);
336.8060; (0.28, 0.04, 0.48);
336.8060; (0.28, 0.04, 0.48);
336.8170; (0.28, 0.04, 0.48);
336.8170; (0.28, 0.04, 0.47);
336.8200; (0.28, 0.04, 0.47);
336.8285; (0.28, 0.04, 0.47);
336.8285; (0.28, 0.03, 0.47);
336.8396; (0.28, 0.03, 0.47);
336.8396; (0.28, 0.03, 0.47);
336.8400; (0.28, 0.03, 0.47);
336.8509; (0.28, 0.03, 0.47);
336.8509; (0.28, 0.03, 0.47);
336.8600; (0.28, 0.03, 0.47);
336.8618; (0.28, 0.03, 0.47);
336.8618; (0.28, 0.03, 0.47);
336.8727; (0.28, 0.03, 0.47);
336.8727; (0.28, 0.02, 0.47);
336.8800; (0.28, 0.02, 0.47);
336.8839; (0.28, 0.02, 0.47);
336.8839; (0.28, 0.02, 0.47);
336.8948; (0.29, 0.02, 0.47);
336.8948; (0.29, 0.02, 0.47);
336.9000; (0.28, 0.02, 0.47);
336.9061; (0.29, 0.02, 0.47);
336.9061; (0.29, 0.02, 0.47);
336.9171; (0.29, 0.02, 0.47);
336.9171; (0.29, 0.02, 0.46);
336.9200; (0.29, 0.02, 0.46);
336.9282; (0.29, 0.02, 0.47);
336.9282; (0.29, 0.01, 0.46);
336.9394; (0.29, 0.01, 0.46);
336.9394; (0.29, 0.01, 0.46);
336.9400; (0.29, 0.01, 0.46);
336.9505; (0.29, 0.01, 0.46);
336.9505; (0.29, 0.01, 0.46);
336.9600; (0.29, 0.01, 0.46);
336.9614; (0.29, 0.01, 0.46);
336.9614; (0.29, 0.01, 0.46);
336.9730; (0.29, 0.01, 0.46);
336.9730; (0.29, 0.00, 0.46);
336.9800; (0.29, 0.01, 0.46);
336.9838; (0.29, 0.00, 0.46);
336.9838; (0.29, 0.00, 0.46);
336.9949; (0.29, 0.00, 0.46);
336.9949; (0.29, 0.00, 0.46);
337.0000; (0.29, 0.00, 0.46);
337.0058; (0.29, 0.00, 0.46);
337.0058; (0.29, 0.00, 0.46);
337.0173; (0.29, 0.00, 0.46);
337.0173; (0.29, 0.00, 0.46);
337.0200; (0.29, 0.00, 0.46);
337.0284; (0.29, 0.00, 0.46);
337.0284; (0.29, 0.00, 0.46);
337.0390; (0.29, 0.00, 0.46);
337.0390; (0.29, -0.01, 0.46);
337.0400; (0.29, -0.01, 0.46);
337.0506; (0.29, -0.01, 0.46);
337.0506; (0.29, -0.01, 0.46);
337.0600; (0.29, -0.01, 0.46);
337.0617; (0.29, -0.01, 0.46);
337.0617; (0.29, -0.01, 0.46);
337.0725; (0.29, -0.01, 0.46);
337.0725; (0.29, -0.01, 0.46);
337.0800; (0.29, -0.02, 0.46);
337.0835; (0.30, -0.02, 0.46);
337.0835; (0.30, -0.02, 0.46);
337.0946; (0.30, -0.02, 0.46);
337.0946; (0.30, -0.02, 0.45);
337.1000; (0.30, -0.02, 0.45);
337.1057; (0.30, -0.02, 0.45);
337.1057; (0.30, -0.02, 0.45);
337.1174; (0.30, -0.02, 0.45);
337.1174; (0.30, -0.03, 0.45);
337.1200; (0.30, -0.03, 0.45);
337.1286; (0.30, -0.03, 0.45);
337.1286; (0.30, -0.03, 0.45);
337.1395; (0.30, -0.03, 0.45);
337.1395; (0.30, -0.03, 0.45);
337.1400; (0.30, -0.03, 0.45);
337.1509; (0.30, -0.03, 0.45);
337.1509; (0.30, -0.04, 0.45);
337.1600; (0.30, -0.04, 0.45);
337.1622; (0.30, -0.04, 0.45);
337.1622; (0.30, -0.04, 0.45);
337.1731; (0.30, -0.04, 0.45);
337.1731; (0.30, -0.04, 0.45);
337.1800; (0.30, -0.04, 0.45);
337.1836; (0.30, -0.04, 0.44);
337.1836; (0.30, -0.04, 0.44);
337.1950; (0.30, -0.04, 0.44);
337.1950; (0.30, -0.05, 0.44);
337.2000; (0.30, -0.05, 0.44);
337.2064; (0.30, -0.05, 0.44);
337.2064; (0.30, -0.05, 0.44);
337.2175; (0.30, -0.05, 0.44);
337.2175; (0.30, -0.05, 0.44);
337.2200; (0.30, -0.05, 0.44);
337.2285; (0.30, -0.05, 0.44);
337.2285; (0.30, -0.05, 0.44);
337.2395; (0.30, -0.05, 0.44);
337.2395; (0.30, -0.05, 0.44);
337.2400; (0.30, -0.05, 0.44);
337.2506; (0.30, -0.05, 0.44);
337.2506; (0.30, -0.05, 0.44);
337.2600; (0.30, -0.05, 0.44);
337.2615; (0.30, -0.06, 0.44);
337.2615; (0.30, -0.06, 0.44);
337.2727; (0.30, -0.06, 0.44);
337.2727; (0.30, -0.06, 0.44);
337.2800; (0.30, -0.06, 0.44);
337.2837; (0.30, -0.06, 0.44);
337.2837; (0.30, -0.06, 0.44);
337.2947; (0.30, -0.06, 0.44);
337.2947; (0.30, -0.06, 0.44);
337.3000; (0.30, -0.06, 0.44);
337.3060; (0.30, -0.06, 0.44);
337.3060; (0.30, -0.06, 0.44);
337.3173; (0.30, -0.06, 0.44);
337.3173; (0.30, -0.06, 0.44);
337.3200; (0.30, -0.06, 0.44);
337.3284; (0.30, -0.06, 0.44);
337.3284; (0.30, -0.06, 0.44);
337.3396; (0.30, -0.06, 0.44);
337.3396; (0.30, -0.06, 0.44);
337.3400; (0.30, -0.06, 0.44);
337.3507; (0.30, -0.06, 0.44);
337.3507; (0.30, -0.06, 0.44);
337.3600; (0.30, -0.06, 0.44);
337.3618; (0.30, -0.06, 0.44);
337.3618; (0.30, -0.06, 0.44);
337.3730; (0.30, -0.06, 0.44);
337.3730; (0.30, -0.06, 0.44);
337.3800; (0.30, -0.06, 0.44);
337.3837; (0.30, -0.06, 0.45);
337.3837; (0.30, -0.06, 0.45);
337.3947; (0.30, -0.06, 0.45);
337.3947; (0.30, -0.06, 0.45);
337.4000; (0.30, -0.06, 0.44);
337.4065; (0.30, -0.06, 0.45);
337.4065; (0.30, -0.06, 0.45);
337.4172; (0.30, -0.06, 0.45);
337.4172; (0.30, -0.06, 0.45);
337.4200; (0.30, -0.06, 0.45);
337.4287; (0.30, -0.06, 0.45);
337.4287; (0.30, -0.06, 0.45);
337.4396; (0.30, -0.06, 0.45);
337.4396; (0.30, -0.06, 0.45);
337.4400; (0.30, -0.06, 0.45);
337.4507; (0.30, -0.06, 0.45);
337.4507; (0.30, -0.06, 0.45);
337.4600; (0.30, -0.06, 0.45);
337.4618; (0.30, -0.06, 0.45);
337.4618; (0.30, -0.06, 0.45);
337.4728; (0.30, -0.06, 0.45);
337.4728; (0.30, -0.06, 0.45);
337.4800; (0.30, -0.06, 0.45);
337.4839; (0.30, -0.06, 0.45);
337.4839; (0.30, -0.06, 0.45);
337.4951; (0.30, -0.06, 0.45);
337.4951; (0.30, -0.06, 0.45);
337.5000; (0.30, -0.06, 0.45);
337.5059; (0.30, -0.06, 0.45);
337.5059; (0.30, -0.06, 0.45);
337.5177; (0.30, -0.06, 0.45);
337.5177; (0.30, -0.06, 0.45);
337.5200; (0.30, -0.06, 0.45);
337.5286; (0.30, -0.06, 0.45);
337.5286; (0.30, -0.06, 0.45);
337.5393; (0.30, -0.06, 0.45);
337.5393; (0.30, -0.06, 0.45);
337.5400; (0.30, -0.06, 0.45);
337.5511; (0.30, -0.06, 0.45);
337.5511; (0.30, -0.07, 0.45);
337.5600; (0.30, -0.07, 0.45);
337.5616; (0.30, -0.07, 0.45);
337.5616; (0.30, -0.07, 0.45);
337.5731; (0.30, -0.07, 0.45);
337.5731; (0.30, -0.07, 0.45);
337.5800; (0.30, -0.07, 0.45);
337.5838; (0.30, -0.07, 0.45);
337.5838; (0.30, -0.07, 0.45);
337.5948; (0.30, -0.07, 0.46);
337.5948; (0.30, -0.07, 0.46);
337.6000; (0.30, -0.07, 0.46);
337.6061; (0.30, -0.07, 0.46);
337.6061; (0.30, -0.07, 0.46);
337.6172; (0.30, -0.07, 0.46);
337.6172; (0.30, -0.07, 0.46);
337.6200; (0.30, -0.07, 0.46);
337.6287; (0.30, -0.07, 0.46);
337.6287; (0.30, -0.07, 0.46);
337.6394; (0.30, -0.07, 0.46);
337.6394; (0.30, -0.07, 0.46);
337.6400; (0.30, -0.07, 0.46);
337.6508; (0.30, -0.07, 0.46);
337.6508; (0.30, -0.07, 0.46);
337.6600; (0.30, -0.07, 0.46);
337.6619; (0.30, -0.06, 0.46);
337.6619; (0.30, -0.06, 0.46);
337.6727; (0.30, -0.07, 0.46);
337.6727; (0.30, -0.07, 0.46);
337.6800; (0.30, -0.07, 0.46);
337.6837; (0.30, -0.07, 0.46);
337.6837; (0.30, -0.07, 0.46);
337.6950; (0.30, -0.07, 0.46);
337.6950; (0.30, -0.06, 0.46);
337.7000; (0.30, -0.06, 0.46);
337.7066; (0.30, -0.06, 0.46);
337.7066; (0.30, -0.06, 0.46);
337.7175; (0.30, -0.07, 0.46);
337.7175; (0.30, -0.06, 0.46);
337.7200; (0.30, -0.06, 0.46);
337.7288; (0.30, -0.06, 0.46);
337.7288; (0.30, -0.06, 0.46);
337.7397; (0.30, -0.06, 0.46);
337.7397; (0.30, -0.06, 0.46);
337.7400; (0.30, -0.06, 0.46);
337.7507; (0.30, -0.06, 0.46);
337.7507; (0.30, -0.06, 0.46);
337.7600; (0.30, -0.06, 0.46);
337.7616; (0.30, -0.06, 0.46);
337.7616; (0.30, -0.06, 0.46);
337.7728; (0.30, -0.06, 0.46);
337.7728; (0.30, -0.06, 0.46);
337.7800; (0.30, -0.06, 0.46);
337.7840; (0.30, -0.05, 0.47);
337.7840; (0.30, -0.05, 0.47);
337.7949; (0.30, -0.05, 0.47);
337.7949; (0.30, -0.05, 0.47);
337.8000; (0.30, -0.05, 0.47);
337.8059; (0.30, -0.05, 0.47);
337.8059; (0.30, -0.05, 0.47);
337.8175; (0.30, -0.05, 0.47);
337.8175; (0.29, -0.05, 0.47);
337.8200; (0.29, -0.05, 0.47);
337.8286; (0.29, -0.05, 0.47);
337.8286; (0.29, -0.05, 0.47);
337.8397; (0.29, -0.05, 0.47);
337.8397; (0.29, -0.05, 0.47);
337.8400; (0.29, -0.05, 0.47);
337.8507; (0.29, -0.05, 0.47);
337.8507; (0.29, -0.04, 0.47);
337.8600; (0.29, -0.04, 0.47);
337.8618; (0.29, -0.04, 0.47);
337.8618; (0.29, -0.04, 0.47);
337.8728; (0.29, -0.04, 0.47);
337.8728; (0.29, -0.04, 0.47);
337.8800; (0.29, -0.04, 0.47);
337.8836; (0.29, -0.04, 0.47);
337.8836; (0.29, -0.04, 0.47);
337.8948; (0.29, -0.04, 0.47);
