Experiment: 5
Latency: 300
Source: (0.62, 0.72, 0.50)
SourceSize: 0.0750
Target: (0.38, 0.28, 0.50)
TargetSize: 0.1250

Trace:
time; position; button;
208.3840; (0.62, 0.70, 0.48);
208.3840; (0.62, 0.70, 0.48);
208.3952; (0.62, 0.70, 0.48);
208.3952; (0.62, 0.70, 0.48);
208.4000; (0.62, 0.70, 0.48);
208.4082; (0.62, 0.70, 0.48);
208.4082; (0.62, 0.70, 0.48);
208.4194; (0.62, 0.70, 0.48);
208.4194; (0.62, 0.69, 0.48);
208.4200; (0.62, 0.69, 0.48);
208.4306; (0.62, 0.69, 0.48);
208.4306; (0.62, 0.69, 0.48);
208.4400; (0.62, 0.69, 0.48);
208.4416; (0.62, 0.69, 0.48);
208.4416; (0.62, 0.69, 0.48);
208.4527; (0.62, 0.69, 0.48);
208.4527; (0.62, 0.69, 0.48);
208.4600; (0.62, 0.69, 0.48);
208.4641; (0.62, 0.69, 0.48);
208.4641; (0.62, 0.69, 0.48);
208.4749; (0.62, 0.69, 0.48);
208.4749; (0.62, 0.69, 0.48);
208.4800; (0.62, 0.69, 0.48);
208.4860; (0.62, 0.69, 0.48);
208.4860; (0.62, 0.69, 0.48);
208.4975; (0.62, 0.69, 0.48);
208.4975; (0.62, 0.69, 0.48);
208.5000; (0.62, 0.69, 0.48);
208.5083; (0.62, 0.69, 0.48);
208.5083; (0.62, 0.69, 0.48);
208.5195; (0.62, 0.69, 0.48);
208.5195; (0.62, 0.69, 0.48);
208.5200; (0.62, 0.69, 0.48);
208.5305; (0.62, 0.69, 0.48);
208.5305; (0.62, 0.69, 0.48);
208.5400; (0.62, 0.69, 0.48);
208.5416; (0.63, 0.69, 0.48);
208.5416; (0.63, 0.69, 0.48);
208.5526; (0.63, 0.69, 0.48);
208.5526; (0.63, 0.69, 0.48);
208.5600; (0.63, 0.69, 0.48);
208.5638; (0.63, 0.69, 0.48);
208.5638; (0.63, 0.69, 0.48);
208.5749; (0.63, 0.69, 0.48);
208.5749; (0.63, 0.69, 0.48);
208.5800; (0.63, 0.69, 0.48);
208.5860; (0.63, 0.69, 0.48);
208.5860; (0.63, 0.69, 0.48);
208.5970; (0.63, 0.69, 0.48);
208.5970; (0.63, 0.69, 0.48);
208.6000; (0.63, 0.69, 0.48);
208.6082; (0.63, 0.70, 0.48);
208.6082; (0.63, 0.70, 0.48);
208.6192; (0.63, 0.70, 0.48);
208.6192; (0.63, 0.70, 0.48);
208.6200; (0.63, 0.70, 0.48);
208.6303; (0.63, 0.70, 0.48);
208.6303; (0.63, 0.70, 0.48);
208.6400; (0.63, 0.70, 0.47);
208.6416; (0.63, 0.70, 0.47);
208.6416; (0.63, 0.70, 0.47);
208.6530; (0.63, 0.70, 0.47);
208.6530; (0.63, 0.70, 0.47);
208.6600; (0.63, 0.70, 0.47);
208.6642; (0.63, 0.70, 0.47);
208.6642; (0.63, 0.71, 0.47);
208.6750; (0.63, 0.71, 0.47);
208.6750; (0.63, 0.71, 0.47);
208.6800; (0.63, 0.71, 0.47);
208.6861; (0.63, 0.71, 0.47);
208.6861; (0.63, 0.71, 0.47);
208.6972; (0.63, 0.71, 0.47);
208.6972; (0.63, 0.71, 0.47);
208.7000; (0.63, 0.71, 0.47);
208.7099; (0.63, 0.71, 0.47);
208.7099; (0.64, 0.71, 0.47);
208.7198; (0.64, 0.71, 0.47);
208.7198; (0.64, 0.71, 0.47);
208.7200; (0.64, 0.71, 0.47);
208.7308; (0.64, 0.71, 0.47);
208.7308; (0.64, 0.71, 0.47);
208.7400; (0.64, 0.71, 0.47);
208.7421; (0.64, 0.71, 0.47);
208.7421; (0.64, 0.71, 0.47);
208.7529; (0.64, 0.71, 0.47);
208.7529; (0.64, 0.71, 0.47);
208.7600; (0.64, 0.71, 0.47);
208.7639; (0.64, 0.71, 0.47);
208.7639; (0.64, 0.71, 0.46);
208.7750; (0.64, 0.71, 0.46);
208.7750; (0.64, 0.71, 0.46);
208.7800; (0.64, 0.71, 0.46);
208.7861; (0.64, 0.71, 0.46);
208.7861; (0.64, 0.71, 0.46);
208.7972; (0.64, 0.71, 0.46);
208.7972; (0.64, 0.71, 0.46);
208.8000; (0.64, 0.71, 0.46);
208.8085; (0.64, 0.71, 0.46);
208.8085; (0.64, 0.72, 0.46);
208.8195; (0.64, 0.71, 0.46);
208.8195; (0.64, 0.71, 0.46);
208.8200; (0.64, 0.71, 0.46);
208.8306; (0.64, 0.71, 0.46);
208.8306; (0.64, 0.71, 0.46);
208.8400; (0.64, 0.71, 0.46);
208.8415; (0.64, 0.71, 0.46);
208.8415; (0.64, 0.71, 0.46);
208.8525; (0.64, 0.71, 0.46);
208.8525; (0.64, 0.71, 0.46);
208.8600; (0.64, 0.71, 0.46);
208.8638; (0.64, 0.71, 0.46);
208.8638; (0.64, 0.71, 0.46);
208.8748; (0.63, 0.71, 0.46);
208.8748; (0.63, 0.71, 0.46);
208.8800; (0.63, 0.71, 0.46);
208.8859; (0.63, 0.71, 0.46);
208.8859; (0.63, 0.70, 0.46);
208.8972; (0.63, 0.70, 0.46);
208.8972; (0.63, 0.70, 0.46);
208.9000; (0.63, 0.70, 0.46);
208.9083; (0.63, 0.70, 0.46);
208.9083; (0.63, 0.70, 0.46);
208.9193; (0.63, 0.70, 0.46);
208.9193; (0.63, 0.69, 0.46);
208.9200; (0.63, 0.69, 0.46);
208.9303; (0.62, 0.69, 0.46);
208.9303; (0.62, 0.69, 0.46);
208.9400; (0.62, 0.68, 0.45);
208.9416; (0.62, 0.68, 0.45);
208.9416; (0.62, 0.68, 0.45);
208.9525; (0.62, 0.68, 0.46);
208.9525; (0.61, 0.67, 0.45);
208.9600; (0.61, 0.67, 0.45);
208.9638; (0.61, 0.67, 0.46);
208.9638; (0.61, 0.66, 0.45);
208.9749; (0.61, 0.66, 0.45);
208.9749; (0.60, 0.65, 0.45);
208.9800; (0.60, 0.65, 0.45);
208.9860; (0.60, 0.65, 0.45);
208.9860; (0.59, 0.64, 0.45);
208.9971; (0.59, 0.63, 0.45);
208.9971; (0.58, 0.62, 0.45);
209.0000; (0.58, 0.62, 0.45);
209.0081; (0.58, 0.62, 0.45);
209.0081; (0.57, 0.61, 0.45);
209.0194; (0.57, 0.60, 0.45);
209.0194; (0.56, 0.59, 0.45);
209.0200; (0.56, 0.59, 0.45);
209.0304; (0.56, 0.59, 0.45);
209.0304; (0.55, 0.57, 0.44);
209.0400; (0.55, 0.57, 0.44);
209.0416; (0.54, 0.55, 0.44);
209.0416; (0.54, 0.55, 0.44);
209.0527; (0.54, 0.55, 0.44);
209.0527; (0.53, 0.54, 0.44);
209.0600; (0.53, 0.54, 0.44);
209.0637; (0.53, 0.54, 0.44);
209.0637; (0.52, 0.52, 0.44);
209.0748; (0.52, 0.52, 0.44);
209.0748; (0.51, 0.50, 0.44);
209.0800; (0.51, 0.50, 0.44);
209.0859; (0.51, 0.50, 0.44);
209.0859; (0.50, 0.48, 0.44);
209.0971; (0.50, 0.48, 0.44);
209.0971; (0.49, 0.47, 0.44);
209.1000; (0.49, 0.47, 0.44);
209.1080; (0.49, 0.47, 0.44);
209.1080; (0.48, 0.45, 0.44);
209.1191; (0.48, 0.45, 0.44);
209.1191; (0.47, 0.44, 0.44);
209.1200; (0.47, 0.44, 0.44);
209.1302; (0.47, 0.44, 0.44);
209.1302; (0.46, 0.42, 0.44);
209.1400; (0.46, 0.42, 0.44);
209.1413; (0.46, 0.40, 0.44);
209.1413; (0.46, 0.40, 0.44);
209.1524; (0.46, 0.41, 0.45);
209.1524; (0.45, 0.39, 0.45);
209.1600; (0.45, 0.39, 0.45);
209.1635; (0.45, 0.39, 0.45);
209.1635; (0.44, 0.38, 0.45);
209.1747; (0.44, 0.38, 0.45);
209.1747; (0.44, 0.37, 0.45);
209.1800; (0.44, 0.37, 0.45);
209.1858; (0.44, 0.37, 0.45);
209.1858; (0.43, 0.35, 0.45);
209.1969; (0.43, 0.35, 0.46);
209.1969; (0.42, 0.34, 0.46);
209.2000; (0.42, 0.34, 0.46);
209.2081; (0.43, 0.34, 0.46);
209.2081; (0.42, 0.33, 0.46);
209.2192; (0.42, 0.33, 0.46);
209.2192; (0.42, 0.32, 0.46);
209.2200; (0.42, 0.32, 0.46);
209.2303; (0.42, 0.32, 0.46);
209.2303; (0.41, 0.31, 0.47);
209.2400; (0.41, 0.31, 0.47);
209.2413; (0.41, 0.30, 0.47);
209.2413; (0.41, 0.30, 0.47);
209.2527; (0.41, 0.30, 0.47);
209.2527; (0.40, 0.29, 0.47);
209.2600; (0.40, 0.29, 0.47);
209.2635; (0.40, 0.29, 0.47);
209.2635; (0.40, 0.28, 0.47);
209.2748; (0.40, 0.28, 0.48);
209.2748; (0.39, 0.27, 0.48);
209.2800; (0.39, 0.27, 0.48);
209.2859; (0.39, 0.27, 0.48);
209.2859; (0.39, 0.26, 0.48);
209.2975; (0.39, 0.27, 0.48);
209.2975; (0.38, 0.26, 0.48);
209.3000; (0.38, 0.26, 0.48);
209.3086; (0.38, 0.26, 0.48);
209.3086; (0.38, 0.25, 0.48);
209.3194; (0.38, 0.25, 0.49);
209.3194; (0.38, 0.25, 0.49);
209.3200; (0.38, 0.25, 0.49);
