Experiment: 6
Latency: 750
Source: (0.32, 0.83, 0.50)
SourceSize: 0.0750
Target: (0.68, 0.17, 0.50)
TargetSize: 0.0250

Trace:
time; position; button;
264.8861; (0.32, 0.79, 0.52);
264.8861; (0.32, 0.79, 0.52);
264.8973; (0.32, 0.79, 0.52);
264.8973; (0.32, 0.79, 0.52);
264.9000; (0.32, 0.79, 0.52);
264.9085; (0.32, 0.79, 0.52);
264.9085; (0.32, 0.79, 0.52);
264.9194; (0.32, 0.79, 0.53);
264.9194; (0.32, 0.79, 0.53);
264.9200; (0.32, 0.79, 0.53);
264.9306; (0.32, 0.79, 0.53);
264.9306; (0.32, 0.79, 0.53);
264.9400; (0.32, 0.79, 0.53);
264.9420; (0.32, 0.79, 0.53);
264.9420; (0.32, 0.79, 0.53);
264.9528; (0.32, 0.79, 0.53);
264.9528; (0.32, 0.79, 0.53);
264.9600; (0.32, 0.79, 0.53);
264.9639; (0.32, 0.79, 0.53);
264.9639; (0.32, 0.79, 0.53);
264.9752; (0.32, 0.79, 0.53);
264.9752; (0.32, 0.80, 0.53);
264.9800; (0.32, 0.79, 0.53);
264.9861; (0.32, 0.80, 0.52);
264.9861; (0.32, 0.80, 0.52);
264.9973; (0.32, 0.80, 0.52);
264.9973; (0.32, 0.80, 0.52);
265.0000; (0.32, 0.80, 0.52);
265.0085; (0.32, 0.80, 0.52);
265.0085; (0.31, 0.80, 0.52);
265.0194; (0.32, 0.80, 0.53);
265.0194; (0.31, 0.80, 0.53);
265.0200; (0.31, 0.80, 0.53);
265.0305; (0.31, 0.80, 0.53);
265.0305; (0.31, 0.80, 0.53);
265.0400; (0.31, 0.80, 0.53);
265.0419; (0.31, 0.80, 0.53);
265.0419; (0.31, 0.80, 0.53);
265.0528; (0.31, 0.80, 0.53);
265.0528; (0.31, 0.80, 0.53);
265.0600; (0.31, 0.80, 0.53);
265.0643; (0.31, 0.80, 0.53);
265.0643; (0.31, 0.80, 0.53);
265.0753; (0.31, 0.80, 0.53);
265.0753; (0.31, 0.80, 0.53);
265.0800; (0.32, 0.80, 0.53);
265.0862; (0.32, 0.80, 0.53);
265.0862; (0.32, 0.80, 0.53);
265.0976; (0.32, 0.80, 0.53);
265.0976; (0.32, 0.80, 0.53);
265.1000; (0.32, 0.80, 0.53);
265.1086; (0.32, 0.80, 0.53);
265.1086; (0.32, 0.81, 0.54);
265.1195; (0.32, 0.81, 0.53);
265.1195; (0.32, 0.81, 0.54);
265.1200; (0.32, 0.81, 0.54);
265.1306; (0.32, 0.81, 0.54);
265.1306; (0.32, 0.81, 0.54);
265.1400; (0.32, 0.81, 0.54);
265.1418; (0.32, 0.81, 0.54);
265.1418; (0.32, 0.81, 0.54);
265.1530; (0.32, 0.81, 0.54);
265.1530; (0.32, 0.81, 0.54);
265.1600; (0.32, 0.81, 0.54);
265.1641; (0.32, 0.81, 0.54);
265.1641; (0.32, 0.81, 0.54);
265.1755; (0.32, 0.81, 0.54);
265.1755; (0.32, 0.81, 0.54);
265.1800; (0.32, 0.81, 0.54);
265.1863; (0.32, 0.81, 0.54);
265.1863; (0.32, 0.81, 0.54);
265.1974; (0.32, 0.81, 0.54);
265.1974; (0.32, 0.81, 0.54);
265.2000; (0.32, 0.81, 0.54);
265.2086; (0.32, 0.81, 0.54);
265.2086; (0.32, 0.81, 0.54);
265.2196; (0.32, 0.81, 0.54);
265.2196; (0.32, 0.81, 0.54);
265.2200; (0.32, 0.81, 0.54);
265.2308; (0.32, 0.81, 0.54);
265.2308; (0.32, 0.81, 0.54);
265.2400; (0.32, 0.81, 0.54);
265.2422; (0.32, 0.81, 0.54);
265.2422; (0.32, 0.81, 0.54);
265.2528; (0.32, 0.81, 0.54);
265.2528; (0.32, 0.81, 0.54);
265.2600; (0.32, 0.81, 0.55);
265.2639; (0.32, 0.81, 0.55);
265.2639; (0.32, 0.81, 0.55);
265.2753; (0.32, 0.81, 0.55);
265.2753; (0.32, 0.81, 0.55);
265.2800; (0.32, 0.81, 0.55);
265.2860; (0.32, 0.80, 0.55);
265.2860; (0.32, 0.80, 0.55);
265.2972; (0.32, 0.80, 0.55);
265.2972; (0.31, 0.80, 0.55);
265.3000; (0.31, 0.80, 0.55);
265.3086; (0.31, 0.80, 0.55);
265.3086; (0.31, 0.80, 0.55);
265.3194; (0.31, 0.80, 0.55);
265.3194; (0.31, 0.80, 0.55);
265.3200; (0.31, 0.80, 0.55);
265.3307; (0.32, 0.80, 0.55);
265.3307; (0.32, 0.80, 0.55);
265.3400; (0.31, 0.80, 0.55);
265.3419; (0.32, 0.80, 0.55);
265.3419; (0.32, 0.80, 0.55);
265.3528; (0.31, 0.80, 0.55);
265.3528; (0.31, 0.80, 0.55);
265.3600; (0.31, 0.80, 0.55);
265.3638; (0.31, 0.80, 0.55);
265.3638; (0.31, 0.80, 0.55);
265.3753; (0.31, 0.80, 0.55);
265.3753; (0.31, 0.80, 0.55);
265.3800; (0.31, 0.80, 0.55);
265.3862; (0.31, 0.80, 0.55);
265.3862; (0.31, 0.80, 0.55);
265.3973; (0.31, 0.80, 0.55);
265.3973; (0.31, 0.80, 0.55);
265.4000; (0.31, 0.80, 0.55);
265.4087; (0.31, 0.80, 0.55);
265.4087; (0.31, 0.80, 0.55);
265.4195; (0.31, 0.80, 0.55);
265.4195; (0.31, 0.80, 0.55);
265.4200; (0.31, 0.80, 0.55);
265.4309; (0.31, 0.80, 0.55);
265.4309; (0.31, 0.80, 0.55);
265.4400; (0.31, 0.80, 0.55);
265.4422; (0.31, 0.80, 0.55);
265.4422; (0.31, 0.80, 0.55);
265.4531; (0.31, 0.80, 0.55);
265.4531; (0.31, 0.80, 0.55);
265.4600; (0.31, 0.80, 0.55);
265.4641; (0.31, 0.80, 0.55);
265.4641; (0.31, 0.80, 0.55);
265.4755; (0.31, 0.80, 0.55);
265.4755; (0.31, 0.80, 0.55);
265.4800; (0.31, 0.80, 0.55);
265.4864; (0.31, 0.80, 0.55);
265.4864; (0.31, 0.80, 0.55);
265.4978; (0.31, 0.80, 0.55);
265.4978; (0.31, 0.80, 0.55);
265.5000; (0.31, 0.80, 0.55);
265.5089; (0.32, 0.80, 0.55);
265.5089; (0.32, 0.80, 0.55);
265.5195; (0.32, 0.80, 0.55);
265.5195; (0.32, 0.80, 0.55);
265.5200; (0.32, 0.80, 0.55);
265.5309; (0.32, 0.80, 0.54);
265.5309; (0.32, 0.80, 0.54);
265.5400; (0.32, 0.80, 0.54);
265.5420; (0.32, 0.80, 0.54);
265.5420; (0.32, 0.80, 0.54);
265.5532; (0.32, 0.80, 0.55);
265.5532; (0.32, 0.80, 0.55);
265.5600; (0.32, 0.80, 0.55);
265.5642; (0.32, 0.80, 0.55);
265.5642; (0.32, 0.80, 0.55);
265.5764; (0.32, 0.80, 0.55);
265.5764; (0.32, 0.80, 0.55);
265.5800; (0.32, 0.80, 0.55);
265.5862; (0.32, 0.80, 0.55);
265.5862; (0.32, 0.80, 0.55);
265.5975; (0.32, 0.80, 0.55);
265.5975; (0.32, 0.80, 0.55);
265.6000; (0.32, 0.80, 0.55);
265.6087; (0.32, 0.80, 0.55);
265.6087; (0.32, 0.80, 0.55);
265.6194; (0.32, 0.79, 0.55);
265.6194; (0.32, 0.79, 0.55);
265.6200; (0.32, 0.79, 0.55);
265.6306; (0.32, 0.79, 0.55);
265.6306; (0.32, 0.79, 0.55);
265.6400; (0.32, 0.79, 0.55);
265.6420; (0.32, 0.79, 0.55);
265.6420; (0.32, 0.79, 0.55);
265.6529; (0.32, 0.79, 0.55);
265.6529; (0.33, 0.79, 0.55);
265.6600; (0.33, 0.79, 0.55);
265.6639; (0.33, 0.79, 0.55);
265.6639; (0.33, 0.79, 0.55);
265.6752; (0.33, 0.79, 0.54);
265.6752; (0.33, 0.79, 0.54);
265.6800; (0.33, 0.79, 0.54);
265.6861; (0.33, 0.79, 0.54);
265.6861; (0.33, 0.79, 0.54);
265.6972; (0.33, 0.79, 0.54);
265.6972; (0.33, 0.79, 0.54);
265.7000; (0.33, 0.79, 0.54);
265.7086; (0.33, 0.79, 0.54);
265.7086; (0.33, 0.79, 0.54);
265.7195; (0.33, 0.79, 0.54);
265.7195; (0.33, 0.79, 0.54);
265.7200; (0.33, 0.79, 0.54);
265.7309; (0.33, 0.79, 0.54);
265.7309; (0.33, 0.79, 0.53);
265.7400; (0.33, 0.79, 0.53);
265.7421; (0.33, 0.79, 0.53);
265.7421; (0.33, 0.79, 0.53);
265.7530; (0.33, 0.79, 0.53);
265.7530; (0.33, 0.79, 0.53);
265.7600; (0.33, 0.79, 0.53);
265.7639; (0.33, 0.79, 0.53);
265.7639; (0.33, 0.79, 0.53);
265.7754; (0.33, 0.79, 0.53);
265.7754; (0.33, 0.79, 0.53);
265.7800; (0.33, 0.79, 0.53);
265.7860; (0.34, 0.79, 0.52);
265.7860; (0.34, 0.79, 0.52);
265.7973; (0.34, 0.79, 0.52);
265.7973; (0.34, 0.79, 0.52);
265.8000; (0.34, 0.79, 0.52);
265.8087; (0.34, 0.79, 0.52);
265.8087; (0.34, 0.78, 0.52);
265.8195; (0.34, 0.78, 0.52);
265.8195; (0.34, 0.78, 0.52);
265.8200; (0.34, 0.78, 0.52);
265.8310; (0.34, 0.78, 0.52);
265.8310; (0.34, 0.78, 0.52);
265.8400; (0.34, 0.78, 0.52);
265.8419; (0.35, 0.78, 0.52);
265.8419; (0.35, 0.78, 0.52);
265.8529; (0.35, 0.77, 0.52);
265.8529; (0.35, 0.77, 0.51);
265.8600; (0.35, 0.77, 0.51);
265.8640; (0.35, 0.77, 0.51);
265.8640; (0.35, 0.77, 0.51);
265.8752; (0.35, 0.76, 0.51);
265.8752; (0.36, 0.76, 0.51);
265.8800; (0.36, 0.75, 0.51);
265.8862; (0.36, 0.75, 0.51);
265.8862; (0.36, 0.75, 0.51);
265.8974; (0.36, 0.75, 0.51);
265.8974; (0.36, 0.74, 0.51);
265.9000; (0.36, 0.74, 0.51);
265.9086; (0.36, 0.74, 0.50);
265.9086; (0.37, 0.73, 0.50);
265.9196; (0.37, 0.72, 0.50);
265.9196; (0.37, 0.71, 0.50);
265.9200; (0.37, 0.71, 0.50);
265.9313; (0.37, 0.71, 0.50);
265.9313; (0.37, 0.70, 0.49);
265.9400; (0.38, 0.70, 0.50);
265.9421; (0.38, 0.69, 0.49);
265.9421; (0.38, 0.69, 0.49);
265.9528; (0.38, 0.68, 0.50);
265.9528; (0.38, 0.67, 0.49);
265.9600; (0.39, 0.67, 0.50);
265.9640; (0.39, 0.65, 0.50);
265.9640; (0.39, 0.65, 0.50);
265.9753; (0.39, 0.65, 0.50);
265.9753; (0.40, 0.64, 0.50);
265.9800; (0.40, 0.63, 0.50);
265.9861; (0.40, 0.62, 0.50);
265.9861; (0.40, 0.62, 0.50);
265.9972; (0.40, 0.62, 0.50);
265.9972; (0.41, 0.60, 0.50);
266.0000; (0.41, 0.60, 0.50);
266.0085; (0.41, 0.60, 0.50);
266.0085; (0.42, 0.58, 0.50);
266.0194; (0.42, 0.58, 0.50);
266.0194; (0.42, 0.56, 0.50);
266.0200; (0.42, 0.56, 0.50);
266.0306; (0.42, 0.56, 0.50);
266.0306; (0.43, 0.54, 0.50);
266.0400; (0.43, 0.54, 0.50);
266.0418; (0.44, 0.52, 0.50);
266.0418; (0.44, 0.52, 0.50);
266.0529; (0.44, 0.52, 0.50);
266.0529; (0.45, 0.50, 0.50);
266.0600; (0.45, 0.50, 0.50);
266.0642; (0.46, 0.48, 0.50);
266.0642; (0.46, 0.48, 0.50);
266.0753; (0.46, 0.48, 0.50);
266.0753; (0.47, 0.45, 0.50);
266.0800; (0.47, 0.47, 0.50);
266.0863; (0.47, 0.45, 0.50);
266.0863; (0.47, 0.45, 0.50);
266.0974; (0.47, 0.45, 0.50);
266.0974; (0.50, 0.41, 0.50);
266.1000; (0.50, 0.41, 0.50);
266.1086; (0.50, 0.39, 0.50);
266.1086; (0.52, 0.37, 0.50);
266.1194; (0.52, 0.37, 0.51);
266.1194; (0.53, 0.35, 0.51);
266.1200; (0.53, 0.35, 0.51);
266.1306; (0.52, 0.36, 0.51);
266.1306; (0.53, 0.34, 0.51);
266.1400; (0.53, 0.34, 0.51);
266.1418; (0.54, 0.32, 0.51);
266.1418; (0.54, 0.32, 0.51);
266.1528; (0.55, 0.32, 0.51);
266.1528; (0.56, 0.30, 0.51);
266.1600; (0.56, 0.30, 0.52);
266.1641; (0.57, 0.28, 0.52);
266.1641; (0.57, 0.28, 0.52);
266.1752; (0.57, 0.28, 0.52);
266.1752; (0.58, 0.26, 0.52);
266.1800; (0.58, 0.26, 0.52);
266.1862; (0.59, 0.24, 0.53);
266.1862; (0.59, 0.24, 0.53);
266.1974; (0.59, 0.24, 0.53);
266.1974; (0.61, 0.22, 0.53);
266.2000; (0.61, 0.22, 0.53);
266.2086; (0.61, 0.22, 0.53);
266.2086; (0.62, 0.20, 0.53);
266.2197; (0.62, 0.21, 0.53);
266.2197; (0.63, 0.19, 0.53);
266.2200; (0.63, 0.19, 0.53);
266.2309; (0.63, 0.19, 0.53);
266.2309; (0.65, 0.17, 0.54);
266.2400; (0.64, 0.17, 0.54);
266.2421; (0.65, 0.15, 0.54);
266.2421; (0.65, 0.15, 0.54);
266.2529; (0.65, 0.15, 0.54);
266.2529; (0.66, 0.13, 0.54);
266.2600; (0.66, 0.13, 0.54);
266.2641; (0.67, 0.11, 0.54);
266.2641; (0.67, 0.11, 0.54);
266.2754; (0.67, 0.12, 0.54);
266.2754; (0.68, 0.10, 0.54);
266.2800; (0.68, 0.10, 0.54);
266.2865; (0.69, 0.09, 0.54);
266.2865; (0.69, 0.09, 0.54);
266.2974; (0.69, 0.09, 0.55);
266.2974; (0.70, 0.08, 0.55);
266.3000; (0.70, 0.08, 0.55);
266.3085; (0.69, 0.08, 0.55);
266.3085; (0.70, 0.07, 0.55);
266.3195; (0.70, 0.06, 0.55);
266.3195; (0.71, 0.05, 0.55);
266.3200; (0.71, 0.05, 0.55);
266.3306; (0.71, 0.05, 0.56);
266.3306; (0.71, 0.03, 0.56);
266.3400; (0.71, 0.03, 0.56);
266.3419; (0.72, 0.02, 0.56);
266.3419; (0.72, 0.02, 0.56);
266.3528; (0.72, 0.02, 0.56);
266.3528; (0.72, 0.01, 0.56);
266.3600; (0.73, 0.02, 0.56);
266.3640; (0.73, 0.01, 0.56);
266.3640; (0.73, 0.01, 0.56);
266.3752; (0.74, 0.01, 0.56);
266.3752; (0.74, 0.00, 0.56);
266.3800; (0.74, 0.00, 0.56);
266.3860; (0.75, 0.00, 0.56);
266.3860; (0.75, 0.00, 0.56);
266.3973; (0.74, -0.01, 0.56);
266.3973; (0.75, -0.01, 0.56);
266.4000; (0.75, -0.01, 0.56);
266.4087; (0.75, -0.02, 0.57);
266.4087; (0.75, -0.03, 0.57);
266.4197; (0.75, -0.03, 0.57);
266.4197; (0.75, -0.03, 0.57);
266.4200; (0.75, -0.03, 0.57);
266.4307; (0.75, -0.03, 0.57);
266.4307; (0.75, -0.04, 0.57);
266.4400; (0.74, -0.02, 0.56);
266.4419; (0.73, -0.03, 0.56);
266.4419; (0.73, -0.03, 0.56);
266.4528; (0.75, -0.03, 0.56);
266.4528; (0.75, -0.03, 0.56);
266.4600; (0.75, -0.03, 0.56);
266.4641; (0.75, -0.03, 0.56);
266.4641; (0.75, -0.03, 0.56);
266.4756; (0.75, -0.03, 0.55);
266.4756; (0.76, -0.03, 0.55);
266.4800; (0.76, -0.04, 0.55);
266.4863; (0.76, -0.04, 0.54);
266.4863; (0.76, -0.04, 0.54);
266.4974; (0.76, -0.04, 0.54);
266.4974; (0.76, -0.04, 0.54);
266.5000; (0.76, -0.04, 0.54);
266.5088; (0.76, -0.04, 0.54);
266.5088; (0.76, -0.04, 0.54);
266.5197; (0.76, -0.04, 0.54);
266.5197; (0.76, -0.04, 0.54);
266.5200; (0.76, -0.04, 0.54);
266.5309; (0.76, -0.04, 0.54);
266.5309; (0.76, -0.04, 0.54);
266.5400; (0.76, -0.04, 0.54);
266.5421; (0.76, -0.04, 0.54);
266.5421; (0.76, -0.04, 0.54);
266.5530; (0.76, -0.04, 0.54);
266.5530; (0.76, -0.04, 0.54);
266.5600; (0.76, -0.04, 0.54);
266.5644; (0.76, -0.04, 0.54);
266.5644; (0.76, -0.04, 0.54);
266.5754; (0.76, -0.05, 0.54);
266.5754; (0.76, -0.05, 0.54);
266.5800; (0.76, -0.05, 0.54);
266.5863; (0.76, -0.05, 0.54);
266.5863; (0.76, -0.05, 0.54);
266.5975; (0.76, -0.05, 0.54);
266.5975; (0.76, -0.05, 0.54);
266.6000; (0.76, -0.05, 0.54);
266.6088; (0.76, -0.05, 0.54);
266.6088; (0.76, -0.05, 0.53);
266.6195; (0.76, -0.05, 0.54);
266.6195; (0.76, -0.05, 0.54);
266.6200; (0.76, -0.05, 0.54);
266.6308; (0.76, -0.05, 0.54);
266.6308; (0.76, -0.05, 0.54);
266.6400; (0.76, -0.05, 0.54);
266.6420; (0.76, -0.05, 0.54);
266.6420; (0.76, -0.05, 0.54);
266.6528; (0.76, -0.05, 0.54);
266.6528; (0.76, -0.05, 0.54);
266.6600; (0.76, -0.05, 0.54);
266.6640; (0.76, -0.05, 0.54);
266.6640; (0.76, -0.05, 0.54);
266.6754; (0.76, -0.05, 0.54);
266.6754; (0.76, -0.05, 0.54);
266.6800; (0.76, -0.05, 0.54);
266.6861; (0.76, -0.05, 0.54);
266.6861; (0.76, -0.05, 0.54);
266.6973; (0.76, -0.05, 0.54);
266.6973; (0.76, -0.05, 0.54);
266.7000; (0.76, -0.05, 0.54);
266.7086; (0.76, -0.05, 0.54);
266.7086; (0.76, -0.05, 0.54);
266.7197; (0.76, -0.05, 0.54);
266.7197; (0.76, -0.05, 0.54);
266.7200; (0.76, -0.05, 0.54);
266.7307; (0.76, -0.05, 0.54);
266.7307; (0.76, -0.05, 0.54);
266.7400; (0.76, -0.05, 0.54);
266.7419; (0.76, -0.05, 0.54);
266.7419; (0.76, -0.05, 0.54);
266.7530; (0.76, -0.04, 0.53);
266.7530; (0.76, -0.04, 0.53);
266.7600; (0.76, -0.04, 0.53);
266.7640; (0.76, -0.04, 0.53);
266.7640; (0.76, -0.04, 0.53);
266.7755; (0.76, -0.04, 0.53);
266.7755; (0.75, -0.04, 0.53);
266.7800; (0.75, -0.04, 0.54);
266.7861; (0.75, -0.04, 0.54);
266.7861; (0.75, -0.04, 0.54);
266.7973; (0.75, -0.04, 0.54);
266.7973; (0.75, -0.04, 0.54);
266.8000; (0.75, -0.04, 0.54);
266.8087; (0.75, -0.04, 0.54);
266.8087; (0.75, -0.04, 0.54);
266.8195; (0.75, -0.04, 0.53);
266.8195; (0.75, -0.04, 0.53);
266.8200; (0.75, -0.04, 0.53);
266.8306; (0.75, -0.04, 0.53);
266.8306; (0.75, -0.03, 0.53);
266.8400; (0.76, -0.03, 0.53);
266.8421; (0.76, -0.03, 0.53);
266.8421; (0.76, -0.03, 0.53);
266.8528; (0.76, -0.03, 0.53);
266.8528; (0.76, -0.03, 0.53);
266.8600; (0.76, -0.03, 0.53);
266.8640; (0.76, -0.03, 0.53);
266.8640; (0.76, -0.03, 0.53);
266.8752; (0.76, -0.03, 0.53);
266.8752; (0.76, -0.03, 0.53);
266.8800; (0.75, -0.03, 0.53);
266.8861; (0.75, -0.03, 0.53);
266.8861; (0.75, -0.03, 0.53);
266.8974; (0.75, -0.03, 0.53);
266.8974; (0.75, -0.03, 0.53);
266.9000; (0.75, -0.03, 0.53);
266.9085; (0.75, -0.02, 0.53);
266.9085; (0.75, -0.02, 0.53);
266.9198; (0.75, -0.02, 0.53);
266.9198; (0.75, -0.02, 0.53);
266.9200; (0.75, -0.02, 0.53);
266.9306; (0.75, -0.02, 0.53);
266.9306; (0.75, -0.02, 0.53);
266.9400; (0.75, -0.02, 0.53);
266.9419; (0.75, -0.02, 0.53);
266.9419; (0.75, -0.02, 0.53);
266.9528; (0.75, -0.02, 0.53);
266.9528; (0.75, -0.01, 0.53);
266.9600; (0.75, -0.01, 0.53);
266.9639; (0.75, -0.01, 0.53);
266.9639; (0.75, -0.01, 0.53);
266.9752; (0.75, -0.01, 0.53);
266.9752; (0.75, -0.01, 0.53);
266.9800; (0.74, 0.00, 0.52);
266.9861; (0.74, 0.00, 0.52);
266.9861; (0.74, 0.00, 0.52);
266.9975; (0.74, 0.00, 0.52);
266.9975; (0.74, 0.00, 0.52);
267.0000; (0.74, 0.00, 0.52);
267.0086; (0.74, 0.00, 0.52);
267.0086; (0.74, 0.00, 0.52);
267.0196; (0.74, 0.00, 0.52);
267.0196; (0.74, 0.00, 0.52);
267.0200; (0.74, 0.00, 0.52);
267.0308; (0.74, 0.00, 0.52);
267.0308; (0.74, 0.00, 0.52);
267.0400; (0.74, 0.00, 0.52);
267.0419; (0.74, 0.01, 0.52);
267.0419; (0.74, 0.01, 0.52);
267.0530; (0.74, 0.01, 0.52);
267.0530; (0.74, 0.01, 0.52);
267.0600; (0.74, 0.01, 0.52);
267.0641; (0.74, 0.01, 0.52);
267.0641; (0.74, 0.01, 0.52);
267.0756; (0.74, 0.01, 0.52);
267.0756; (0.74, 0.01, 0.52);
267.0800; (0.74, 0.01, 0.52);
267.0865; (0.74, 0.01, 0.52);
267.0865; (0.74, 0.01, 0.52);
267.0975; (0.74, 0.01, 0.52);
267.0975; (0.74, 0.01, 0.52);
267.1000; (0.74, 0.01, 0.52);
267.1087; (0.74, 0.01, 0.52);
267.1087; (0.74, 0.01, 0.52);
267.1194; (0.74, 0.01, 0.52);
267.1194; (0.74, 0.01, 0.52);
267.1200; (0.74, 0.01, 0.52);
267.1306; (0.74, 0.01, 0.52);
267.1306; (0.74, 0.01, 0.52);
267.1400; (0.74, 0.01, 0.52);
267.1418; (0.74, 0.01, 0.52);
267.1418; (0.74, 0.01, 0.52);
267.1528; (0.74, 0.01, 0.52);
267.1528; (0.74, 0.01, 0.52);
267.1600; (0.74, 0.01, 0.52);
267.1639; (0.74, 0.01, 0.52);
267.1639; (0.74, 0.01, 0.52);
267.1752; (0.74, 0.01, 0.52);
267.1752; (0.74, 0.01, 0.52);
267.1800; (0.74, 0.01, 0.52);
267.1863; (0.74, 0.01, 0.52);
267.1863; (0.74, 0.01, 0.52);
267.1973; (0.73, 0.01, 0.52);
267.1973; (0.73, 0.01, 0.52);
267.2000; (0.73, 0.01, 0.52);
267.2087; (0.73, 0.01, 0.52);
267.2087; (0.73, 0.02, 0.51);
267.2196; (0.73, 0.01, 0.51);
267.2196; (0.73, 0.02, 0.51);
267.2200; (0.73, 0.02, 0.51);
267.2308; (0.73, 0.02, 0.51);
267.2308; (0.73, 0.02, 0.51);
267.2400; (0.73, 0.02, 0.51);
267.2420; (0.73, 0.02, 0.51);
267.2420; (0.73, 0.02, 0.51);
267.2528; (0.73, 0.02, 0.51);
267.2528; (0.73, 0.02, 0.51);
267.2600; (0.73, 0.02, 0.51);
267.2640; (0.73, 0.03, 0.50);
267.2640; (0.73, 0.03, 0.50);
267.2753; (0.73, 0.03, 0.50);
267.2753; (0.73, 0.03, 0.50);
267.2800; (0.73, 0.03, 0.50);
267.2862; (0.73, 0.03, 0.50);
267.2862; (0.73, 0.03, 0.50);
267.2972; (0.73, 0.03, 0.50);
267.2972; (0.73, 0.03, 0.50);
267.3000; (0.73, 0.03, 0.50);
267.3086; (0.73, 0.03, 0.50);
267.3086; (0.72, 0.04, 0.49);
267.3195; (0.72, 0.04, 0.49);
267.3195; (0.72, 0.04, 0.49);
267.3200; (0.72, 0.04, 0.49);
267.3307; (0.72, 0.04, 0.49);
267.3307; (0.72, 0.04, 0.48);
267.3400; (0.72, 0.04, 0.48);
267.3418; (0.72, 0.05, 0.48);
267.3418; (0.72, 0.05, 0.48);
267.3531; (0.72, 0.05, 0.48);
267.3531; (0.72, 0.05, 0.48);
267.3600; (0.72, 0.05, 0.48);
267.3640; (0.71, 0.05, 0.47);
267.3640; (0.71, 0.05, 0.47);
267.3751; (0.71, 0.05, 0.47);
267.3751; (0.71, 0.06, 0.47);
267.3800; (0.71, 0.06, 0.47);
267.3861; (0.71, 0.06, 0.46);
267.3861; (0.71, 0.06, 0.46);
267.3972; (0.71, 0.06, 0.46);
267.3972; (0.71, 0.06, 0.46);
267.4000; (0.71, 0.06, 0.46);
267.4086; (0.71, 0.06, 0.46);
267.4086; (0.70, 0.07, 0.46);
267.4196; (0.70, 0.07, 0.46);
267.4196; (0.70, 0.07, 0.45);
267.4200; (0.70, 0.07, 0.45);
267.4310; (0.70, 0.07, 0.45);
267.4310; (0.70, 0.08, 0.45);
267.4400; (0.70, 0.08, 0.45);
267.4420; (0.70, 0.08, 0.44);
267.4420; (0.70, 0.08, 0.44);
267.4528; (0.70, 0.08, 0.44);
267.4528; (0.69, 0.09, 0.44);
267.4600; (0.69, 0.09, 0.44);
267.4641; (0.69, 0.09, 0.44);
267.4641; (0.69, 0.09, 0.44);
267.4752; (0.69, 0.09, 0.44);
267.4752; (0.69, 0.10, 0.43);
267.4800; (0.69, 0.10, 0.43);
267.4861; (0.69, 0.10, 0.43);
267.4861; (0.69, 0.10, 0.43);
267.4975; (0.69, 0.10, 0.43);
267.4975; (0.69, 0.11, 0.42);
267.5000; (0.69, 0.11, 0.42);
267.5086; (0.69, 0.11, 0.43);
267.5086; (0.69, 0.11, 0.42);
267.5195; (0.69, 0.11, 0.42);
267.5195; (0.69, 0.12, 0.42);
267.5200; (0.69, 0.12, 0.42);
267.5307; (0.69, 0.12, 0.42);
267.5307; (0.69, 0.12, 0.42);
267.5400; (0.69, 0.12, 0.42);
267.5420; (0.69, 0.12, 0.41);
267.5420; (0.69, 0.12, 0.41);
267.5528; (0.69, 0.12, 0.42);
267.5528; (0.69, 0.13, 0.41);
267.5600; (0.69, 0.13, 0.41);
267.5641; (0.69, 0.13, 0.41);
267.5641; (0.69, 0.13, 0.41);
267.5755; (0.68, 0.13, 0.41);
267.5755; (0.68, 0.13, 0.41);
267.5800; (0.68, 0.13, 0.41);
267.5864; (0.68, 0.13, 0.41);
267.5864; (0.68, 0.13, 0.41);
267.5975; (0.68, 0.13, 0.41);
267.5975; (0.68, 0.14, 0.41);
267.6000; (0.68, 0.14, 0.41);
267.6089; (0.68, 0.14, 0.40);
267.6089; (0.68, 0.14, 0.40);
267.6196; (0.68, 0.14, 0.40);
267.6196; (0.68, 0.15, 0.40);
267.6200; (0.68, 0.15, 0.40);
267.6308; (0.68, 0.15, 0.40);
267.6308; (0.68, 0.15, 0.40);
267.6400; (0.68, 0.15, 0.40);
267.6421; (0.68, 0.15, 0.40);
267.6421; (0.68, 0.15, 0.40);
267.6529; (0.68, 0.15, 0.40);
267.6529; (0.68, 0.15, 0.40);
267.6600; (0.68, 0.15, 0.40);
267.6641; (0.68, 0.15, 0.40);
267.6641; (0.68, 0.15, 0.40);
267.6753; (0.68, 0.15, 0.40);
267.6753; (0.68, 0.16, 0.40);
267.6800; (0.68, 0.15, 0.40);
267.6861; (0.68, 0.16, 0.40);
267.6861; (0.68, 0.16, 0.40);
267.6973; (0.68, 0.16, 0.40);
267.6973; (0.68, 0.16, 0.40);
267.7000; (0.68, 0.16, 0.40);
267.7087; (0.68, 0.16, 0.40);
267.7087; (0.68, 0.16, 0.40);
267.7195; (0.68, 0.16, 0.40);
267.7195; (0.68, 0.16, 0.40);
267.7200; (0.68, 0.16, 0.40);
267.7306; (0.68, 0.16, 0.40);
267.7306; (0.68, 0.16, 0.40);
267.7400; (0.68, 0.16, 0.40);
267.7419; (0.68, 0.16, 0.40);
267.7419; (0.68, 0.16, 0.40);
267.7529; (0.68, 0.16, 0.40);
267.7529; (0.68, 0.16, 0.40);
267.7600; (0.68, 0.16, 0.40);
267.7640; (0.69, 0.16, 0.40);
267.7640; (0.69, 0.16, 0.40);
267.7753; (0.69, 0.16, 0.40);
267.7753; (0.69, 0.16, 0.41);
267.7800; (0.69, 0.16, 0.41);
267.7861; (0.69, 0.16, 0.41);
267.7861; (0.69, 0.16, 0.41);
267.7973; (0.69, 0.16, 0.41);
267.7973; (0.69, 0.16, 0.41);
267.8000; (0.69, 0.16, 0.41);
267.8085; (0.69, 0.16, 0.40);
267.8085; (0.69, 0.16, 0.40);
267.8195; (0.69, 0.16, 0.40);
267.8195; (0.69, 0.16, 0.40);
267.8200; (0.69, 0.16, 0.40);
267.8306; (0.69, 0.16, 0.40);
267.8306; (0.69, 0.16, 0.40);
267.8400; (0.69, 0.16, 0.40);
267.8419; (0.69, 0.16, 0.40);
267.8419; (0.69, 0.16, 0.40);
267.8528; (0.69, 0.16, 0.40);
267.8528; (0.69, 0.16, 0.40);
267.8600; (0.69, 0.16, 0.40);
267.8639; (0.69, 0.16, 0.40);
267.8639; (0.69, 0.16, 0.40);
267.8752; (0.69, 0.16, 0.40);
267.8752; (0.69, 0.16, 0.40);
267.8800; (0.69, 0.16, 0.40);
267.8861; (0.69, 0.16, 0.40);
267.8861; (0.69, 0.16, 0.40);
267.8972; (0.69, 0.16, 0.40);
267.8972; (0.69, 0.16, 0.40);
267.9000; (0.69, 0.16, 0.40);
267.9084; (0.69, 0.16, 0.40);
267.9084; (0.69, 0.16, 0.40);
267.9196; (0.69, 0.16, 0.40);
267.9196; (0.69, 0.16, 0.40);
267.9200; (0.69, 0.16, 0.40);
267.9306; (0.69, 0.16, 0.40);
267.9306; (0.69, 0.16, 0.40);
267.9400; (0.69, 0.16, 0.40);
267.9419; (0.69, 0.16, 0.40);
267.9419; (0.69, 0.16, 0.40);
267.9528; (0.69, 0.16, 0.40);
267.9528; (0.69, 0.16, 0.40);
267.9600; (0.69, 0.16, 0.40);
267.9639; (0.69, 0.16, 0.40);
267.9639; (0.69, 0.16, 0.40);
267.9752; (0.69, 0.16, 0.40);
267.9752; (0.69, 0.16, 0.40);
267.9800; (0.69, 0.16, 0.40);
267.9861; (0.69, 0.16, 0.40);
267.9861; (0.69, 0.16, 0.40);
267.9973; (0.69, 0.16, 0.40);
267.9973; (0.69, 0.16, 0.40);
268.0000; (0.69, 0.16, 0.40);
268.0087; (0.69, 0.16, 0.40);
268.0087; (0.69, 0.16, 0.40);
268.0198; (0.70, 0.16, 0.40);
268.0198; (0.70, 0.16, 0.40);
268.0200; (0.70, 0.16, 0.40);
268.0306; (0.70, 0.16, 0.40);
268.0306; (0.70, 0.16, 0.40);
268.0400; (0.69, 0.16, 0.41);
268.0418; (0.69, 0.16, 0.41);
268.0418; (0.69, 0.16, 0.41);
268.0528; (0.69, 0.16, 0.41);
268.0528; (0.69, 0.16, 0.41);
268.0600; (0.69, 0.16, 0.41);
268.0639; (0.69, 0.16, 0.41);
268.0639; (0.69, 0.16, 0.41);
268.0753; (0.69, 0.16, 0.41);
268.0753; (0.69, 0.16, 0.41);
268.0800; (0.69, 0.16, 0.41);
268.0864; (0.69, 0.16, 0.41);
268.0864; (0.69, 0.16, 0.41);
268.0974; (0.69, 0.16, 0.41);
268.0974; (0.69, 0.16, 0.41);
268.1000; (0.69, 0.16, 0.41);
268.1086; (0.69, 0.16, 0.41);
268.1086; (0.69, 0.16, 0.41);
268.1195; (0.69, 0.16, 0.41);
268.1195; (0.69, 0.17, 0.41);
268.1200; (0.69, 0.17, 0.41);
268.1306; (0.69, 0.17, 0.41);
268.1306; (0.69, 0.17, 0.41);
268.1400; (0.69, 0.17, 0.41);
268.1420; (0.69, 0.17, 0.41);
268.1420; (0.69, 0.17, 0.41);
268.1529; (0.69, 0.17, 0.41);
268.1529; (0.69, 0.17, 0.41);
268.1600; (0.69, 0.17, 0.41);
268.1639; (0.69, 0.18, 0.40);
268.1639; (0.69, 0.18, 0.40);
268.1752; (0.69, 0.18, 0.41);
268.1752; (0.69, 0.18, 0.40);
268.1800; (0.69, 0.18, 0.40);
268.1862; (0.68, 0.18, 0.40);
268.1862; (0.68, 0.18, 0.40);
268.1976; (0.68, 0.18, 0.40);
268.1976; (0.68, 0.18, 0.40);
268.2000; (0.68, 0.18, 0.40);
268.2086; (0.68, 0.18, 0.40);
268.2086; (0.68, 0.19, 0.40);
268.2200; (0.68, 0.19, 0.40);
268.2201; (0.68, 0.19, 0.40);
268.2201; (0.68, 0.19, 0.40);
268.2309; (0.68, 0.19, 0.40);
268.2309; (0.68, 0.19, 0.40);
268.2400; (0.68, 0.19, 0.40);
268.2421; (0.68, 0.19, 0.40);
268.2421; (0.68, 0.19, 0.40);
268.2515; (0.68, 0.19, 0.40);
268.2515; (0.68, 0.19, 0.40);
268.2600; (0.68, 0.19, 0.40);
268.2623; (0.68, 0.19, 0.40);
268.2623; (0.68, 0.19, 0.40);
268.2737; (0.68, 0.19, 0.40);
268.2737; (0.68, 0.20, 0.40);
268.2800; (0.68, 0.20, 0.40);
268.2845; (0.68, 0.20, 0.40);
268.2845; (0.68, 0.20, 0.40);
268.2956; (0.68, 0.20, 0.40);
268.2956; (0.68, 0.20, 0.40);
268.3000; (0.68, 0.20, 0.40);
268.3067; (0.68, 0.20, 0.40);
268.3067; (0.68, 0.20, 0.40);
268.3177; (0.68, 0.20, 0.40);
268.3177; (0.68, 0.20, 0.40);
268.3200; (0.68, 0.20, 0.40);
268.3296; (0.68, 0.20, 0.40);
268.3296; (0.68, 0.20, 0.41);
268.3397; (0.68, 0.20, 0.41);
268.3397; (0.68, 0.20, 0.41);
268.3400; (0.68, 0.20, 0.41);
268.3509; (0.68, 0.20, 0.41);
268.3509; (0.68, 0.20, 0.41);
268.3600; (0.68, 0.20, 0.41);
268.3622; (0.68, 0.20, 0.41);
268.3622; (0.68, 0.20, 0.41);
268.3733; (0.68, 0.20, 0.41);
268.3733; (0.68, 0.20, 0.41);
268.3800; (0.68, 0.20, 0.41);
268.3846; (0.68, 0.20, 0.41);
268.3846; (0.68, 0.20, 0.41);
268.3953; (0.68, 0.20, 0.41);
268.3953; (0.68, 0.20, 0.41);
268.4000; (0.68, 0.20, 0.41);
268.4072; (0.68, 0.20, 0.41);
268.4072; (0.68, 0.20, 0.42);
268.4178; (0.68, 0.20, 0.41);
268.4178; (0.68, 0.20, 0.42);
268.4200; (0.68, 0.20, 0.42);
268.4290; (0.68, 0.20, 0.42);
268.4290; (0.69, 0.19, 0.42);
268.4398; (0.68, 0.20, 0.42);
268.4398; (0.69, 0.20, 0.42);
268.4400; (0.69, 0.20, 0.42);
268.4509; (0.69, 0.20, 0.42);
268.4509; (0.69, 0.20, 0.42);
268.4600; (0.69, 0.19, 0.42);
268.4622; (0.69, 0.19, 0.42);
268.4622; (0.69, 0.19, 0.42);
268.4734; (0.69, 0.19, 0.42);
268.4734; (0.69, 0.19, 0.42);
268.4800; (0.68, 0.19, 0.42);
268.4847; (0.68, 0.19, 0.42);
268.4847; (0.68, 0.19, 0.42);
268.4958; (0.68, 0.19, 0.42);
268.4958; (0.68, 0.19, 0.42);
268.5000; (0.68, 0.19, 0.42);
268.5071; (0.68, 0.19, 0.42);
268.5071; (0.68, 0.19, 0.42);
268.5182; (0.68, 0.20, 0.42);
268.5182; (0.68, 0.19, 0.42);
268.5200; (0.68, 0.19, 0.42);
268.5291; (0.69, 0.19, 0.42);
268.5291; (0.69, 0.19, 0.43);
268.5400; (0.69, 0.19, 0.43);
268.5405; (0.69, 0.19, 0.43);
268.5405; (0.69, 0.19, 0.43);
268.5514; (0.69, 0.19, 0.43);
268.5514; (0.69, 0.19, 0.43);
268.5600; (0.69, 0.19, 0.43);
268.5629; (0.69, 0.19, 0.43);
268.5629; (0.69, 0.19, 0.43);
268.5737; (0.69, 0.19, 0.43);
268.5737; (0.69, 0.19, 0.43);
268.5800; (0.68, 0.19, 0.43);
268.5842; (0.68, 0.19, 0.43);
268.5842; (0.68, 0.19, 0.43);
268.5955; (0.69, 0.19, 0.43);
268.5955; (0.68, 0.19, 0.43);
268.6000; (0.68, 0.19, 0.43);
268.6069; (0.68, 0.19, 0.44);
268.6069; (0.69, 0.19, 0.44);
268.6180; (0.68, 0.19, 0.44);
268.6180; (0.68, 0.19, 0.44);
268.6200; (0.68, 0.19, 0.44);
268.6292; (0.68, 0.19, 0.44);
268.6292; (0.68, 0.19, 0.44);
268.6400; (0.68, 0.19, 0.44);
268.6405; (0.68, 0.19, 0.44);
268.6405; (0.68, 0.19, 0.44);
268.6512; (0.68, 0.19, 0.44);
268.6512; (0.68, 0.19, 0.44);
268.6600; (0.68, 0.19, 0.44);
268.6624; (0.68, 0.19, 0.45);
268.6624; (0.68, 0.19, 0.45);
268.6734; (0.68, 0.19, 0.45);
268.6734; (0.68, 0.19, 0.45);
268.6800; (0.68, 0.19, 0.45);
268.6844; (0.68, 0.19, 0.45);
268.6844; (0.68, 0.19, 0.45);
268.6957; (0.68, 0.19, 0.45);
268.6957; (0.68, 0.19, 0.45);
268.7000; (0.68, 0.19, 0.45);
268.7070; (0.68, 0.19, 0.45);
268.7070; (0.68, 0.18, 0.46);
268.7182; (0.68, 0.18, 0.46);
268.7182; (0.68, 0.18, 0.46);
268.7200; (0.68, 0.18, 0.46);
268.7292; (0.68, 0.18, 0.46);
268.7292; (0.68, 0.18, 0.46);
268.7400; (0.68, 0.18, 0.46);
268.7405; (0.68, 0.18, 0.46);
268.7405; (0.68, 0.18, 0.46);
268.7513; (0.68, 0.18, 0.46);
268.7513; (0.68, 0.18, 0.47);
268.7600; (0.68, 0.18, 0.46);
268.7623; (0.68, 0.18, 0.47);
268.7623; (0.68, 0.18, 0.47);
268.7736; (0.68, 0.18, 0.47);
268.7736; (0.68, 0.18, 0.47);
268.7800; (0.68, 0.18, 0.47);
268.7844; (0.68, 0.18, 0.47);
268.7844; (0.68, 0.18, 0.47);
268.7956; (0.68, 0.18, 0.47);
268.7956; (0.68, 0.18, 0.47);
268.8000; (0.68, 0.18, 0.47);
268.8068; (0.68, 0.18, 0.47);
268.8068; (0.68, 0.18, 0.47);
268.8179; (0.68, 0.18, 0.47);
268.8179; (0.68, 0.17, 0.47);
268.8200; (0.68, 0.17, 0.47);
268.8293; (0.68, 0.17, 0.47);
268.8293; (0.68, 0.17, 0.48);
268.8400; (0.68, 0.17, 0.48);
268.8408; (0.68, 0.17, 0.48);
268.8408; (0.68, 0.17, 0.48);
268.8510; (0.68, 0.17, 0.48);
268.8510; (0.68, 0.17, 0.48);
268.8600; (0.68, 0.17, 0.48);
268.8620; (0.68, 0.17, 0.48);
268.8620; (0.68, 0.17, 0.48);
268.8738; (0.68, 0.17, 0.48);
268.8738; (0.68, 0.17, 0.48);
268.8800; (0.68, 0.17, 0.48);
268.8844; (0.68, 0.17, 0.48);
268.8844; (0.68, 0.17, 0.48);
268.8955; (0.68, 0.17, 0.48);
268.8955; (0.68, 0.17, 0.49);
268.9000; (0.68, 0.17, 0.49);
268.9066; (0.68, 0.17, 0.49);
268.9066; (0.68, 0.17, 0.49);
268.9180; (0.68, 0.17, 0.49);
268.9180; (0.68, 0.17, 0.49);
268.9200; (0.68, 0.17, 0.49);
268.9290; (0.68, 0.17, 0.49);
268.9290; (0.67, 0.17, 0.49);
268.9400; (0.67, 0.17, 0.49);
268.9402; (0.67, 0.17, 0.49);
268.9402; (0.67, 0.17, 0.49);
268.9510; (0.67, 0.17, 0.49);
268.9510; (0.67, 0.17, 0.49);
268.9600; (0.67, 0.17, 0.49);
268.9621; (0.67, 0.17, 0.49);
268.9621; (0.67, 0.17, 0.49);
268.9737; (0.67, 0.17, 0.49);
268.9737; (0.67, 0.17, 0.49);
268.9800; (0.67, 0.17, 0.49);
268.9849; (0.67, 0.17, 0.49);
268.9849; (0.67, 0.17, 0.49);
268.9959; (0.67, 0.17, 0.49);
268.9959; (0.67, 0.17, 0.49);
269.0000; (0.67, 0.17, 0.49);
269.0068; (0.67, 0.17, 0.49);
269.0068; (0.67, 0.17, 0.49);
269.0177; (0.67, 0.17, 0.49);
269.0177; (0.67, 0.17, 0.49);
269.0200; (0.67, 0.17, 0.49);
269.0291; (0.67, 0.17, 0.49);
269.0291; (0.67, 0.17, 0.49);
269.0400; (0.67, 0.17, 0.49);
269.0400; (0.67, 0.17, 0.49);
269.0400; (0.67, 0.17, 0.49);
269.0510; (0.67, 0.17, 0.49);
269.0510; (0.67, 0.17, 0.49);
269.0600; (0.67, 0.17, 0.49);
269.0624; (0.67, 0.17, 0.49);
269.0624; (0.67, 0.17, 0.49);
269.0735; (0.67, 0.17, 0.49);
269.0735; (0.67, 0.17, 0.49);
269.0800; (0.67, 0.17, 0.49);
269.0843; (0.67, 0.17, 0.49);
269.0843; (0.67, 0.17, 0.49);
269.0959; (0.67, 0.17, 0.49);
269.0959; (0.67, 0.17, 0.49);
269.1000; (0.67, 0.17, 0.49);
269.1071; (0.67, 0.17, 0.49);
269.1071; (0.67, 0.17, 0.49);
269.1180; (0.67, 0.17, 0.50);
269.1180; (0.66, 0.17, 0.50);
269.1200; (0.66, 0.17, 0.50);
269.1290; (0.66, 0.17, 0.50);
269.1290; (0.66, 0.17, 0.50);
269.1400; (0.66, 0.17, 0.50);
269.1403; (0.66, 0.17, 0.50);
269.1403; (0.66, 0.17, 0.50);
269.1509; (0.66, 0.17, 0.50);
269.1509; (0.66, 0.17, 0.50);
269.1600; (0.66, 0.17, 0.50);
269.1621; (0.66, 0.17, 0.50);
269.1621; (0.66, 0.17, 0.50);
269.1732; (0.66, 0.17, 0.50);
269.1732; (0.67, 0.17, 0.50);
269.1800; (0.66, 0.17, 0.50);
269.1849; (0.66, 0.17, 0.50);
269.1849; (0.66, 0.17, 0.50);
269.1956; (0.66, 0.17, 0.50);
269.1956; (0.66, 0.17, 0.50);
269.2000; (0.66, 0.17, 0.50);
269.2067; (0.66, 0.17, 0.50);
269.2067; (0.66, 0.17, 0.50);
269.2178; (0.66, 0.17, 0.50);
269.2178; (0.66, 0.17, 0.50);
269.2200; (0.66, 0.17, 0.50);
269.2291; (0.66, 0.17, 0.50);
269.2291; (0.66, 0.17, 0.50);
269.2400; (0.66, 0.17, 0.50);
269.2401; (0.66, 0.17, 0.50);
269.2401; (0.66, 0.17, 0.50);
269.2511; (0.66, 0.17, 0.50);
269.2511; (0.66, 0.16, 0.50);
269.2600; (0.66, 0.16, 0.50);
269.2622; (0.66, 0.16, 0.50);
269.2622; (0.66, 0.16, 0.50);
269.2733; (0.66, 0.17, 0.50);
269.2733; (0.66, 0.17, 0.50);
269.2800; (0.66, 0.16, 0.50);
269.2842; (0.67, 0.16, 0.51);
269.2842; (0.67, 0.16, 0.51);
269.2957; (0.66, 0.17, 0.50);
269.2957; (0.66, 0.17, 0.51);
269.3000; (0.66, 0.17, 0.51);
269.3069; (0.66, 0.17, 0.51);
269.3069; (0.66, 0.17, 0.51);
269.3178; (0.66, 0.16, 0.51);
269.3178; (0.66, 0.16, 0.51);
269.3200; (0.66, 0.16, 0.51);
269.3290; (0.66, 0.16, 0.51);
269.3290; (0.66, 0.16, 0.51);
269.3400; (0.66, 0.16, 0.51);
269.3402; (0.66, 0.16, 0.51);
269.3402; (0.66, 0.16, 0.51);
269.3510; (0.66, 0.16, 0.51);
269.3510; (0.66, 0.16, 0.51);
269.3600; (0.66, 0.16, 0.51);
269.3620; (0.66, 0.16, 0.51);
269.3620; (0.66, 0.16, 0.51);
269.3733; (0.66, 0.16, 0.51);
269.3733; (0.66, 0.16, 0.51);
269.3800; (0.66, 0.16, 0.51);
269.3842; (0.66, 0.16, 0.51);
269.3842; (0.66, 0.16, 0.51);
269.3958; (0.66, 0.16, 0.51);
269.3958; (0.66, 0.16, 0.51);
269.4000; (0.66, 0.16, 0.51);
269.4067; (0.66, 0.16, 0.51);
269.4067; (0.66, 0.16, 0.51);
269.4178; (0.66, 0.16, 0.51);
269.4178; (0.66, 0.16, 0.51);
269.4200; (0.66, 0.16, 0.51);
269.4290; (0.66, 0.16, 0.51);
269.4290; (0.66, 0.16, 0.51);
269.4400; (0.66, 0.16, 0.51);
269.4401; (0.66, 0.16, 0.51);
269.4401; (0.66, 0.16, 0.51);
269.4512; (0.66, 0.16, 0.51);
269.4512; (0.66, 0.16, 0.51);
269.4600; (0.66, 0.16, 0.51);
269.4621; (0.66, 0.16, 0.51);
269.4621; (0.66, 0.16, 0.51);
269.4733; (0.66, 0.16, 0.51);
269.4733; (0.66, 0.16, 0.51);
269.4800; (0.66, 0.16, 0.51);
269.4842; (0.66, 0.16, 0.51);
269.4842; (0.66, 0.16, 0.51);
269.4954; (0.66, 0.16, 0.51);
269.4954; (0.66, 0.16, 0.51);
269.5000; (0.66, 0.16, 0.51);
269.5067; (0.66, 0.16, 0.51);
269.5067; (0.66, 0.16, 0.51);
269.5179; (0.66, 0.16, 0.51);
269.5179; (0.66, 0.16, 0.51);
269.5200; (0.66, 0.16, 0.51);
269.5288; (0.66, 0.16, 0.51);
269.5288; (0.66, 0.16, 0.52);
269.5398; (0.66, 0.16, 0.52);
269.5398; (0.66, 0.16, 0.52);
269.5400; (0.66, 0.16, 0.52);
269.5509; (0.66, 0.16, 0.52);
269.5509; (0.66, 0.16, 0.52);
269.5600; (0.66, 0.16, 0.52);
269.5619; (0.66, 0.16, 0.52);
269.5619; (0.66, 0.16, 0.52);
269.5734; (0.66, 0.16, 0.52);
269.5734; (0.66, 0.16, 0.52);
269.5800; (0.66, 0.16, 0.52);
269.5843; (0.66, 0.16, 0.52);
269.5843; (0.66, 0.16, 0.52);
269.5956; (0.66, 0.16, 0.52);
269.5956; (0.66, 0.16, 0.52);
269.6000; (0.66, 0.16, 0.52);
269.6068; (0.66, 0.16, 0.52);
269.6068; (0.66, 0.16, 0.52);
269.6180; (0.66, 0.16, 0.52);
269.6180; (0.66, 0.16, 0.52);
269.6200; (0.66, 0.16, 0.52);
269.6293; (0.66, 0.16, 0.52);
269.6293; (0.66, 0.16, 0.52);
269.6400; (0.66, 0.16, 0.52);
269.6402; (0.66, 0.16, 0.52);
269.6402; (0.66, 0.16, 0.52);
269.6512; (0.66, 0.16, 0.52);
269.6512; (0.66, 0.16, 0.52);
269.6600; (0.66, 0.16, 0.52);
269.6623; (0.66, 0.16, 0.52);
269.6623; (0.66, 0.16, 0.52);
269.6736; (0.66, 0.16, 0.52);
269.6736; (0.66, 0.16, 0.52);
269.6800; (0.66, 0.16, 0.52);
269.6844; (0.66, 0.16, 0.52);
269.6844; (0.66, 0.16, 0.52);
269.6956; (0.66, 0.16, 0.52);
269.6956; (0.66, 0.16, 0.52);
269.7000; (0.66, 0.16, 0.52);
269.7068; (0.66, 0.16, 0.52);
269.7068; (0.66, 0.16, 0.52);
269.7177; (0.66, 0.16, 0.52);
269.7177; (0.66, 0.16, 0.52);
269.7200; (0.66, 0.16, 0.52);
269.7291; (0.66, 0.16, 0.52);
269.7291; (0.66, 0.16, 0.52);
269.7400; (0.66, 0.16, 0.52);
269.7401; (0.66, 0.16, 0.52);
269.7401; (0.66, 0.16, 0.52);
269.7513; (0.66, 0.16, 0.52);
269.7513; (0.66, 0.16, 0.52);
269.7600; (0.66, 0.16, 0.52);
269.7622; (0.66, 0.16, 0.52);
269.7622; (0.66, 0.16, 0.52);
269.7735; (0.66, 0.16, 0.52);
269.7735; (0.66, 0.16, 0.52);
269.7800; (0.66, 0.16, 0.52);
269.7845; (0.66, 0.16, 0.52);
269.7845; (0.66, 0.16, 0.52);
269.7953; (0.66, 0.16, 0.52);
269.7953; (0.66, 0.16, 0.52);
269.8000; (0.66, 0.16, 0.52);
269.8069; (0.66, 0.16, 0.52);
269.8069; (0.66, 0.16, 0.52);
269.8178; (0.66, 0.16, 0.52);
269.8178; (0.66, 0.16, 0.52);
269.8200; (0.66, 0.16, 0.52);
269.8289; (0.66, 0.16, 0.52);
269.8289; (0.66, 0.16, 0.52);
269.8400; (0.66, 0.16, 0.52);
269.8401; (0.66, 0.16, 0.52);
269.8401; (0.66, 0.16, 0.52);
269.8511; (0.66, 0.16, 0.52);
269.8511; (0.66, 0.16, 0.52);
269.8600; (0.66, 0.16, 0.52);
269.8625; (0.66, 0.16, 0.52);
269.8625; (0.66, 0.16, 0.52);
269.8734; (0.66, 0.16, 0.52);
269.8734; (0.66, 0.16, 0.52);
269.8800; (0.66, 0.16, 0.52);
269.8842; (0.67, 0.16, 0.52);
269.8842; (0.67, 0.16, 0.52);
269.8958; (0.67, 0.16, 0.52);
269.8958; (0.67, 0.16, 0.52);
269.9000; (0.67, 0.16, 0.52);
269.9066; (0.67, 0.16, 0.52);
269.9066; (0.67, 0.16, 0.52);
269.9176; (0.67, 0.16, 0.52);
269.9176; (0.67, 0.16, 0.52);
269.9200; (0.67, 0.16, 0.52);
269.9289; (0.67, 0.16, 0.52);
269.9289; (0.67, 0.16, 0.52);
269.9400; (0.67, 0.16, 0.51);
269.9400; (0.67, 0.16, 0.51);
269.9400; (0.67, 0.16, 0.51);
269.9510; (0.67, 0.16, 0.51);
269.9510; (0.67, 0.16, 0.51);
269.9600; (0.67, 0.16, 0.51);
269.9619; (0.67, 0.16, 0.51);
269.9619; (0.67, 0.16, 0.51);
269.9733; (0.67, 0.16, 0.51);
269.9733; (0.67, 0.16, 0.51);
269.9800; (0.67, 0.17, 0.51);
269.9842; (0.67, 0.17, 0.51);
269.9842; (0.67, 0.17, 0.51);
269.9957; (0.67, 0.17, 0.51);
269.9957; (0.67, 0.17, 0.51);
270.0000; (0.67, 0.17, 0.51);
270.0069; (0.67, 0.17, 0.51);
270.0069; (0.67, 0.17, 0.51);
270.0178; (0.67, 0.17, 0.51);
270.0178; (0.67, 0.17, 0.51);
270.0200; (0.67, 0.17, 0.51);
270.0291; (0.67, 0.17, 0.51);
270.0291; (0.67, 0.17, 0.51);
270.0399; (0.67, 0.17, 0.51);
270.0399; (0.68, 0.17, 0.51);
270.0400; (0.68, 0.17, 0.51);
270.0510; (0.68, 0.17, 0.51);
270.0510; (0.68, 0.17, 0.51);
270.0600; (0.68, 0.17, 0.51);
270.0620; (0.68, 0.17, 0.51);
270.0620; (0.68, 0.17, 0.51);
270.0738; (0.68, 0.17, 0.51);
270.0738; (0.68, 0.17, 0.51);
270.0800; (0.68, 0.17, 0.51);
270.0844; (0.68, 0.17, 0.51);
270.0844; (0.68, 0.17, 0.51);
270.0958; (0.68, 0.17, 0.51);
270.0958; (0.68, 0.17, 0.51);
270.1000; (0.68, 0.17, 0.51);
270.1068; (0.68, 0.17, 0.51);
270.1068; (0.68, 0.17, 0.51);
270.1178; (0.68, 0.17, 0.51);
270.1178; (0.68, 0.17, 0.51);
270.1200; (0.68, 0.17, 0.51);
270.1287; (0.68, 0.17, 0.51);
270.1287; (0.68, 0.17, 0.51);
270.1399; (0.68, 0.17, 0.51);
270.1399; (0.68, 0.17, 0.51);
270.1400; (0.68, 0.17, 0.51);
270.1509; (0.68, 0.17, 0.51);
270.1509; (0.68, 0.17, 0.51);
270.1600; (0.68, 0.17, 0.51);
270.1626; (0.68, 0.17, 0.51);
270.1626; (0.68, 0.17, 0.51);
270.1736; (0.68, 0.17, 0.51);
270.1736; (0.68, 0.17, 0.51);
270.1800; (0.69, 0.17, 0.51);
270.1848; (0.69, 0.17, 0.51);
270.1848; (0.69, 0.17, 0.51);
270.1956; (0.69, 0.17, 0.51);
270.1956; (0.69, 0.17, 0.51);
270.2000; (0.69, 0.17, 0.51);
270.2069; (0.69, 0.17, 0.51);
270.2069; (0.69, 0.17, 0.51);
270.2180; (0.69, 0.17, 0.51);
270.2180; (0.69, 0.17, 0.51);
270.2200; (0.69, 0.17, 0.51);
270.2292; (0.69, 0.17, 0.51);
270.2292; (0.69, 0.17, 0.51);
270.2400; (0.69, 0.17, 0.51);
270.2403; (0.69, 0.17, 0.51);
270.2403; (0.69, 0.17, 0.51);
270.2513; (0.69, 0.17, 0.51);
270.2513; (0.69, 0.17, 0.51);
270.2600; (0.69, 0.17, 0.51);
270.2621; (0.69, 0.17, 0.51);
270.2621; (0.69, 0.17, 0.51);
270.2733; (0.69, 0.17, 0.51);
270.2733; (0.69, 0.17, 0.51);
270.2800; (0.69, 0.17, 0.51);
270.2842; (0.69, 0.17, 0.51);
270.2842; (0.69, 0.17, 0.51);
270.2953; (0.69, 0.17, 0.51);
270.2953; (0.69, 0.17, 0.51);
270.3000; (0.69, 0.17, 0.51);
270.3067; (0.69, 0.17, 0.51);
270.3067; (0.69, 0.17, 0.51);
270.3176; (0.69, 0.17, 0.51);
270.3176; (0.69, 0.17, 0.51);
270.3200; (0.69, 0.17, 0.51);
270.3287; (0.69, 0.17, 0.51);
270.3287; (0.69, 0.17, 0.51);
270.3399; (0.69, 0.17, 0.51);
270.3399; (0.69, 0.17, 0.51);
270.3400; (0.69, 0.17, 0.51);
270.3510; (0.69, 0.17, 0.51);
270.3510; (0.69, 0.17, 0.51);
270.3600; (0.69, 0.17, 0.51);
270.3623; (0.69, 0.17, 0.51);
270.3623; (0.69, 0.17, 0.51);
270.3734; (0.69, 0.17, 0.51);
270.3734; (0.69, 0.17, 0.51);
270.3800; (0.69, 0.17, 0.51);
270.3843; (0.69, 0.17, 0.51);
270.3843; (0.69, 0.17, 0.51);
270.3954; (0.69, 0.17, 0.51);
270.3954; (0.69, 0.17, 0.51);
270.4000; (0.69, 0.17, 0.51);
270.4067; (0.69, 0.17, 0.51);
270.4067; (0.69, 0.17, 0.50);
270.4180; (0.69, 0.17, 0.50);
270.4180; (0.69, 0.17, 0.50);
270.4200; (0.69, 0.17, 0.50);
270.4292; (0.69, 0.17, 0.50);
270.4292; (0.69, 0.17, 0.50);
270.4400; (0.69, 0.17, 0.50);
270.4401; (0.69, 0.17, 0.50);
270.4401; (0.69, 0.17, 0.50);
270.4512; (0.69, 0.17, 0.50);
270.4512; (0.69, 0.17, 0.50);
270.4600; (0.69, 0.17, 0.50);
270.4622; (0.69, 0.17, 0.50);
270.4622; (0.69, 0.17, 0.50);
270.4734; (0.69, 0.17, 0.50);
270.4734; (0.69, 0.17, 0.50);
270.4800; (0.69, 0.17, 0.50);
270.4843; (0.69, 0.16, 0.50);
270.4843; (0.69, 0.16, 0.50);
270.4956; (0.69, 0.16, 0.50);
270.4956; (0.69, 0.16, 0.50);
270.5000; (0.69, 0.16, 0.50);
270.5067; (0.69, 0.16, 0.50);
270.5067; (0.69, 0.16, 0.50);
270.5177; (0.69, 0.16, 0.50);
270.5177; (0.69, 0.16, 0.50);
270.5200; (0.69, 0.16, 0.50);
270.5290; (0.69, 0.16, 0.50);
270.5290; (0.69, 0.16, 0.50);
270.5400; (0.69, 0.16, 0.50);
270.5401; (0.69, 0.16, 0.50);
270.5401; (0.69, 0.16, 0.50);
270.5511; (0.69, 0.16, 0.50);
270.5511; (0.69, 0.16, 0.50);
270.5600; (0.69, 0.16, 0.50);
270.5621; (0.69, 0.16, 0.50);
270.5621; (0.69, 0.16, 0.50);
270.5738; (0.69, 0.16, 0.50);
270.5738; (0.69, 0.16, 0.50);
270.5800; (0.69, 0.16, 0.50);
270.5846; (0.69, 0.16, 0.50);
270.5846; (0.69, 0.16, 0.50);
270.5956; (0.69, 0.16, 0.50);
270.5956; (0.69, 0.16, 0.50);
270.6000; (0.69, 0.16, 0.50);
270.6069; (0.69, 0.16, 0.50);
270.6069; (0.69, 0.16, 0.49);
270.6179; (0.69, 0.16, 0.49);
270.6179; (0.69, 0.16, 0.49);
270.6200; (0.69, 0.16, 0.49);
270.6291; (0.69, 0.16, 0.49);
270.6291; (0.69, 0.16, 0.49);
270.6399; (0.69, 0.16, 0.49);
