Experiment: 8
Latency: 600
Source: (0.64, 0.71, 0.50)
SourceSize: 0.0750
Target: (0.36, 0.29, 0.50)
TargetSize: 0.0250

Trace:
time; position; button;
208.6066; (0.65, 0.71, 0.52);
208.6066; (0.65, 0.71, 0.52);
208.6177; (0.65, 0.71, 0.52);
208.6177; (0.65, 0.71, 0.52);
208.6200; (0.65, 0.71, 0.52);
208.6288; (0.65, 0.71, 0.52);
208.6288; (0.64, 0.71, 0.52);
208.6400; (0.64, 0.71, 0.52);
208.6405; (0.64, 0.71, 0.52);
208.6405; (0.64, 0.71, 0.52);
208.6515; (0.64, 0.71, 0.52);
208.6515; (0.64, 0.71, 0.52);
208.6600; (0.64, 0.71, 0.52);
208.6624; (0.64, 0.71, 0.52);
208.6624; (0.64, 0.71, 0.52);
208.6733; (0.64, 0.71, 0.52);
208.6733; (0.64, 0.71, 0.52);
208.6800; (0.64, 0.71, 0.52);
208.6843; (0.64, 0.71, 0.52);
208.6843; (0.64, 0.71, 0.52);
208.6953; (0.64, 0.71, 0.52);
208.6953; (0.64, 0.71, 0.52);
208.7000; (0.64, 0.71, 0.52);
208.7067; (0.64, 0.71, 0.52);
208.7067; (0.64, 0.71, 0.51);
208.7178; (0.64, 0.71, 0.51);
208.7178; (0.64, 0.71, 0.51);
208.7200; (0.64, 0.71, 0.51);
208.7293; (0.64, 0.71, 0.51);
208.7293; (0.64, 0.71, 0.51);
208.7400; (0.64, 0.71, 0.51);
208.7402; (0.64, 0.71, 0.51);
208.7402; (0.64, 0.71, 0.51);
208.7514; (0.64, 0.71, 0.51);
208.7514; (0.64, 0.71, 0.51);
208.7600; (0.64, 0.71, 0.51);
208.7623; (0.64, 0.71, 0.51);
208.7623; (0.64, 0.71, 0.51);
208.7739; (0.64, 0.71, 0.51);
208.7739; (0.63, 0.71, 0.51);
208.7800; (0.63, 0.71, 0.51);
208.7844; (0.63, 0.71, 0.51);
208.7844; (0.63, 0.71, 0.51);
208.7956; (0.63, 0.71, 0.51);
208.7956; (0.63, 0.71, 0.51);
208.8000; (0.63, 0.71, 0.51);
208.8070; (0.63, 0.71, 0.51);
208.8070; (0.63, 0.71, 0.51);
208.8180; (0.63, 0.71, 0.51);
208.8180; (0.63, 0.71, 0.51);
208.8200; (0.63, 0.71, 0.51);
208.8288; (0.63, 0.71, 0.51);
208.8288; (0.63, 0.71, 0.51);
208.8399; (0.63, 0.71, 0.51);
208.8399; (0.63, 0.71, 0.51);
208.8400; (0.63, 0.71, 0.51);
208.8513; (0.63, 0.71, 0.51);
208.8513; (0.64, 0.71, 0.51);
208.8600; (0.64, 0.71, 0.51);
208.8620; (0.64, 0.71, 0.51);
208.8620; (0.64, 0.71, 0.51);
208.8737; (0.64, 0.71, 0.51);
208.8737; (0.64, 0.71, 0.51);
208.8800; (0.64, 0.71, 0.51);
208.8845; (0.64, 0.71, 0.51);
208.8845; (0.64, 0.71, 0.51);
208.8954; (0.64, 0.71, 0.51);
208.8954; (0.64, 0.72, 0.51);
208.9000; (0.64, 0.72, 0.51);
208.9067; (0.64, 0.72, 0.51);
208.9067; (0.64, 0.72, 0.51);
208.9182; (0.64, 0.72, 0.51);
208.9182; (0.64, 0.72, 0.51);
208.9200; (0.64, 0.72, 0.51);
208.9298; (0.64, 0.72, 0.51);
208.9298; (0.64, 0.72, 0.51);
208.9400; (0.64, 0.72, 0.51);
208.9402; (0.64, 0.72, 0.51);
208.9402; (0.64, 0.72, 0.51);
208.9515; (0.64, 0.72, 0.51);
208.9515; (0.64, 0.72, 0.51);
208.9600; (0.64, 0.72, 0.51);
208.9621; (0.64, 0.72, 0.51);
208.9621; (0.64, 0.72, 0.51);
208.9737; (0.64, 0.72, 0.51);
208.9737; (0.64, 0.72, 0.51);
208.9800; (0.64, 0.72, 0.51);
208.9845; (0.64, 0.72, 0.51);
208.9845; (0.64, 0.72, 0.51);
208.9956; (0.64, 0.72, 0.51);
208.9956; (0.64, 0.72, 0.51);
209.0000; (0.64, 0.72, 0.51);
209.0068; (0.64, 0.72, 0.51);
209.0068; (0.64, 0.72, 0.51);
209.0179; (0.64, 0.72, 0.51);
209.0179; (0.64, 0.72, 0.51);
209.0200; (0.64, 0.72, 0.51);
209.0293; (0.64, 0.72, 0.51);
209.0293; (0.64, 0.72, 0.51);
209.0400; (0.64, 0.72, 0.51);
209.0406; (0.64, 0.72, 0.51);
209.0406; (0.64, 0.72, 0.51);
209.0513; (0.64, 0.72, 0.51);
209.0513; (0.64, 0.72, 0.51);
209.0600; (0.64, 0.72, 0.51);
209.0626; (0.64, 0.72, 0.51);
209.0626; (0.64, 0.72, 0.51);
209.0732; (0.64, 0.72, 0.51);
209.0732; (0.64, 0.73, 0.51);
209.0800; (0.64, 0.73, 0.51);
209.0847; (0.64, 0.72, 0.51);
209.0847; (0.64, 0.72, 0.51);
209.0959; (0.64, 0.72, 0.51);
209.0959; (0.64, 0.72, 0.51);
209.1000; (0.64, 0.72, 0.51);
209.1071; (0.64, 0.72, 0.51);
209.1071; (0.64, 0.72, 0.51);
209.1180; (0.64, 0.73, 0.51);
209.1180; (0.64, 0.73, 0.51);
209.1200; (0.64, 0.73, 0.51);
209.1290; (0.64, 0.73, 0.51);
209.1290; (0.64, 0.73, 0.51);
209.1400; (0.64, 0.73, 0.51);
209.1402; (0.64, 0.73, 0.51);
209.1402; (0.64, 0.73, 0.51);
209.1514; (0.64, 0.73, 0.51);
209.1514; (0.64, 0.73, 0.51);
209.1600; (0.64, 0.73, 0.51);
209.1627; (0.64, 0.73, 0.51);
209.1627; (0.64, 0.73, 0.51);
209.1738; (0.64, 0.72, 0.51);
209.1738; (0.64, 0.72, 0.51);
209.1800; (0.64, 0.72, 0.51);
209.1849; (0.64, 0.72, 0.51);
209.1849; (0.64, 0.72, 0.51);
209.1960; (0.64, 0.72, 0.51);
209.1960; (0.64, 0.72, 0.51);
209.2000; (0.64, 0.72, 0.51);
209.2070; (0.64, 0.72, 0.51);
209.2070; (0.64, 0.72, 0.51);
209.2180; (0.64, 0.72, 0.51);
209.2180; (0.64, 0.72, 0.51);
209.2200; (0.64, 0.72, 0.51);
209.2290; (0.64, 0.72, 0.52);
209.2290; (0.64, 0.72, 0.52);
209.2400; (0.64, 0.72, 0.52);
209.2402; (0.64, 0.72, 0.52);
209.2402; (0.64, 0.72, 0.52);
209.2511; (0.64, 0.72, 0.52);
209.2511; (0.64, 0.72, 0.52);
209.2600; (0.64, 0.72, 0.52);
209.2624; (0.64, 0.72, 0.52);
209.2624; (0.64, 0.72, 0.52);
209.2735; (0.64, 0.72, 0.52);
209.2735; (0.64, 0.72, 0.52);
209.2800; (0.64, 0.72, 0.52);
209.2847; (0.64, 0.72, 0.52);
209.2847; (0.64, 0.72, 0.52);
209.2957; (0.64, 0.72, 0.52);
209.2957; (0.64, 0.72, 0.52);
209.3000; (0.64, 0.72, 0.52);
209.3071; (0.64, 0.72, 0.52);
209.3071; (0.64, 0.72, 0.52);
209.3180; (0.64, 0.72, 0.52);
209.3180; (0.64, 0.72, 0.52);
209.3200; (0.64, 0.72, 0.52);
209.3290; (0.64, 0.72, 0.52);
209.3290; (0.64, 0.72, 0.52);
209.3400; (0.64, 0.72, 0.52);
209.3400; (0.64, 0.72, 0.52);
209.3400; (0.64, 0.72, 0.52);
209.3515; (0.64, 0.72, 0.52);
209.3515; (0.64, 0.72, 0.52);
209.3600; (0.64, 0.72, 0.52);
209.3628; (0.64, 0.72, 0.52);
209.3628; (0.64, 0.72, 0.52);
209.3733; (0.64, 0.72, 0.52);
209.3733; (0.64, 0.72, 0.52);
209.3800; (0.64, 0.72, 0.52);
209.3842; (0.64, 0.72, 0.52);
209.3842; (0.64, 0.72, 0.52);
209.3956; (0.64, 0.72, 0.52);
209.3956; (0.64, 0.72, 0.52);
209.4000; (0.64, 0.72, 0.52);
209.4070; (0.64, 0.72, 0.52);
209.4070; (0.64, 0.71, 0.52);
209.4183; (0.64, 0.71, 0.52);
209.4183; (0.64, 0.71, 0.52);
209.4200; (0.64, 0.71, 0.52);
209.4290; (0.64, 0.71, 0.52);
209.4290; (0.64, 0.71, 0.52);
209.4400; (0.64, 0.71, 0.52);
209.4407; (0.64, 0.71, 0.52);
209.4407; (0.64, 0.71, 0.52);
209.4512; (0.64, 0.71, 0.52);
209.4512; (0.64, 0.71, 0.52);
209.4600; (0.64, 0.71, 0.52);
209.4626; (0.64, 0.71, 0.52);
209.4626; (0.64, 0.71, 0.52);
209.4737; (0.64, 0.71, 0.52);
209.4737; (0.64, 0.71, 0.52);
209.4800; (0.64, 0.71, 0.52);
209.4845; (0.64, 0.70, 0.52);
209.4845; (0.63, 0.70, 0.52);
209.4961; (0.63, 0.70, 0.52);
209.4961; (0.63, 0.70, 0.52);
209.5000; (0.63, 0.70, 0.52);
209.5072; (0.63, 0.70, 0.52);
209.5072; (0.63, 0.70, 0.52);
209.5181; (0.63, 0.70, 0.52);
209.5181; (0.63, 0.69, 0.52);
209.5200; (0.63, 0.69, 0.52);
209.5294; (0.62, 0.69, 0.52);
209.5294; (0.62, 0.69, 0.52);
209.5400; (0.62, 0.69, 0.52);
209.5400; (0.61, 0.68, 0.52);
209.5400; (0.61, 0.68, 0.52);
209.5515; (0.61, 0.68, 0.52);
209.5515; (0.61, 0.67, 0.52);
209.5600; (0.61, 0.67, 0.52);
209.5624; (0.60, 0.67, 0.52);
209.5624; (0.60, 0.66, 0.51);
209.5738; (0.60, 0.66, 0.51);
209.5738; (0.59, 0.65, 0.51);
209.5800; (0.59, 0.65, 0.51);
209.5847; (0.59, 0.65, 0.51);
209.5847; (0.58, 0.64, 0.51);
209.5956; (0.58, 0.64, 0.51);
209.5956; (0.57, 0.63, 0.51);
209.6000; (0.57, 0.63, 0.51);
209.6068; (0.57, 0.63, 0.51);
209.6068; (0.56, 0.61, 0.51);
209.6179; (0.56, 0.61, 0.51);
209.6179; (0.55, 0.60, 0.51);
209.6200; (0.55, 0.60, 0.51);
209.6293; (0.55, 0.60, 0.51);
209.6293; (0.54, 0.58, 0.51);
209.6400; (0.54, 0.58, 0.51);
209.6404; (0.53, 0.57, 0.50);
209.6404; (0.53, 0.57, 0.50);
209.6513; (0.53, 0.57, 0.50);
209.6513; (0.52, 0.55, 0.50);
209.6600; (0.52, 0.55, 0.50);
209.6626; (0.52, 0.55, 0.50);
209.6626; (0.51, 0.53, 0.50);
209.6736; (0.51, 0.54, 0.50);
209.6736; (0.50, 0.52, 0.50);
209.6800; (0.50, 0.52, 0.50);
209.6845; (0.51, 0.52, 0.50);
209.6845; (0.50, 0.51, 0.50);
209.6959; (0.50, 0.51, 0.50);
209.6959; (0.49, 0.49, 0.49);
209.7000; (0.49, 0.49, 0.49);
209.7068; (0.49, 0.49, 0.50);
209.7068; (0.48, 0.48, 0.49);
209.7178; (0.48, 0.48, 0.49);
209.7178; (0.48, 0.47, 0.49);
209.7200; (0.48, 0.47, 0.49);
209.7292; (0.48, 0.47, 0.49);
209.7292; (0.47, 0.45, 0.49);
209.7400; (0.47, 0.45, 0.49);
209.7405; (0.46, 0.44, 0.49);
209.7405; (0.46, 0.44, 0.49);
209.7519; (0.47, 0.44, 0.49);
209.7519; (0.46, 0.43, 0.49);
209.7600; (0.46, 0.43, 0.49);
209.7625; (0.46, 0.43, 0.49);
209.7625; (0.45, 0.41, 0.49);
209.7733; (0.45, 0.41, 0.49);
209.7733; (0.45, 0.40, 0.49);
209.7800; (0.45, 0.40, 0.49);
209.7846; (0.45, 0.40, 0.49);
209.7846; (0.44, 0.39, 0.49);
209.7964; (0.44, 0.39, 0.49);
209.7964; (0.44, 0.38, 0.49);
209.8000; (0.44, 0.38, 0.49);
209.8067; (0.44, 0.38, 0.49);
209.8067; (0.43, 0.37, 0.49);
209.8183; (0.43, 0.37, 0.49);
209.8183; (0.42, 0.36, 0.49);
209.8200; (0.42, 0.36, 0.49);
209.8290; (0.42, 0.36, 0.49);
209.8290; (0.42, 0.35, 0.49);
209.8400; (0.42, 0.35, 0.50);
209.8401; (0.41, 0.35, 0.50);
209.8401; (0.41, 0.35, 0.50);
209.8515; (0.42, 0.35, 0.50);
209.8515; (0.41, 0.34, 0.50);
209.8600; (0.41, 0.34, 0.50);
209.8626; (0.41, 0.34, 0.50);
209.8626; (0.41, 0.33, 0.50);
209.8734; (0.41, 0.33, 0.50);
209.8734; (0.41, 0.33, 0.50);
209.8800; (0.41, 0.33, 0.50);
209.8846; (0.41, 0.33, 0.50);
209.8846; (0.41, 0.32, 0.50);
209.8960; (0.41, 0.32, 0.50);
209.8960; (0.40, 0.32, 0.50);
209.9000; (0.40, 0.32, 0.50);
209.9071; (0.40, 0.32, 0.50);
209.9071; (0.40, 0.31, 0.51);
209.9182; (0.40, 0.31, 0.51);
209.9182; (0.40, 0.31, 0.51);
209.9200; (0.40, 0.31, 0.51);
209.9293; (0.40, 0.31, 0.51);
209.9293; (0.39, 0.30, 0.51);
209.9400; (0.39, 0.30, 0.51);
209.9404; (0.39, 0.30, 0.51);
209.9404; (0.39, 0.30, 0.51);
209.9513; (0.39, 0.30, 0.51);
209.9513; (0.39, 0.30, 0.51);
209.9600; (0.39, 0.30, 0.51);
209.9625; (0.39, 0.29, 0.51);
209.9625; (0.39, 0.29, 0.51);
209.9734; (0.39, 0.29, 0.51);
209.9734; (0.39, 0.29, 0.51);
209.9800; (0.39, 0.29, 0.51);
209.9847; (0.39, 0.29, 0.51);
209.9847; (0.39, 0.29, 0.51);
209.9958; (0.39, 0.29, 0.51);
209.9958; (0.39, 0.29, 0.51);
210.0000; (0.39, 0.29, 0.51);
210.0067; (0.39, 0.28, 0.51);
210.0067; (0.38, 0.28, 0.51);
210.0178; (0.38, 0.28, 0.51);
210.0178; (0.38, 0.28, 0.51);
210.0200; (0.38, 0.28, 0.51);
210.0289; (0.38, 0.28, 0.51);
210.0289; (0.38, 0.27, 0.51);
210.0399; (0.38, 0.27, 0.51);
210.0399; (0.38, 0.27, 0.51);
210.0400; (0.38, 0.27, 0.51);
210.0512; (0.38, 0.27, 0.51);
210.0512; (0.38, 0.27, 0.51);
210.0600; (0.38, 0.27, 0.51);
210.0623; (0.38, 0.27, 0.52);
210.0623; (0.38, 0.27, 0.52);
210.0735; (0.38, 0.27, 0.51);
210.0735; (0.38, 0.27, 0.52);
210.0800; (0.38, 0.27, 0.52);
210.0845; (0.38, 0.27, 0.52);
210.0845; (0.38, 0.27, 0.52);
210.0956; (0.38, 0.27, 0.52);
210.0956; (0.38, 0.27, 0.52);
210.1000; (0.38, 0.27, 0.52);
210.1067; (0.38, 0.27, 0.52);
210.1067; (0.38, 0.27, 0.52);
210.1177; (0.38, 0.27, 0.52);
210.1177; (0.38, 0.27, 0.52);
210.1200; (0.38, 0.27, 0.52);
210.1288; (0.38, 0.27, 0.52);
210.1288; (0.38, 0.26, 0.52);
210.1400; (0.38, 0.26, 0.52);
210.1403; (0.37, 0.26, 0.52);
210.1403; (0.37, 0.26, 0.52);
210.1513; (0.38, 0.26, 0.52);
210.1513; (0.38, 0.26, 0.52);
210.1600; (0.38, 0.26, 0.52);
210.1623; (0.38, 0.26, 0.52);
210.1623; (0.38, 0.26, 0.52);
210.1735; (0.38, 0.26, 0.52);
210.1735; (0.38, 0.26, 0.52);
210.1800; (0.38, 0.26, 0.52);
210.1849; (0.38, 0.26, 0.52);
210.1849; (0.38, 0.26, 0.52);
210.1959; (0.38, 0.26, 0.52);
210.1959; (0.38, 0.26, 0.52);
210.2000; (0.38, 0.26, 0.52);
210.2068; (0.38, 0.26, 0.52);
210.2068; (0.38, 0.26, 0.52);
210.2179; (0.38, 0.26, 0.52);
210.2179; (0.37, 0.26, 0.52);
210.2200; (0.37, 0.26, 0.52);
210.2292; (0.37, 0.26, 0.52);
210.2292; (0.37, 0.26, 0.52);
210.2400; (0.37, 0.26, 0.52);
210.2407; (0.37, 0.26, 0.52);
210.2407; (0.37, 0.26, 0.52);
210.2515; (0.37, 0.26, 0.52);
210.2515; (0.37, 0.26, 0.52);
210.2600; (0.37, 0.26, 0.52);
210.2627; (0.37, 0.26, 0.52);
210.2627; (0.37, 0.26, 0.52);
210.2739; (0.37, 0.26, 0.52);
210.2739; (0.37, 0.26, 0.52);
210.2800; (0.37, 0.26, 0.52);
210.2845; (0.37, 0.26, 0.52);
210.2845; (0.37, 0.26, 0.52);
210.2960; (0.37, 0.26, 0.52);
210.2960; (0.37, 0.26, 0.52);
210.3000; (0.37, 0.26, 0.52);
210.3066; (0.37, 0.26, 0.52);
210.3066; (0.37, 0.26, 0.52);
210.3176; (0.37, 0.26, 0.52);
210.3176; (0.37, 0.26, 0.52);
210.3200; (0.37, 0.26, 0.52);
210.3291; (0.37, 0.27, 0.52);
210.3291; (0.37, 0.27, 0.52);
210.3400; (0.37, 0.27, 0.52);
210.3401; (0.37, 0.27, 0.52);
210.3401; (0.37, 0.27, 0.52);
210.3513; (0.37, 0.27, 0.52);
210.3513; (0.37, 0.27, 0.52);
210.3600; (0.37, 0.27, 0.52);
210.3622; (0.37, 0.27, 0.52);
210.3622; (0.37, 0.27, 0.52);
210.3732; (0.37, 0.27, 0.52);
210.3732; (0.37, 0.27, 0.52);
210.3800; (0.37, 0.27, 0.52);
210.3844; (0.37, 0.27, 0.52);
210.3844; (0.38, 0.27, 0.52);
210.3961; (0.38, 0.27, 0.52);
210.3961; (0.38, 0.27, 0.52);
210.4000; (0.38, 0.27, 0.52);
210.4071; (0.37, 0.27, 0.52);
210.4071; (0.38, 0.27, 0.52);
210.4185; (0.38, 0.27, 0.52);
210.4185; (0.38, 0.27, 0.52);
210.4200; (0.38, 0.27, 0.52);
210.4297; (0.38, 0.27, 0.52);
210.4297; (0.38, 0.27, 0.52);
210.4400; (0.38, 0.27, 0.52);
210.4402; (0.38, 0.27, 0.52);
210.4402; (0.38, 0.27, 0.52);
210.4514; (0.38, 0.27, 0.52);
210.4514; (0.38, 0.27, 0.52);
210.4600; (0.38, 0.27, 0.52);
210.4625; (0.38, 0.27, 0.52);
210.4625; (0.38, 0.27, 0.52);
210.4732; (0.38, 0.27, 0.52);
210.4732; (0.38, 0.27, 0.52);
210.4800; (0.38, 0.27, 0.52);
210.4843; (0.38, 0.27, 0.52);
210.4843; (0.38, 0.27, 0.52);
210.4960; (0.38, 0.27, 0.52);
210.4960; (0.38, 0.27, 0.52);
210.5000; (0.38, 0.27, 0.52);
210.5067; (0.38, 0.27, 0.52);
210.5067; (0.38, 0.27, 0.52);
210.5175; (0.38, 0.27, 0.52);
210.5175; (0.38, 0.27, 0.53);
210.5200; (0.38, 0.27, 0.53);
210.5290; (0.38, 0.27, 0.53);
210.5290; (0.38, 0.27, 0.53);
210.5400; (0.38, 0.27, 0.53);
210.5401; (0.37, 0.27, 0.53);
210.5401; (0.37, 0.27, 0.53);
210.5516; (0.37, 0.27, 0.53);
210.5516; (0.37, 0.27, 0.53);
210.5600; (0.37, 0.27, 0.53);
210.5622; (0.37, 0.27, 0.53);
210.5622; (0.37, 0.27, 0.53);
210.5734; (0.37, 0.27, 0.53);
210.5734; (0.37, 0.27, 0.53);
210.5800; (0.37, 0.27, 0.53);
210.5844; (0.37, 0.27, 0.53);
210.5844; (0.37, 0.27, 0.53);
210.5953; (0.37, 0.27, 0.53);
210.5953; (0.37, 0.27, 0.53);
210.6000; (0.37, 0.27, 0.53);
210.6070; (0.37, 0.27, 0.53);
210.6070; (0.37, 0.27, 0.53);
210.6180; (0.37, 0.27, 0.53);
210.6180; (0.37, 0.27, 0.53);
210.6200; (0.37, 0.27, 0.53);
210.6293; (0.37, 0.27, 0.53);
210.6293; (0.37, 0.27, 0.53);
210.6400; (0.37, 0.27, 0.53);
210.6402; (0.37, 0.27, 0.53);
210.6402; (0.37, 0.27, 0.53);
210.6513; (0.37, 0.27, 0.53);
210.6513; (0.37, 0.27, 0.53);
210.6600; (0.37, 0.27, 0.53);
210.6622; (0.37, 0.27, 0.53);
210.6622; (0.37, 0.27, 0.53);
210.6732; (0.37, 0.27, 0.53);
210.6732; (0.37, 0.27, 0.53);
210.6800; (0.37, 0.27, 0.53);
210.6846; (0.37, 0.27, 0.53);
210.6846; (0.37, 0.27, 0.53);
210.6960; (0.37, 0.27, 0.53);
210.6960; (0.37, 0.26, 0.53);
210.7000; (0.37, 0.26, 0.53);
210.7069; (0.37, 0.26, 0.53);
210.7069; (0.37, 0.26, 0.53);
210.7180; (0.37, 0.26, 0.53);
210.7180; (0.37, 0.26, 0.53);
210.7200; (0.37, 0.26, 0.53);
210.7290; (0.37, 0.26, 0.53);
210.7290; (0.37, 0.26, 0.53);
210.7400; (0.37, 0.26, 0.53);
210.7401; (0.37, 0.26, 0.53);
210.7401; (0.37, 0.26, 0.53);
210.7514; (0.37, 0.26, 0.53);
210.7514; (0.37, 0.26, 0.53);
210.7600; (0.37, 0.26, 0.53);
210.7626; (0.37, 0.26, 0.53);
210.7626; (0.37, 0.26, 0.53);
210.7733; (0.37, 0.26, 0.53);
210.7733; (0.37, 0.26, 0.53);
210.7800; (0.37, 0.26, 0.53);
210.7846; (0.37, 0.27, 0.52);
210.7846; (0.37, 0.27, 0.52);
210.7956; (0.37, 0.27, 0.52);
210.7956; (0.37, 0.27, 0.52);
210.8000; (0.37, 0.27, 0.52);
210.8068; (0.37, 0.27, 0.52);
210.8068; (0.37, 0.27, 0.52);
210.8179; (0.37, 0.27, 0.52);
210.8179; (0.37, 0.27, 0.52);
210.8200; (0.37, 0.27, 0.52);
210.8292; (0.37, 0.27, 0.52);
210.8292; (0.37, 0.27, 0.52);
210.8400; (0.37, 0.27, 0.51);
210.8401; (0.37, 0.27, 0.51);
210.8401; (0.37, 0.27, 0.51);
210.8511; (0.37, 0.27, 0.52);
210.8511; (0.37, 0.27, 0.51);
210.8600; (0.37, 0.27, 0.51);
210.8625; (0.37, 0.27, 0.51);
210.8625; (0.37, 0.27, 0.51);
210.8733; (0.37, 0.27, 0.51);
210.8733; (0.37, 0.27, 0.51);
210.8800; (0.37, 0.27, 0.51);
210.8845; (0.37, 0.27, 0.51);
210.8845; (0.37, 0.27, 0.51);
210.8957; (0.37, 0.27, 0.51);
210.8957; (0.37, 0.27, 0.51);
210.9000; (0.37, 0.27, 0.51);
210.9068; (0.37, 0.27, 0.51);
210.9068; (0.37, 0.27, 0.51);
210.9180; (0.37, 0.27, 0.51);
210.9180; (0.37, 0.27, 0.51);
210.9200; (0.37, 0.27, 0.51);
210.9294; (0.37, 0.27, 0.51);
210.9294; (0.37, 0.27, 0.51);
210.9400; (0.37, 0.27, 0.51);
210.9404; (0.37, 0.27, 0.51);
210.9404; (0.37, 0.27, 0.51);
210.9513; (0.37, 0.27, 0.51);
210.9513; (0.37, 0.27, 0.51);
210.9600; (0.37, 0.27, 0.51);
210.9623; (0.37, 0.28, 0.51);
210.9623; (0.37, 0.28, 0.51);
210.9736; (0.37, 0.28, 0.50);
210.9736; (0.37, 0.28, 0.50);
210.9800; (0.37, 0.28, 0.50);
210.9844; (0.37, 0.28, 0.50);
210.9844; (0.37, 0.28, 0.50);
210.9954; (0.37, 0.29, 0.50);
210.9954; (0.37, 0.29, 0.50);
211.0000; (0.37, 0.29, 0.50);
211.0067; (0.37, 0.29, 0.50);
211.0067; (0.37, 0.29, 0.50);
211.0178; (0.37, 0.29, 0.50);
211.0178; (0.37, 0.29, 0.50);
211.0200; (0.37, 0.29, 0.50);
211.0289; (0.37, 0.29, 0.50);
211.0289; (0.37, 0.29, 0.50);
211.0400; (0.37, 0.29, 0.50);
211.0400; (0.37, 0.29, 0.49);
211.0400; (0.37, 0.29, 0.49);
211.0512; (0.37, 0.29, 0.49);
211.0512; (0.37, 0.29, 0.49);
211.0600; (0.37, 0.29, 0.49);
211.0624; (0.37, 0.29, 0.49);
211.0624; (0.37, 0.29, 0.49);
211.0732; (0.37, 0.29, 0.49);
211.0732; (0.37, 0.29, 0.49);
211.0800; (0.37, 0.29, 0.49);
211.0842; (0.37, 0.29, 0.49);
211.0842; (0.37, 0.29, 0.49);
211.0957; (0.37, 0.29, 0.49);
211.0957; (0.37, 0.29, 0.49);
211.1000; (0.37, 0.29, 0.49);
211.1069; (0.37, 0.29, 0.49);
211.1069; (0.37, 0.29, 0.49);
211.1179; (0.37, 0.29, 0.49);
211.1179; (0.37, 0.30, 0.48);
211.1200; (0.37, 0.30, 0.48);
211.1291; (0.37, 0.30, 0.49);
211.1291; (0.37, 0.30, 0.48);
211.1400; (0.37, 0.30, 0.48);
211.1402; (0.37, 0.30, 0.48);
211.1402; (0.37, 0.30, 0.48);
211.1512; (0.37, 0.30, 0.48);
211.1512; (0.37, 0.30, 0.48);
211.1600; (0.37, 0.30, 0.48);
211.1621; (0.37, 0.30, 0.48);
211.1621; (0.37, 0.30, 0.48);
211.1736; (0.37, 0.30, 0.48);
211.1736; (0.37, 0.30, 0.48);
211.1800; (0.37, 0.30, 0.48);
211.1847; (0.37, 0.30, 0.48);
211.1847; (0.37, 0.30, 0.48);
211.1957; (0.37, 0.30, 0.48);
211.1957; (0.37, 0.30, 0.48);
211.2000; (0.37, 0.30, 0.48);
211.2069; (0.37, 0.30, 0.48);
211.2069; (0.37, 0.30, 0.48);
211.2181; (0.37, 0.30, 0.48);
211.2181; (0.37, 0.30, 0.48);
211.2200; (0.37, 0.30, 0.48);
211.2290; (0.37, 0.30, 0.48);
211.2290; (0.37, 0.30, 0.48);
211.2400; (0.37, 0.30, 0.48);
211.2401; (0.36, 0.30, 0.48);
211.2401; (0.36, 0.30, 0.48);
211.2512; (0.36, 0.30, 0.48);
211.2512; (0.36, 0.30, 0.48);
211.2600; (0.36, 0.30, 0.48);
211.2622; (0.36, 0.30, 0.48);
211.2622; (0.36, 0.30, 0.48);
211.2738; (0.37, 0.30, 0.49);
211.2738; (0.37, 0.30, 0.49);
211.2800; (0.37, 0.30, 0.49);
211.2848; (0.37, 0.30, 0.49);
211.2848; (0.37, 0.30, 0.49);
211.2957; (0.37, 0.30, 0.49);
211.2957; (0.37, 0.30, 0.49);
211.3000; (0.37, 0.30, 0.49);
211.3068; (0.37, 0.30, 0.49);
211.3068; (0.36, 0.29, 0.49);
211.3179; (0.37, 0.30, 0.48);
211.3179; (0.37, 0.30, 0.48);
211.3200; (0.37, 0.30, 0.48);
211.3291; (0.37, 0.30, 0.48);
211.3291; (0.37, 0.30, 0.48);
211.3400; (0.37, 0.30, 0.48);
211.3403; (0.37, 0.30, 0.48);
211.3403; (0.37, 0.30, 0.48);
211.3514; (0.37, 0.29, 0.48);
211.3514; (0.37, 0.29, 0.48);
211.3600; (0.37, 0.29, 0.48);
211.3622; (0.37, 0.29, 0.48);
211.3622; (0.37, 0.29, 0.48);
211.3736; (0.37, 0.29, 0.48);
211.3736; (0.37, 0.29, 0.48);
211.3800; (0.37, 0.29, 0.48);
211.3845; (0.37, 0.29, 0.48);
211.3845; (0.37, 0.29, 0.48);
211.3955; (0.37, 0.29, 0.48);
211.3955; (0.37, 0.29, 0.48);
211.4000; (0.37, 0.29, 0.48);
211.4069; (0.37, 0.29, 0.48);
211.4069; (0.37, 0.29, 0.48);
211.4178; (0.37, 0.29, 0.48);
211.4178; (0.37, 0.30, 0.48);
211.4200; (0.37, 0.30, 0.48);
211.4290; (0.37, 0.30, 0.48);
211.4290; (0.37, 0.30, 0.48);
211.4400; (0.37, 0.30, 0.48);
211.4401; (0.37, 0.30, 0.48);
211.4401; (0.37, 0.30, 0.48);
211.4512; (0.37, 0.30, 0.48);
211.4512; (0.37, 0.30, 0.48);
211.4600; (0.37, 0.30, 0.48);
211.4620; (0.37, 0.30, 0.48);
211.4620; (0.37, 0.30, 0.48);
211.4736; (0.37, 0.30, 0.48);
211.4736; (0.37, 0.30, 0.48);
211.4800; (0.37, 0.30, 0.48);
211.4844; (0.37, 0.29, 0.48);
211.4844; (0.37, 0.29, 0.48);
211.4957; (0.37, 0.29, 0.48);
211.4957; (0.37, 0.30, 0.48);
211.5000; (0.37, 0.30, 0.48);
211.5068; (0.37, 0.29, 0.48);
211.5068; (0.37, 0.29, 0.48);
211.5177; (0.37, 0.29, 0.48);
211.5177; (0.37, 0.29, 0.48);
211.5200; (0.37, 0.29, 0.48);
211.5289; (0.37, 0.29, 0.48);
211.5289; (0.38, 0.29, 0.48);
211.5400; (0.38, 0.29, 0.48);
211.5403; (0.38, 0.29, 0.48);
211.5403; (0.38, 0.29, 0.48);
211.5512; (0.38, 0.30, 0.48);
211.5512; (0.38, 0.30, 0.48);
211.5600; (0.38, 0.30, 0.48);
211.5623; (0.38, 0.30, 0.48);
211.5623; (0.38, 0.30, 0.48);
211.5737; (0.38, 0.30, 0.48);
211.5737; (0.38, 0.30, 0.48);
211.5800; (0.38, 0.30, 0.48);
211.5842; (0.38, 0.30, 0.48);
211.5842; (0.38, 0.30, 0.48);
211.5958; (0.38, 0.30, 0.48);
211.5958; (0.38, 0.30, 0.48);
211.6000; (0.38, 0.30, 0.48);
211.6071; (0.38, 0.30, 0.48);
211.6071; (0.38, 0.30, 0.48);
211.6179; (0.38, 0.30, 0.48);
211.6179; (0.38, 0.30, 0.48);
211.6200; (0.38, 0.30, 0.48);
211.6286; (0.38, 0.30, 0.48);
211.6286; (0.38, 0.30, 0.48);
211.6400; (0.38, 0.30, 0.48);
211.6402; (0.38, 0.30, 0.48);
211.6402; (0.38, 0.30, 0.48);
211.6513; (0.38, 0.30, 0.48);
211.6513; (0.38, 0.30, 0.48);
211.6600; (0.38, 0.30, 0.48);
211.6618; (0.38, 0.30, 0.47);
211.6618; (0.38, 0.30, 0.47);
211.6733; (0.38, 0.30, 0.47);
211.6733; (0.38, 0.30, 0.47);
211.6800; (0.38, 0.30, 0.47);
211.6843; (0.38, 0.30, 0.48);
211.6843; (0.38, 0.30, 0.47);
211.6956; (0.38, 0.30, 0.48);
211.6956; (0.38, 0.30, 0.47);
211.7000; (0.38, 0.30, 0.47);
211.7067; (0.38, 0.30, 0.48);
211.7067; (0.38, 0.30, 0.48);
211.7178; (0.38, 0.30, 0.48);
211.7178; (0.38, 0.30, 0.48);
211.7200; (0.38, 0.30, 0.48);
211.7290; (0.38, 0.30, 0.47);
211.7290; (0.38, 0.30, 0.47);
211.7400; (0.38, 0.30, 0.48);
211.7401; (0.38, 0.30, 0.47);
211.7401; (0.38, 0.30, 0.47);
211.7509; (0.38, 0.30, 0.47);
211.7509; (0.38, 0.30, 0.47);
211.7600; (0.38, 0.30, 0.47);
211.7623; (0.38, 0.30, 0.47);
211.7623; (0.38, 0.30, 0.47);
211.7737; (0.38, 0.30, 0.48);
211.7737; (0.38, 0.30, 0.48);
211.7800; (0.38, 0.30, 0.48);
211.7845; (0.38, 0.30, 0.48);
211.7845; (0.38, 0.30, 0.48);
211.7956; (0.38, 0.30, 0.48);
211.7956; (0.38, 0.30, 0.48);
211.8000; (0.38, 0.30, 0.48);
211.8073; (0.38, 0.30, 0.48);
211.8073; (0.38, 0.30, 0.48);
211.8179; (0.38, 0.30, 0.48);
211.8179; (0.38, 0.30, 0.48);
211.8200; (0.38, 0.30, 0.48);
211.8291; (0.38, 0.30, 0.48);
211.8291; (0.38, 0.30, 0.48);
211.8400; (0.38, 0.30, 0.48);
211.8403; (0.38, 0.30, 0.48);
211.8403; (0.38, 0.30, 0.48);
211.8513; (0.38, 0.30, 0.48);
211.8513; (0.38, 0.30, 0.48);
211.8600; (0.38, 0.30, 0.48);
211.8629; (0.38, 0.30, 0.48);
211.8629; (0.38, 0.30, 0.48);
211.8741; (0.38, 0.30, 0.48);
211.8741; (0.38, 0.29, 0.48);
211.8800; (0.38, 0.29, 0.48);
211.8845; (0.38, 0.29, 0.48);
211.8845; (0.38, 0.29, 0.48);
211.8954; (0.38, 0.29, 0.48);
211.8954; (0.38, 0.29, 0.48);
211.9000; (0.38, 0.29, 0.48);
211.9069; (0.38, 0.29, 0.48);
211.9069; (0.38, 0.29, 0.48);
211.9180; (0.38, 0.29, 0.48);
211.9180; (0.38, 0.29, 0.48);
211.9200; (0.38, 0.29, 0.48);
211.9291; (0.38, 0.29, 0.48);
211.9291; (0.38, 0.29, 0.48);
211.9400; (0.38, 0.29, 0.48);
211.9407; (0.38, 0.29, 0.48);
211.9407; (0.38, 0.29, 0.48);
211.9510; (0.38, 0.29, 0.48);
211.9510; (0.38, 0.29, 0.48);
211.9600; (0.38, 0.29, 0.48);
211.9620; (0.38, 0.29, 0.48);
211.9620; (0.38, 0.29, 0.49);
211.9736; (0.38, 0.29, 0.48);
211.9736; (0.38, 0.29, 0.49);
211.9800; (0.38, 0.29, 0.49);
211.9846; (0.38, 0.29, 0.49);
211.9846; (0.38, 0.29, 0.49);
211.9957; (0.38, 0.29, 0.49);
211.9957; (0.38, 0.29, 0.49);
212.0000; (0.38, 0.29, 0.49);
212.0069; (0.38, 0.29, 0.49);
212.0069; (0.38, 0.29, 0.49);
212.0179; (0.38, 0.29, 0.49);
212.0179; (0.38, 0.29, 0.49);
212.0200; (0.38, 0.29, 0.49);
212.0290; (0.38, 0.29, 0.49);
212.0290; (0.38, 0.29, 0.49);
212.0400; (0.38, 0.29, 0.49);
212.0402; (0.38, 0.29, 0.49);
212.0402; (0.38, 0.29, 0.49);
212.0512; (0.38, 0.29, 0.49);
212.0512; (0.38, 0.29, 0.49);
212.0600; (0.38, 0.29, 0.49);
212.0622; (0.38, 0.29, 0.49);
212.0622; (0.38, 0.29, 0.49);
212.0736; (0.38, 0.29, 0.49);
212.0736; (0.38, 0.29, 0.49);
212.0800; (0.38, 0.29, 0.49);
212.0845; (0.38, 0.29, 0.49);
212.0845; (0.38, 0.29, 0.49);
212.0954; (0.38, 0.29, 0.49);
212.0954; (0.38, 0.29, 0.49);
212.1000; (0.38, 0.29, 0.49);
212.1067; (0.38, 0.29, 0.49);
212.1067; (0.38, 0.29, 0.49);
212.1175; (0.38, 0.29, 0.49);
212.1175; (0.38, 0.29, 0.49);
212.1200; (0.38, 0.29, 0.49);
212.1286; (0.38, 0.29, 0.49);
212.1286; (0.38, 0.29, 0.49);
212.1400; (0.38, 0.29, 0.49);
212.1405; (0.38, 0.29, 0.49);
212.1405; (0.38, 0.29, 0.49);
212.1509; (0.38, 0.29, 0.49);
212.1509; (0.38, 0.29, 0.49);
212.1600; (0.38, 0.29, 0.49);
212.1623; (0.38, 0.29, 0.49);
212.1623; (0.38, 0.29, 0.49);
212.1739; (0.38, 0.29, 0.49);
212.1739; (0.38, 0.29, 0.49);
212.1800; (0.38, 0.29, 0.49);
212.1851; (0.38, 0.29, 0.49);
212.1851; (0.38, 0.29, 0.49);
212.1960; (0.38, 0.29, 0.49);
212.1960; (0.37, 0.29, 0.49);
212.2000; (0.37, 0.29, 0.49);
212.2068; (0.38, 0.29, 0.49);
212.2068; (0.37, 0.29, 0.49);
212.2183; (0.38, 0.29, 0.49);
212.2183; (0.38, 0.29, 0.49);
212.2200; (0.38, 0.29, 0.49);
212.2292; (0.37, 0.29, 0.49);
212.2292; (0.37, 0.29, 0.49);
212.2400; (0.37, 0.29, 0.49);
212.2405; (0.37, 0.29, 0.49);
212.2405; (0.37, 0.29, 0.49);
212.2513; (0.37, 0.29, 0.49);
212.2513; (0.37, 0.29, 0.49);
212.2600; (0.37, 0.29, 0.49);
212.2623; (0.37, 0.29, 0.49);
212.2623; (0.37, 0.29, 0.49);
212.2738; (0.37, 0.29, 0.49);
212.2738; (0.37, 0.29, 0.49);
212.2800; (0.37, 0.29, 0.49);
212.2848; (0.37, 0.29, 0.50);
212.2848; (0.37, 0.29, 0.50);
212.2962; (0.37, 0.29, 0.50);
212.2962; (0.37, 0.29, 0.50);
212.3000; (0.37, 0.29, 0.50);
212.3069; (0.37, 0.29, 0.50);
212.3069; (0.37, 0.29, 0.50);
212.3179; (0.37, 0.29, 0.50);
212.3179; (0.37, 0.29, 0.50);
212.3200; (0.37, 0.29, 0.50);
212.3291; (0.37, 0.29, 0.50);
212.3291; (0.37, 0.29, 0.50);
212.3400; (0.37, 0.29, 0.50);
212.3403; (0.37, 0.29, 0.50);
212.3403; (0.37, 0.29, 0.50);
212.3512; (0.37, 0.29, 0.50);
212.3512; (0.37, 0.29, 0.50);
212.3600; (0.37, 0.29, 0.50);
212.3625; (0.37, 0.29, 0.50);
212.3625; (0.37, 0.29, 0.50);
212.3736; (0.37, 0.29, 0.50);
212.3736; (0.37, 0.29, 0.50);
212.3800; (0.37, 0.29, 0.50);
212.3846; (0.37, 0.29, 0.50);
212.3846; (0.37, 0.29, 0.50);
212.3957; (0.37, 0.29, 0.50);
212.3957; (0.37, 0.29, 0.50);
212.4000; (0.37, 0.29, 0.50);
212.4071; (0.37, 0.29, 0.50);
212.4071; (0.37, 0.29, 0.50);
212.4175; (0.37, 0.29, 0.50);
212.4175; (0.37, 0.29, 0.50);
212.4200; (0.37, 0.29, 0.50);
212.4294; (0.37, 0.29, 0.50);
212.4294; (0.37, 0.29, 0.50);
212.4400; (0.37, 0.29, 0.50);
212.4401; (0.37, 0.29, 0.50);
212.4401; (0.37, 0.29, 0.50);
212.4511; (0.37, 0.29, 0.50);
212.4511; (0.37, 0.29, 0.50);
212.4600; (0.37, 0.29, 0.50);
212.4623; (0.37, 0.29, 0.50);
212.4623; (0.36, 0.29, 0.50);
212.4734; (0.36, 0.29, 0.50);
212.4734; (0.36, 0.29, 0.50);
212.4800; (0.36, 0.29, 0.50);
212.4846; (0.36, 0.29, 0.50);
212.4846; (0.36, 0.29, 0.50);
212.4958; (0.36, 0.29, 0.50);
212.4958; (0.36, 0.29, 0.50);
212.5000; (0.36, 0.29, 0.50);
212.5071; (0.36, 0.29, 0.50);
212.5071; (0.36, 0.29, 0.50);
212.5182; (0.36, 0.29, 0.50);
212.5182; (0.36, 0.29, 0.50);
212.5200; (0.36, 0.29, 0.50);
212.5292; (0.36, 0.29, 0.50);
212.5292; (0.36, 0.29, 0.50);
212.5400; (0.36, 0.29, 0.50);
212.5404; (0.36, 0.29, 0.50);
212.5404; (0.36, 0.29, 0.50);
212.5514; (0.36, 0.29, 0.50);
212.5514; (0.36, 0.29, 0.50);
212.5600; (0.36, 0.29, 0.50);
212.5620; (0.36, 0.29, 0.50);
212.5620; (0.36, 0.29, 0.50);
212.5738; (0.36, 0.29, 0.50);
212.5738; (0.36, 0.29, 0.50);
212.5800; (0.36, 0.29, 0.50);
212.5847; (0.36, 0.29, 0.50);
212.5847; (0.36, 0.29, 0.50);
212.5953; (0.36, 0.29, 0.50);
212.5953; (0.36, 0.29, 0.50);
212.6000; (0.36, 0.29, 0.50);
212.6071; (0.36, 0.29, 0.50);
212.6071; (0.36, 0.29, 0.50);
212.6182; (0.36, 0.29, 0.50);
