Experiment: 7
Latency: 600
Source: (0.78, 0.01, 0.50)
SourceSize: 0.0750
Target: (0.22, 0.99, 0.50)
TargetSize: 0.0250

Trace:
time; position; button;
198.6400; (0.78, 0.00, 0.50);
198.6400; (0.78, 0.00, 0.50);
198.6515; (0.78, 0.00, 0.50);
198.6515; (0.78, 0.00, 0.50);
198.6600; (0.78, 0.00, 0.50);
198.6621; (0.78, 0.00, 0.50);
198.6621; (0.78, 0.00, 0.51);
198.6738; (0.78, 0.00, 0.51);
198.6738; (0.78, 0.00, 0.51);
198.6800; (0.78, 0.00, 0.51);
198.6845; (0.78, 0.00, 0.51);
198.6845; (0.78, 0.00, 0.51);
198.6958; (0.78, 0.00, 0.51);
198.6958; (0.78, 0.00, 0.51);
198.7000; (0.78, 0.00, 0.51);
198.7072; (0.78, 0.00, 0.51);
198.7072; (0.78, 0.00, 0.51);
198.7180; (0.78, 0.00, 0.51);
198.7180; (0.78, 0.00, 0.51);
198.7200; (0.78, 0.00, 0.51);
198.7292; (0.78, 0.00, 0.51);
198.7292; (0.78, 0.00, 0.51);
198.7400; (0.78, 0.00, 0.51);
198.7404; (0.79, 0.00, 0.51);
198.7404; (0.79, 0.00, 0.51);
198.7521; (0.79, 0.00, 0.51);
198.7521; (0.79, 0.00, 0.51);
198.7600; (0.79, 0.00, 0.51);
198.7623; (0.79, 0.00, 0.51);
198.7623; (0.79, 0.00, 0.51);
198.7736; (0.79, 0.01, 0.51);
198.7736; (0.79, 0.01, 0.51);
198.7800; (0.79, 0.01, 0.51);
198.7847; (0.78, 0.00, 0.52);
198.7847; (0.78, 0.00, 0.52);
198.7955; (0.78, 0.00, 0.52);
198.7955; (0.78, 0.00, 0.52);
198.8000; (0.78, 0.00, 0.52);
198.8069; (0.79, 0.00, 0.52);
198.8069; (0.79, 0.00, 0.52);
198.8180; (0.79, 0.00, 0.52);
198.8180; (0.79, 0.00, 0.52);
198.8200; (0.79, 0.00, 0.52);
198.8296; (0.79, 0.00, 0.52);
198.8296; (0.79, 0.00, 0.52);
198.8400; (0.79, 0.00, 0.52);
198.8405; (0.79, 0.00, 0.53);
198.8405; (0.79, 0.00, 0.53);
198.8514; (0.79, 0.00, 0.53);
198.8514; (0.79, 0.00, 0.53);
198.8600; (0.79, 0.00, 0.53);
198.8624; (0.79, 0.00, 0.53);
198.8624; (0.79, 0.00, 0.53);
198.8736; (0.79, 0.00, 0.53);
198.8736; (0.79, 0.00, 0.53);
198.8800; (0.79, 0.00, 0.53);
198.8846; (0.79, 0.00, 0.53);
198.8846; (0.79, 0.00, 0.53);
198.8955; (0.79, 0.00, 0.53);
198.8955; (0.79, 0.00, 0.53);
198.9000; (0.79, 0.00, 0.53);
198.9069; (0.79, 0.00, 0.54);
198.9069; (0.79, 0.00, 0.54);
198.9181; (0.79, 0.00, 0.54);
198.9181; (0.79, 0.00, 0.54);
198.9200; (0.79, 0.00, 0.54);
198.9290; (0.79, 0.00, 0.54);
198.9290; (0.79, 0.00, 0.54);
198.9400; (0.79, 0.00, 0.54);
198.9401; (0.79, 0.00, 0.54);
198.9401; (0.79, 0.00, 0.54);
198.9511; (0.79, 0.00, 0.54);
198.9511; (0.79, 0.00, 0.54);
198.9600; (0.79, 0.00, 0.54);
198.9622; (0.79, 0.00, 0.54);
198.9622; (0.79, 0.00, 0.54);
198.9736; (0.79, 0.00, 0.54);
198.9736; (0.79, -0.01, 0.55);
198.9800; (0.79, -0.01, 0.55);
198.9849; (0.79, -0.01, 0.55);
198.9849; (0.79, -0.01, 0.55);
198.9958; (0.79, -0.01, 0.55);
198.9958; (0.79, -0.01, 0.55);
199.0000; (0.79, -0.01, 0.55);
199.0068; (0.79, -0.01, 0.55);
199.0068; (0.80, -0.01, 0.55);
199.0179; (0.80, -0.01, 0.55);
199.0179; (0.80, -0.01, 0.55);
199.0200; (0.80, -0.01, 0.55);
199.0290; (0.80, -0.01, 0.55);
199.0290; (0.80, -0.01, 0.55);
199.0400; (0.79, -0.01, 0.55);
199.0403; (0.79, -0.01, 0.55);
199.0403; (0.79, -0.01, 0.55);
199.0514; (0.79, -0.01, 0.55);
199.0514; (0.79, -0.01, 0.55);
199.0600; (0.79, -0.01, 0.55);
199.0626; (0.79, -0.01, 0.55);
199.0626; (0.79, -0.01, 0.55);
199.0738; (0.80, -0.01, 0.56);
199.0738; (0.80, -0.01, 0.56);
199.0800; (0.80, -0.01, 0.56);
199.0843; (0.80, -0.01, 0.56);
199.0843; (0.80, -0.01, 0.56);
199.0956; (0.80, -0.01, 0.56);
199.0956; (0.80, -0.01, 0.56);
199.1000; (0.80, -0.01, 0.56);
199.1072; (0.80, -0.01, 0.56);
199.1072; (0.80, -0.01, 0.56);
199.1178; (0.80, -0.01, 0.56);
199.1178; (0.80, -0.01, 0.56);
199.1200; (0.80, -0.01, 0.56);
199.1287; (0.80, -0.01, 0.56);
199.1287; (0.80, -0.01, 0.56);
199.1400; (0.80, -0.01, 0.56);
199.1404; (0.80, -0.01, 0.56);
199.1404; (0.80, -0.01, 0.56);
199.1514; (0.80, -0.01, 0.56);
199.1514; (0.80, -0.01, 0.57);
199.1600; (0.80, -0.01, 0.57);
199.1620; (0.80, -0.01, 0.56);
199.1620; (0.80, -0.01, 0.57);
199.1738; (0.80, -0.01, 0.57);
199.1738; (0.80, -0.01, 0.57);
199.1800; (0.80, -0.01, 0.57);
199.1848; (0.80, -0.01, 0.57);
199.1848; (0.80, -0.01, 0.57);
199.1959; (0.80, -0.01, 0.57);
199.1959; (0.80, -0.01, 0.57);
199.2000; (0.80, -0.01, 0.57);
199.2070; (0.80, -0.01, 0.57);
199.2070; (0.80, -0.01, 0.57);
199.2180; (0.80, -0.01, 0.57);
199.2180; (0.80, -0.01, 0.57);
199.2200; (0.80, -0.01, 0.57);
199.2296; (0.80, -0.01, 0.57);
199.2296; (0.80, -0.01, 0.57);
199.2400; (0.80, -0.01, 0.57);
199.2405; (0.80, -0.01, 0.57);
199.2405; (0.80, -0.01, 0.57);
199.2515; (0.80, -0.01, 0.57);
199.2515; (0.80, -0.01, 0.57);
199.2600; (0.80, -0.01, 0.57);
199.2625; (0.80, -0.01, 0.57);
199.2625; (0.80, -0.01, 0.57);
199.2734; (0.80, -0.01, 0.57);
199.2734; (0.80, -0.01, 0.57);
199.2800; (0.80, -0.01, 0.57);
199.2845; (0.80, -0.01, 0.57);
199.2845; (0.80, -0.01, 0.57);
199.2958; (0.80, -0.01, 0.57);
199.2958; (0.80, -0.01, 0.56);
199.3000; (0.80, -0.01, 0.56);
199.3071; (0.80, -0.01, 0.56);
199.3071; (0.80, -0.01, 0.56);
199.3180; (0.80, -0.01, 0.56);
199.3180; (0.80, -0.01, 0.56);
199.3200; (0.80, -0.01, 0.56);
199.3288; (0.80, -0.01, 0.56);
199.3288; (0.80, 0.00, 0.56);
199.3400; (0.80, 0.00, 0.56);
199.3401; (0.80, 0.00, 0.56);
199.3401; (0.80, 0.00, 0.56);
199.3509; (0.80, 0.00, 0.56);
199.3509; (0.80, 0.00, 0.56);
199.3600; (0.80, 0.00, 0.56);
199.3620; (0.80, 0.00, 0.56);
199.3620; (0.80, 0.00, 0.56);
199.3735; (0.80, 0.00, 0.56);
199.3735; (0.80, 0.00, 0.56);
199.3800; (0.80, 0.00, 0.56);
199.3852; (0.80, 0.00, 0.56);
199.3852; (0.80, 0.00, 0.56);
199.3956; (0.80, 0.00, 0.56);
199.3956; (0.80, 0.00, 0.55);
199.4000; (0.80, 0.00, 0.55);
199.4069; (0.80, 0.00, 0.55);
199.4069; (0.80, 0.00, 0.55);
199.4179; (0.80, 0.00, 0.55);
199.4179; (0.80, 0.00, 0.55);
199.4200; (0.80, 0.00, 0.55);
199.4291; (0.80, 0.00, 0.55);
199.4291; (0.79, 0.00, 0.55);
199.4400; (0.80, 0.01, 0.55);
199.4401; (0.79, 0.01, 0.55);
199.4401; (0.79, 0.01, 0.55);
199.4511; (0.79, 0.01, 0.55);
199.4511; (0.79, 0.01, 0.55);
199.4600; (0.79, 0.01, 0.55);
199.4627; (0.79, 0.01, 0.55);
199.4627; (0.79, 0.01, 0.54);
199.4738; (0.79, 0.01, 0.54);
199.4738; (0.79, 0.01, 0.54);
199.4800; (0.79, 0.01, 0.54);
199.4846; (0.79, 0.01, 0.54);
199.4846; (0.78, 0.02, 0.54);
199.4954; (0.78, 0.02, 0.54);
199.4954; (0.78, 0.02, 0.54);
199.5000; (0.78, 0.02, 0.54);
199.5069; (0.78, 0.02, 0.54);
199.5069; (0.78, 0.02, 0.54);
199.5179; (0.78, 0.02, 0.54);
199.5179; (0.78, 0.02, 0.54);
199.5200; (0.78, 0.02, 0.54);
199.5289; (0.78, 0.03, 0.54);
199.5289; (0.77, 0.03, 0.54);
199.5400; (0.77, 0.03, 0.54);
199.5402; (0.77, 0.03, 0.54);
199.5402; (0.77, 0.03, 0.54);
199.5509; (0.77, 0.03, 0.54);
199.5509; (0.77, 0.03, 0.54);
199.5600; (0.77, 0.03, 0.54);
199.5624; (0.76, 0.03, 0.54);
199.5624; (0.76, 0.04, 0.54);
199.5736; (0.76, 0.04, 0.54);
199.5736; (0.76, 0.04, 0.54);
199.5800; (0.76, 0.04, 0.54);
199.5845; (0.76, 0.04, 0.54);
199.5845; (0.75, 0.05, 0.53);
199.5956; (0.75, 0.05, 0.53);
199.5956; (0.75, 0.05, 0.53);
199.6000; (0.75, 0.05, 0.53);
199.6066; (0.75, 0.05, 0.53);
199.6066; (0.74, 0.05, 0.53);
199.6180; (0.74, 0.05, 0.53);
199.6180; (0.74, 0.06, 0.53);
199.6200; (0.74, 0.06, 0.53);
199.6290; (0.74, 0.06, 0.52);
199.6290; (0.73, 0.07, 0.52);
199.6400; (0.73, 0.07, 0.52);
199.6404; (0.73, 0.07, 0.52);
199.6404; (0.73, 0.07, 0.52);
199.6513; (0.73, 0.08, 0.52);
199.6513; (0.73, 0.08, 0.52);
199.6600; (0.73, 0.08, 0.52);
199.6623; (0.73, 0.08, 0.52);
199.6623; (0.72, 0.09, 0.52);
199.6735; (0.72, 0.09, 0.51);
199.6735; (0.71, 0.10, 0.51);
199.6800; (0.71, 0.10, 0.51);
199.6845; (0.71, 0.10, 0.51);
199.6845; (0.71, 0.10, 0.51);
199.6955; (0.71, 0.11, 0.51);
199.6955; (0.70, 0.11, 0.51);
199.7000; (0.70, 0.11, 0.51);
199.7069; (0.70, 0.11, 0.51);
199.7069; (0.70, 0.12, 0.51);
199.7178; (0.70, 0.12, 0.51);
199.7178; (0.69, 0.13, 0.51);
199.7200; (0.69, 0.13, 0.51);
199.7290; (0.69, 0.13, 0.51);
199.7290; (0.69, 0.14, 0.51);
199.7400; (0.69, 0.14, 0.51);
199.7406; (0.69, 0.15, 0.51);
199.7406; (0.69, 0.15, 0.51);
199.7510; (0.69, 0.15, 0.51);
199.7510; (0.68, 0.15, 0.51);
199.7600; (0.68, 0.15, 0.51);
199.7624; (0.68, 0.16, 0.51);
199.7624; (0.68, 0.16, 0.51);
199.7736; (0.68, 0.16, 0.51);
199.7736; (0.68, 0.17, 0.51);
199.7800; (0.68, 0.17, 0.51);
199.7846; (0.68, 0.17, 0.51);
199.7846; (0.67, 0.18, 0.51);
199.7959; (0.67, 0.18, 0.51);
199.7959; (0.67, 0.19, 0.51);
199.8000; (0.67, 0.19, 0.51);
199.8071; (0.67, 0.19, 0.51);
199.8071; (0.67, 0.20, 0.51);
199.8185; (0.67, 0.20, 0.51);
199.8185; (0.66, 0.21, 0.51);
199.8200; (0.66, 0.21, 0.51);
199.8300; (0.66, 0.21, 0.51);
199.8300; (0.66, 0.22, 0.51);
199.8400; (0.66, 0.22, 0.51);
199.8426; (0.66, 0.23, 0.51);
199.8426; (0.66, 0.23, 0.51);
199.8525; (0.66, 0.23, 0.51);
199.8525; (0.66, 0.24, 0.51);
199.8600; (0.66, 0.24, 0.51);
199.8637; (0.66, 0.24, 0.51);
199.8637; (0.65, 0.25, 0.51);
199.8745; (0.65, 0.25, 0.51);
199.8745; (0.65, 0.26, 0.51);
199.8800; (0.65, 0.26, 0.51);
199.8851; (0.65, 0.26, 0.51);
199.8851; (0.65, 0.27, 0.51);
199.8964; (0.65, 0.27, 0.51);
199.8964; (0.65, 0.28, 0.51);
199.9000; (0.65, 0.28, 0.51);
199.9072; (0.65, 0.28, 0.51);
199.9072; (0.64, 0.29, 0.51);
199.9182; (0.64, 0.29, 0.51);
199.9182; (0.64, 0.30, 0.51);
199.9200; (0.64, 0.30, 0.51);
199.9294; (0.64, 0.30, 0.52);
199.9294; (0.64, 0.31, 0.51);
199.9400; (0.64, 0.31, 0.51);
199.9408; (0.64, 0.32, 0.51);
199.9408; (0.64, 0.32, 0.51);
199.9517; (0.64, 0.32, 0.51);
199.9517; (0.64, 0.33, 0.51);
199.9600; (0.64, 0.33, 0.51);
199.9626; (0.64, 0.33, 0.51);
199.9626; (0.63, 0.34, 0.51);
199.9737; (0.63, 0.34, 0.51);
199.9737; (0.63, 0.35, 0.51);
199.9800; (0.63, 0.35, 0.51);
199.9848; (0.63, 0.35, 0.51);
199.9848; (0.63, 0.36, 0.51);
199.9962; (0.63, 0.36, 0.51);
199.9962; (0.63, 0.37, 0.51);
200.0000; (0.63, 0.37, 0.51);
200.0073; (0.63, 0.37, 0.51);
200.0073; (0.63, 0.38, 0.50);
200.0183; (0.63, 0.38, 0.51);
200.0183; (0.63, 0.39, 0.50);
200.0200; (0.63, 0.39, 0.50);
200.0295; (0.63, 0.39, 0.51);
200.0295; (0.63, 0.40, 0.50);
200.0400; (0.63, 0.39, 0.50);
200.0402; (0.63, 0.40, 0.50);
200.0402; (0.63, 0.40, 0.50);
200.0518; (0.63, 0.40, 0.50);
200.0518; (0.63, 0.41, 0.50);
200.0600; (0.63, 0.41, 0.50);
200.0623; (0.63, 0.41, 0.50);
200.0623; (0.63, 0.42, 0.50);
200.0738; (0.63, 0.42, 0.50);
200.0738; (0.63, 0.42, 0.50);
200.0800; (0.63, 0.42, 0.50);
200.0846; (0.63, 0.42, 0.50);
200.0846; (0.63, 0.43, 0.50);
200.0956; (0.63, 0.43, 0.50);
200.0956; (0.62, 0.44, 0.49);
200.1000; (0.62, 0.44, 0.49);
200.1070; (0.62, 0.44, 0.49);
200.1070; (0.62, 0.44, 0.49);
200.1179; (0.62, 0.44, 0.49);
200.1179; (0.62, 0.45, 0.49);
200.1200; (0.62, 0.45, 0.49);
200.1296; (0.62, 0.45, 0.49);
200.1296; (0.62, 0.45, 0.49);
200.1400; (0.61, 0.45, 0.49);
200.1407; (0.61, 0.46, 0.48);
200.1407; (0.61, 0.46, 0.48);
200.1511; (0.61, 0.45, 0.49);
200.1511; (0.61, 0.46, 0.48);
200.1600; (0.61, 0.46, 0.48);
200.1624; (0.60, 0.46, 0.49);
200.1624; (0.60, 0.46, 0.48);
200.1738; (0.60, 0.46, 0.48);
200.1738; (0.59, 0.46, 0.48);
200.1800; (0.59, 0.46, 0.48);
200.1845; (0.59, 0.46, 0.48);
200.1845; (0.58, 0.46, 0.48);
200.1958; (0.58, 0.46, 0.48);
200.1958; (0.58, 0.47, 0.48);
200.2000; (0.58, 0.47, 0.48);
200.2074; (0.58, 0.47, 0.48);
200.2074; (0.57, 0.47, 0.48);
200.2182; (0.57, 0.47, 0.49);
200.2182; (0.56, 0.47, 0.49);
200.2200; (0.56, 0.47, 0.49);
200.2291; (0.56, 0.47, 0.49);
200.2291; (0.55, 0.48, 0.49);
200.2400; (0.55, 0.48, 0.49);
200.2403; (0.55, 0.48, 0.49);
200.2403; (0.55, 0.48, 0.49);
200.2512; (0.55, 0.48, 0.49);
200.2512; (0.54, 0.48, 0.49);
200.2600; (0.54, 0.48, 0.49);
200.2625; (0.54, 0.48, 0.49);
200.2625; (0.53, 0.49, 0.49);
200.2737; (0.53, 0.49, 0.49);
200.2737; (0.52, 0.49, 0.49);
200.2800; (0.52, 0.49, 0.49);
200.2852; (0.52, 0.49, 0.49);
200.2852; (0.52, 0.50, 0.50);
200.2956; (0.52, 0.50, 0.50);
200.2956; (0.51, 0.50, 0.50);
200.3000; (0.51, 0.50, 0.50);
200.3070; (0.51, 0.50, 0.50);
200.3070; (0.50, 0.51, 0.50);
200.3181; (0.50, 0.51, 0.50);
200.3181; (0.49, 0.51, 0.50);
200.3200; (0.49, 0.51, 0.50);
200.3291; (0.49, 0.51, 0.50);
200.3291; (0.48, 0.52, 0.50);
200.3400; (0.48, 0.52, 0.50);
200.3407; (0.48, 0.53, 0.51);
200.3407; (0.48, 0.53, 0.51);
200.3511; (0.47, 0.53, 0.51);
200.3511; (0.47, 0.53, 0.51);
200.3600; (0.47, 0.53, 0.51);
200.3626; (0.46, 0.53, 0.51);
200.3626; (0.46, 0.54, 0.51);
200.3739; (0.46, 0.54, 0.51);
200.3739; (0.45, 0.55, 0.51);
200.3800; (0.45, 0.55, 0.51);
200.3847; (0.45, 0.55, 0.51);
200.3847; (0.44, 0.55, 0.51);
200.3959; (0.44, 0.56, 0.51);
200.3959; (0.43, 0.56, 0.51);
200.4000; (0.43, 0.56, 0.51);
200.4072; (0.43, 0.57, 0.51);
200.4072; (0.42, 0.57, 0.51);
200.4182; (0.42, 0.57, 0.51);
200.4182; (0.41, 0.58, 0.51);
200.4200; (0.41, 0.58, 0.51);
200.4289; (0.41, 0.58, 0.51);
200.4289; (0.40, 0.59, 0.51);
200.4400; (0.40, 0.59, 0.51);
200.4406; (0.40, 0.60, 0.51);
200.4406; (0.40, 0.60, 0.51);
200.4512; (0.40, 0.60, 0.51);
200.4512; (0.39, 0.60, 0.51);
200.4600; (0.39, 0.60, 0.51);
200.4624; (0.39, 0.60, 0.51);
200.4624; (0.38, 0.61, 0.51);
200.4738; (0.38, 0.61, 0.51);
200.4738; (0.37, 0.62, 0.51);
200.4800; (0.37, 0.62, 0.51);
200.4845; (0.37, 0.62, 0.51);
200.4845; (0.37, 0.63, 0.51);
200.4959; (0.37, 0.63, 0.51);
200.4959; (0.36, 0.64, 0.51);
200.5000; (0.36, 0.64, 0.51);
200.5071; (0.36, 0.64, 0.51);
200.5071; (0.35, 0.65, 0.51);
200.5178; (0.35, 0.65, 0.51);
200.5178; (0.35, 0.66, 0.51);
200.5200; (0.35, 0.66, 0.51);
200.5288; (0.35, 0.66, 0.51);
200.5288; (0.34, 0.66, 0.51);
200.5400; (0.34, 0.66, 0.51);
200.5405; (0.33, 0.67, 0.51);
200.5405; (0.33, 0.67, 0.51);
200.5516; (0.33, 0.67, 0.51);
200.5516; (0.32, 0.68, 0.51);
200.5600; (0.32, 0.68, 0.51);
200.5625; (0.32, 0.68, 0.51);
200.5625; (0.31, 0.69, 0.51);
200.5740; (0.31, 0.69, 0.51);
200.5740; (0.31, 0.69, 0.51);
200.5800; (0.31, 0.69, 0.51);
200.5849; (0.31, 0.69, 0.51);
200.5849; (0.30, 0.70, 0.51);
200.5963; (0.30, 0.70, 0.51);
200.5963; (0.30, 0.71, 0.51);
200.6000; (0.30, 0.71, 0.51);
200.6071; (0.30, 0.71, 0.51);
200.6071; (0.29, 0.72, 0.51);
200.6180; (0.29, 0.72, 0.51);
200.6180; (0.29, 0.73, 0.51);
200.6200; (0.29, 0.73, 0.51);
200.6289; (0.29, 0.73, 0.51);
200.6289; (0.29, 0.74, 0.51);
200.6400; (0.29, 0.74, 0.51);
200.6407; (0.28, 0.75, 0.50);
200.6407; (0.28, 0.75, 0.50);
200.6516; (0.28, 0.75, 0.50);
200.6516; (0.28, 0.76, 0.50);
200.6600; (0.28, 0.76, 0.50);
200.6622; (0.28, 0.76, 0.50);
200.6622; (0.27, 0.76, 0.50);
200.6736; (0.27, 0.76, 0.50);
200.6736; (0.27, 0.77, 0.50);
200.6800; (0.27, 0.77, 0.50);
200.6849; (0.27, 0.77, 0.50);
200.6849; (0.26, 0.78, 0.50);
200.6953; (0.26, 0.78, 0.50);
200.6953; (0.26, 0.78, 0.50);
200.7000; (0.26, 0.78, 0.50);
200.7068; (0.26, 0.78, 0.50);
200.7068; (0.25, 0.79, 0.50);
200.7182; (0.26, 0.79, 0.50);
200.7182; (0.25, 0.79, 0.50);
200.7200; (0.25, 0.79, 0.50);
200.7292; (0.25, 0.79, 0.50);
200.7292; (0.25, 0.80, 0.50);
200.7400; (0.25, 0.80, 0.50);
200.7404; (0.25, 0.81, 0.50);
200.7404; (0.25, 0.81, 0.50);
200.7513; (0.25, 0.81, 0.50);
200.7513; (0.24, 0.81, 0.50);
200.7600; (0.24, 0.81, 0.50);
200.7623; (0.24, 0.81, 0.50);
200.7623; (0.24, 0.81, 0.50);
200.7738; (0.24, 0.81, 0.50);
200.7738; (0.24, 0.82, 0.50);
200.7800; (0.24, 0.82, 0.50);
200.7844; (0.24, 0.82, 0.50);
200.7844; (0.24, 0.82, 0.49);
200.7958; (0.24, 0.82, 0.49);
200.7958; (0.23, 0.82, 0.49);
200.8000; (0.23, 0.82, 0.49);
200.8068; (0.23, 0.82, 0.49);
200.8068; (0.23, 0.82, 0.49);
200.8183; (0.23, 0.82, 0.49);
200.8183; (0.22, 0.82, 0.49);
200.8200; (0.22, 0.82, 0.49);
200.8291; (0.22, 0.83, 0.48);
200.8291; (0.22, 0.83, 0.48);
200.8400; (0.22, 0.83, 0.48);
200.8402; (0.22, 0.83, 0.48);
200.8402; (0.22, 0.83, 0.48);
200.8511; (0.22, 0.83, 0.48);
200.8511; (0.22, 0.83, 0.48);
200.8600; (0.22, 0.83, 0.48);
200.8623; (0.22, 0.83, 0.48);
200.8623; (0.22, 0.83, 0.47);
200.8736; (0.22, 0.83, 0.48);
200.8736; (0.21, 0.83, 0.47);
200.8800; (0.21, 0.83, 0.47);
200.8848; (0.21, 0.83, 0.47);
200.8848; (0.21, 0.83, 0.47);
200.8959; (0.21, 0.83, 0.47);
200.8959; (0.21, 0.83, 0.47);
200.9000; (0.21, 0.83, 0.47);
200.9071; (0.21, 0.83, 0.47);
200.9071; (0.21, 0.83, 0.47);
200.9181; (0.21, 0.83, 0.47);
200.9181; (0.21, 0.83, 0.47);
200.9200; (0.21, 0.83, 0.47);
200.9292; (0.21, 0.83, 0.47);
200.9292; (0.20, 0.83, 0.46);
200.9400; (0.20, 0.83, 0.47);
200.9403; (0.20, 0.84, 0.46);
200.9403; (0.20, 0.84, 0.46);
200.9514; (0.20, 0.84, 0.46);
200.9514; (0.20, 0.84, 0.46);
200.9600; (0.20, 0.84, 0.46);
200.9622; (0.20, 0.84, 0.46);
200.9622; (0.20, 0.84, 0.46);
200.9736; (0.20, 0.84, 0.46);
200.9736; (0.20, 0.84, 0.46);
200.9800; (0.20, 0.84, 0.46);
200.9847; (0.20, 0.85, 0.46);
200.9847; (0.20, 0.85, 0.46);
200.9958; (0.20, 0.85, 0.46);
200.9958; (0.20, 0.85, 0.46);
201.0000; (0.20, 0.85, 0.46);
201.0071; (0.21, 0.85, 0.47);
201.0071; (0.21, 0.85, 0.47);
201.0176; (0.20, 0.85, 0.47);
201.0176; (0.21, 0.85, 0.47);
201.0200; (0.21, 0.85, 0.47);
201.0294; (0.20, 0.85, 0.47);
201.0294; (0.20, 0.85, 0.47);
201.0400; (0.20, 0.85, 0.47);
201.0402; (0.20, 0.85, 0.47);
201.0402; (0.20, 0.85, 0.47);
201.0512; (0.20, 0.85, 0.47);
201.0512; (0.20, 0.85, 0.47);
201.0600; (0.20, 0.85, 0.47);
201.0623; (0.20, 0.85, 0.47);
201.0623; (0.20, 0.86, 0.47);
201.0738; (0.20, 0.86, 0.47);
201.0738; (0.20, 0.86, 0.47);
201.0800; (0.20, 0.86, 0.47);
201.0845; (0.20, 0.86, 0.47);
201.0845; (0.20, 0.86, 0.47);
201.0955; (0.20, 0.86, 0.47);
201.0955; (0.20, 0.86, 0.47);
201.1000; (0.20, 0.86, 0.47);
201.1068; (0.20, 0.86, 0.47);
201.1068; (0.19, 0.86, 0.47);
201.1176; (0.19, 0.86, 0.47);
201.1176; (0.19, 0.86, 0.47);
201.1200; (0.19, 0.86, 0.47);
201.1289; (0.19, 0.86, 0.47);
201.1289; (0.19, 0.87, 0.47);
201.1400; (0.19, 0.87, 0.47);
201.1404; (0.19, 0.87, 0.47);
201.1404; (0.19, 0.87, 0.47);
201.1514; (0.19, 0.87, 0.47);
201.1514; (0.19, 0.87, 0.47);
201.1600; (0.19, 0.87, 0.47);
201.1623; (0.19, 0.87, 0.47);
201.1623; (0.19, 0.87, 0.47);
201.1739; (0.19, 0.87, 0.47);
201.1739; (0.19, 0.87, 0.47);
201.1800; (0.19, 0.87, 0.47);
201.1851; (0.19, 0.87, 0.47);
201.1851; (0.19, 0.87, 0.47);
201.1954; (0.18, 0.87, 0.47);
201.1954; (0.18, 0.87, 0.47);
201.2000; (0.18, 0.87, 0.47);
201.2070; (0.18, 0.87, 0.47);
201.2070; (0.18, 0.87, 0.47);
201.2177; (0.18, 0.87, 0.47);
201.2177; (0.18, 0.88, 0.47);
201.2200; (0.18, 0.88, 0.47);
201.2293; (0.18, 0.88, 0.47);
201.2293; (0.18, 0.88, 0.47);
201.2400; (0.18, 0.88, 0.47);
201.2406; (0.18, 0.88, 0.47);
201.2406; (0.18, 0.88, 0.47);
201.2512; (0.18, 0.88, 0.47);
201.2512; (0.18, 0.88, 0.47);
201.2600; (0.18, 0.88, 0.47);
201.2624; (0.18, 0.88, 0.47);
201.2624; (0.18, 0.89, 0.47);
201.2736; (0.18, 0.89, 0.47);
201.2736; (0.18, 0.89, 0.47);
201.2800; (0.18, 0.89, 0.47);
201.2845; (0.18, 0.89, 0.47);
201.2845; (0.18, 0.89, 0.47);
201.2956; (0.18, 0.89, 0.47);
201.2956; (0.18, 0.89, 0.47);
201.3000; (0.18, 0.89, 0.47);
201.3067; (0.18, 0.89, 0.47);
201.3067; (0.18, 0.89, 0.47);
201.3178; (0.18, 0.89, 0.47);
201.3178; (0.18, 0.90, 0.47);
201.3200; (0.18, 0.90, 0.47);
201.3288; (0.18, 0.90, 0.47);
201.3288; (0.18, 0.90, 0.47);
201.3400; (0.18, 0.90, 0.47);
201.3401; (0.18, 0.90, 0.47);
201.3401; (0.18, 0.90, 0.47);
201.3513; (0.18, 0.90, 0.47);
201.3513; (0.18, 0.90, 0.47);
201.3600; (0.18, 0.90, 0.47);
201.3621; (0.18, 0.90, 0.47);
201.3621; (0.18, 0.91, 0.47);
201.3734; (0.18, 0.91, 0.47);
201.3734; (0.18, 0.91, 0.47);
201.3800; (0.18, 0.91, 0.47);
201.3850; (0.18, 0.91, 0.47);
201.3850; (0.18, 0.91, 0.47);
201.3958; (0.18, 0.91, 0.47);
201.3958; (0.18, 0.91, 0.47);
201.4000; (0.18, 0.91, 0.47);
201.4069; (0.17, 0.91, 0.46);
201.4069; (0.17, 0.91, 0.46);
201.4180; (0.17, 0.91, 0.46);
201.4180; (0.17, 0.91, 0.46);
201.4200; (0.17, 0.91, 0.46);
201.4290; (0.18, 0.91, 0.46);
201.4290; (0.18, 0.91, 0.46);
201.4400; (0.18, 0.92, 0.46);
201.4402; (0.18, 0.92, 0.46);
201.4402; (0.18, 0.92, 0.46);
201.4513; (0.18, 0.92, 0.46);
201.4513; (0.18, 0.92, 0.46);
201.4600; (0.18, 0.92, 0.46);
201.4622; (0.18, 0.92, 0.46);
201.4622; (0.18, 0.92, 0.46);
201.4736; (0.18, 0.92, 0.46);
201.4736; (0.18, 0.92, 0.46);
201.4800; (0.18, 0.92, 0.46);
201.4844; (0.18, 0.92, 0.46);
201.4844; (0.18, 0.92, 0.46);
201.4956; (0.17, 0.92, 0.46);
201.4956; (0.17, 0.92, 0.46);
201.5000; (0.17, 0.92, 0.46);
201.5070; (0.17, 0.92, 0.46);
201.5070; (0.17, 0.92, 0.46);
201.5177; (0.17, 0.92, 0.46);
201.5177; (0.17, 0.92, 0.46);
201.5200; (0.17, 0.92, 0.46);
201.5287; (0.17, 0.92, 0.46);
201.5287; (0.17, 0.92, 0.46);
201.5400; (0.17, 0.92, 0.46);
201.5401; (0.17, 0.92, 0.46);
201.5401; (0.17, 0.92, 0.46);
201.5513; (0.17, 0.92, 0.46);
201.5513; (0.18, 0.92, 0.46);
201.5600; (0.18, 0.92, 0.46);
201.5625; (0.18, 0.92, 0.47);
201.5625; (0.18, 0.93, 0.47);
201.5738; (0.17, 0.93, 0.47);
201.5738; (0.17, 0.93, 0.47);
201.5800; (0.17, 0.93, 0.47);
201.5847; (0.17, 0.93, 0.47);
201.5847; (0.17, 0.93, 0.47);
201.5953; (0.17, 0.93, 0.47);
201.5953; (0.17, 0.93, 0.47);
201.6000; (0.17, 0.93, 0.47);
201.6067; (0.17, 0.93, 0.47);
201.6067; (0.17, 0.93, 0.47);
201.6175; (0.17, 0.93, 0.47);
201.6175; (0.17, 0.93, 0.47);
201.6200; (0.17, 0.93, 0.47);
201.6288; (0.17, 0.93, 0.47);
201.6288; (0.17, 0.93, 0.47);
201.6400; (0.17, 0.93, 0.47);
201.6402; (0.17, 0.94, 0.48);
201.6402; (0.17, 0.94, 0.48);
201.6511; (0.17, 0.94, 0.48);
201.6511; (0.17, 0.94, 0.48);
201.6600; (0.17, 0.94, 0.48);
201.6622; (0.17, 0.94, 0.48);
201.6622; (0.17, 0.94, 0.48);
201.6734; (0.17, 0.94, 0.48);
201.6734; (0.17, 0.94, 0.48);
201.6800; (0.17, 0.94, 0.48);
201.6846; (0.17, 0.94, 0.48);
201.6846; (0.17, 0.94, 0.48);
201.6955; (0.17, 0.94, 0.48);
201.6955; (0.17, 0.94, 0.48);
201.7000; (0.17, 0.94, 0.48);
201.7067; (0.17, 0.94, 0.48);
201.7067; (0.17, 0.94, 0.49);
201.7176; (0.17, 0.94, 0.49);
201.7176; (0.17, 0.94, 0.49);
201.7200; (0.17, 0.94, 0.49);
201.7289; (0.17, 0.94, 0.49);
201.7289; (0.17, 0.95, 0.49);
201.7400; (0.17, 0.94, 0.49);
201.7406; (0.17, 0.95, 0.49);
201.7406; (0.17, 0.95, 0.49);
201.7512; (0.17, 0.95, 0.49);
201.7512; (0.17, 0.95, 0.49);
201.7600; (0.17, 0.95, 0.49);
201.7622; (0.17, 0.95, 0.49);
201.7622; (0.17, 0.95, 0.49);
201.7734; (0.17, 0.95, 0.49);
201.7734; (0.17, 0.95, 0.50);
201.7800; (0.17, 0.95, 0.50);
201.7841; (0.17, 0.95, 0.50);
201.7841; (0.17, 0.95, 0.50);
201.7959; (0.17, 0.95, 0.50);
201.7959; (0.17, 0.96, 0.50);
201.8000; (0.17, 0.96, 0.50);
201.8073; (0.17, 0.96, 0.50);
201.8073; (0.17, 0.96, 0.50);
201.8180; (0.17, 0.96, 0.50);
201.8180; (0.17, 0.96, 0.50);
201.8200; (0.17, 0.96, 0.50);
201.8289; (0.17, 0.96, 0.50);
201.8289; (0.17, 0.96, 0.50);
201.8400; (0.17, 0.96, 0.50);
201.8407; (0.17, 0.96, 0.50);
201.8407; (0.17, 0.96, 0.50);
201.8515; (0.17, 0.96, 0.50);
201.8515; (0.18, 0.97, 0.50);
201.8600; (0.18, 0.97, 0.50);
201.8622; (0.18, 0.97, 0.50);
201.8622; (0.18, 0.97, 0.50);
201.8736; (0.18, 0.97, 0.50);
201.8736; (0.18, 0.97, 0.50);
201.8800; (0.18, 0.97, 0.50);
201.8844; (0.18, 0.97, 0.50);
201.8844; (0.18, 0.97, 0.50);
201.8956; (0.18, 0.97, 0.50);
201.8956; (0.18, 0.98, 0.50);
201.9000; (0.18, 0.98, 0.50);
201.9068; (0.18, 0.98, 0.50);
201.9068; (0.18, 0.98, 0.51);
201.9178; (0.18, 0.98, 0.51);
201.9178; (0.18, 0.98, 0.51);
201.9200; (0.18, 0.98, 0.51);
201.9292; (0.18, 0.98, 0.51);
201.9292; (0.18, 0.98, 0.51);
201.9400; (0.18, 0.98, 0.51);
201.9407; (0.18, 0.98, 0.51);
201.9407; (0.18, 0.98, 0.51);
201.9515; (0.18, 0.98, 0.51);
201.9515; (0.18, 0.98, 0.51);
201.9600; (0.18, 0.98, 0.51);
201.9623; (0.18, 0.98, 0.51);
201.9623; (0.18, 0.98, 0.51);
201.9734; (0.18, 0.98, 0.51);
201.9734; (0.18, 0.98, 0.51);
201.9800; (0.18, 0.98, 0.51);
201.9848; (0.18, 0.98, 0.51);
201.9848; (0.19, 0.99, 0.51);
201.9955; (0.19, 0.99, 0.51);
201.9955; (0.19, 0.99, 0.51);
202.0000; (0.19, 0.99, 0.51);
202.0072; (0.19, 0.99, 0.51);
202.0072; (0.19, 0.99, 0.51);
202.0180; (0.19, 0.99, 0.51);
202.0180; (0.19, 0.99, 0.51);
202.0200; (0.19, 0.99, 0.51);
202.0289; (0.19, 0.99, 0.51);
202.0289; (0.19, 0.99, 0.51);
202.0400; (0.19, 0.99, 0.51);
202.0403; (0.19, 0.99, 0.51);
202.0403; (0.19, 0.99, 0.51);
202.0512; (0.19, 0.99, 0.51);
202.0512; (0.19, 0.99, 0.51);
202.0600; (0.19, 0.99, 0.51);
202.0622; (0.19, 0.99, 0.51);
202.0622; (0.19, 1.00, 0.51);
202.0738; (0.19, 1.00, 0.51);
202.0738; (0.19, 1.00, 0.51);
202.0800; (0.19, 1.00, 0.51);
202.0843; (0.19, 1.00, 0.51);
202.0843; (0.20, 1.00, 0.51);
202.0959; (0.19, 1.00, 0.51);
202.0959; (0.20, 1.00, 0.51);
202.1000; (0.20, 1.00, 0.51);
202.1072; (0.20, 1.00, 0.51);
202.1072; (0.20, 1.00, 0.51);
202.1175; (0.20, 1.00, 0.51);
202.1175; (0.20, 1.00, 0.51);
202.1200; (0.20, 1.00, 0.51);
202.1287; (0.20, 1.00, 0.51);
202.1287; (0.20, 1.00, 0.51);
202.1400; (0.20, 1.00, 0.51);
202.1405; (0.20, 1.00, 0.51);
202.1405; (0.20, 1.00, 0.51);
202.1511; (0.20, 1.00, 0.51);
202.1511; (0.20, 1.00, 0.51);
202.1600; (0.20, 1.00, 0.51);
202.1624; (0.20, 1.00, 0.51);
202.1624; (0.20, 1.00, 0.51);
202.1738; (0.20, 1.01, 0.51);
202.1738; (0.20, 1.01, 0.51);
202.1800; (0.20, 1.01, 0.51);
202.1847; (0.20, 1.01, 0.51);
202.1847; (0.20, 1.01, 0.51);
202.1955; (0.20, 1.01, 0.51);
202.1955; (0.20, 1.01, 0.51);
202.2000; (0.20, 1.01, 0.51);
202.2070; (0.20, 1.01, 0.51);
202.2070; (0.20, 1.01, 0.51);
202.2180; (0.20, 1.01, 0.51);
202.2180; (0.20, 1.01, 0.51);
202.2200; (0.20, 1.01, 0.51);
202.2289; (0.20, 1.01, 0.51);
202.2289; (0.20, 1.01, 0.51);
202.2400; (0.20, 1.01, 0.51);
202.2401; (0.20, 1.01, 0.51);
202.2401; (0.20, 1.01, 0.51);
202.2510; (0.20, 1.01, 0.51);
202.2510; (0.20, 1.01, 0.51);
202.2600; (0.20, 1.01, 0.51);
202.2626; (0.20, 1.01, 0.51);
202.2626; (0.20, 1.01, 0.51);
202.2736; (0.20, 1.01, 0.51);
202.2736; (0.20, 1.02, 0.51);
202.2800; (0.20, 1.02, 0.51);
202.2844; (0.20, 1.02, 0.51);
202.2844; (0.20, 1.02, 0.51);
202.2959; (0.21, 1.02, 0.51);
202.2959; (0.21, 1.02, 0.51);
202.3000; (0.21, 1.02, 0.51);
202.3070; (0.21, 1.02, 0.51);
202.3070; (0.21, 1.02, 0.51);
202.3177; (0.21, 1.02, 0.51);
202.3177; (0.21, 1.02, 0.51);
202.3200; (0.21, 1.02, 0.51);
202.3291; (0.21, 1.02, 0.51);
202.3291; (0.21, 1.02, 0.51);
202.3400; (0.21, 1.02, 0.51);
202.3406; (0.21, 1.02, 0.52);
202.3406; (0.21, 1.02, 0.52);
202.3512; (0.21, 1.02, 0.52);
202.3512; (0.21, 1.02, 0.52);
202.3600; (0.21, 1.02, 0.52);
202.3624; (0.21, 1.02, 0.52);
202.3624; (0.21, 1.02, 0.52);
202.3734; (0.21, 1.02, 0.52);
202.3734; (0.21, 1.02, 0.52);
202.3800; (0.21, 1.02, 0.52);
202.3845; (0.21, 1.02, 0.52);
202.3845; (0.21, 1.03, 0.52);
202.3956; (0.21, 1.03, 0.52);
202.3956; (0.21, 1.03, 0.52);
202.4000; (0.21, 1.03, 0.52);
202.4068; (0.21, 1.03, 0.52);
202.4068; (0.22, 1.03, 0.52);
202.4181; (0.22, 1.03, 0.52);
202.4181; (0.22, 1.03, 0.52);
202.4200; (0.22, 1.03, 0.52);
202.4292; (0.22, 1.03, 0.51);
202.4292; (0.22, 1.03, 0.51);
202.4400; (0.22, 1.03, 0.51);
202.4404; (0.22, 1.03, 0.51);
202.4404; (0.22, 1.03, 0.51);
202.4513; (0.22, 1.03, 0.51);
202.4513; (0.22, 1.03, 0.51);
202.4600; (0.22, 1.03, 0.51);
202.4623; (0.22, 1.03, 0.51);
202.4623; (0.22, 1.03, 0.51);
202.4735; (0.22, 1.03, 0.51);
202.4735; (0.22, 1.03, 0.51);
202.4800; (0.22, 1.03, 0.51);
202.4844; (0.22, 1.03, 0.51);
202.4844; (0.22, 1.03, 0.51);
202.4958; (0.22, 1.03, 0.51);
202.4958; (0.22, 1.03, 0.51);
202.5000; (0.22, 1.03, 0.51);
202.5069; (0.22, 1.03, 0.51);
202.5069; (0.23, 1.03, 0.51);
202.5175; (0.23, 1.03, 0.51);
202.5175; (0.23, 1.03, 0.51);
202.5200; (0.23, 1.03, 0.51);
202.5289; (0.23, 1.03, 0.51);
202.5289; (0.23, 1.03, 0.51);
202.5400; (0.23, 1.03, 0.51);
202.5403; (0.23, 1.03, 0.51);
202.5403; (0.23, 1.03, 0.51);
202.5510; (0.23, 1.03, 0.52);
202.5510; (0.23, 1.03, 0.52);
202.5600; (0.23, 1.03, 0.52);
202.5622; (0.23, 1.03, 0.52);
202.5622; (0.23, 1.03, 0.52);
202.5736; (0.23, 1.03, 0.52);
202.5736; (0.23, 1.03, 0.52);
202.5800; (0.23, 1.03, 0.52);
202.5845; (0.23, 1.03, 0.52);
202.5845; (0.23, 1.03, 0.52);
202.5958; (0.23, 1.03, 0.52);
202.5958; (0.23, 1.03, 0.52);
202.6000; (0.23, 1.03, 0.52);
202.6073; (0.23, 1.03, 0.52);
202.6073; (0.23, 1.03, 0.52);
202.6180; (0.23, 1.03, 0.52);
202.6180; (0.23, 1.03, 0.52);
202.6200; (0.23, 1.03, 0.52);
202.6291; (0.23, 1.03, 0.52);
202.6291; (0.23, 1.03, 0.52);
202.6400; (0.23, 1.03, 0.52);
202.6401; (0.23, 1.03, 0.52);
202.6401; (0.23, 1.03, 0.52);
202.6512; (0.23, 1.03, 0.52);
202.6512; (0.23, 1.03, 0.52);
202.6600; (0.23, 1.03, 0.52);
202.6621; (0.23, 1.03, 0.52);
202.6621; (0.23, 1.03, 0.52);
202.6737; (0.23, 1.03, 0.52);
202.6737; (0.23, 1.03, 0.52);
202.6800; (0.23, 1.03, 0.52);
202.6845; (0.23, 1.03, 0.52);
202.6845; (0.23, 1.03, 0.52);
202.6955; (0.23, 1.03, 0.52);
202.6955; (0.23, 1.03, 0.52);
202.7000; (0.23, 1.03, 0.52);
202.7069; (0.23, 1.03, 0.52);
202.7069; (0.23, 1.03, 0.52);
202.7179; (0.23, 1.03, 0.52);
202.7179; (0.23, 1.03, 0.52);
202.7200; (0.23, 1.03, 0.52);
202.7291; (0.23, 1.03, 0.52);
202.7291; (0.23, 1.03, 0.52);
202.7400; (0.23, 1.03, 0.52);
202.7406; (0.23, 1.03, 0.52);
202.7406; (0.23, 1.03, 0.52);
202.7512; (0.23, 1.03, 0.52);
202.7512; (0.23, 1.03, 0.52);
202.7600; (0.23, 1.03, 0.52);
202.7624; (0.23, 1.03, 0.52);
202.7624; (0.23, 1.03, 0.52);
202.7735; (0.23, 1.03, 0.52);
202.7735; (0.23, 1.03, 0.52);
202.7800; (0.23, 1.03, 0.52);
202.7844; (0.23, 1.03, 0.52);
202.7844; (0.23, 1.03, 0.52);
202.7955; (0.23, 1.03, 0.52);
202.7955; (0.23, 1.03, 0.52);
202.8000; (0.23, 1.03, 0.52);
202.8069; (0.23, 1.03, 0.52);
202.8069; (0.23, 1.03, 0.52);
202.8177; (0.23, 1.03, 0.52);
202.8177; (0.23, 1.03, 0.52);
202.8200; (0.23, 1.03, 0.52);
202.8289; (0.23, 1.02, 0.52);
202.8289; (0.23, 1.02, 0.52);
202.8400; (0.23, 1.02, 0.52);
202.8400; (0.23, 1.02, 0.52);
202.8400; (0.23, 1.02, 0.52);
202.8511; (0.23, 1.02, 0.52);
202.8511; (0.23, 1.02, 0.52);
202.8600; (0.23, 1.02, 0.52);
202.8622; (0.23, 1.02, 0.52);
202.8622; (0.23, 1.02, 0.52);
202.8736; (0.23, 1.02, 0.52);
202.8736; (0.23, 1.02, 0.52);
202.8800; (0.23, 1.02, 0.52);
202.8844; (0.23, 1.02, 0.52);
202.8844; (0.23, 1.02, 0.52);
202.8957; (0.23, 1.02, 0.52);
202.8957; (0.23, 1.02, 0.51);
202.9000; (0.23, 1.02, 0.51);
202.9071; (0.23, 1.02, 0.51);
202.9071; (0.23, 1.02, 0.51);
202.9181; (0.23, 1.02, 0.51);
202.9181; (0.23, 1.02, 0.51);
202.9200; (0.23, 1.02, 0.51);
202.9292; (0.23, 1.02, 0.51);
202.9292; (0.23, 1.02, 0.51);
202.9400; (0.23, 1.02, 0.51);
202.9403; (0.23, 1.02, 0.51);
202.9403; (0.23, 1.02, 0.51);
202.9511; (0.23, 1.02, 0.51);
202.9511; (0.23, 1.02, 0.51);
202.9600; (0.23, 1.02, 0.51);
202.9623; (0.23, 1.02, 0.51);
202.9623; (0.23, 1.02, 0.51);
202.9736; (0.23, 1.02, 0.51);
202.9736; (0.23, 1.02, 0.51);
202.9800; (0.23, 1.02, 0.51);
202.9847; (0.23, 1.02, 0.51);
202.9847; (0.23, 1.02, 0.51);
202.9957; (0.23, 1.02, 0.51);
202.9957; (0.23, 1.02, 0.51);
203.0000; (0.23, 1.02, 0.51);
203.0070; (0.23, 1.02, 0.51);
203.0070; (0.23, 1.01, 0.51);
203.0179; (0.23, 1.01, 0.51);
203.0179; (0.23, 1.01, 0.51);
203.0200; (0.23, 1.01, 0.51);
203.0290; (0.23, 1.01, 0.51);
203.0290; (0.23, 1.01, 0.51);
203.0400; (0.23, 1.01, 0.51);
203.0402; (0.23, 1.01, 0.51);
203.0402; (0.23, 1.01, 0.51);
203.0514; (0.23, 1.01, 0.51);
203.0514; (0.23, 1.01, 0.51);
203.0600; (0.23, 1.01, 0.51);
203.0625; (0.23, 1.01, 0.51);
203.0625; (0.23, 1.01, 0.51);
203.0736; (0.23, 1.01, 0.51);
203.0736; (0.23, 1.01, 0.51);
203.0800; (0.23, 1.01, 0.51);
203.0843; (0.23, 1.01, 0.51);
203.0843; (0.23, 1.01, 0.51);
203.0954; (0.23, 1.01, 0.51);
203.0954; (0.23, 1.01, 0.51);
203.1000; (0.23, 1.01, 0.51);
203.1072; (0.23, 1.01, 0.51);
203.1072; (0.23, 1.01, 0.51);
203.1177; (0.23, 1.01, 0.51);
203.1177; (0.23, 1.00, 0.51);
203.1200; (0.23, 1.00, 0.51);
203.1290; (0.23, 1.00, 0.51);
203.1290; (0.23, 1.00, 0.51);
203.1400; (0.23, 1.00, 0.51);
203.1402; (0.23, 1.00, 0.51);
203.1402; (0.23, 1.00, 0.51);
203.1510; (0.23, 1.00, 0.51);
203.1510; (0.23, 1.00, 0.51);
203.1600; (0.23, 1.00, 0.51);
203.1624; (0.23, 1.00, 0.51);
203.1624; (0.23, 1.00, 0.51);
203.1737; (0.23, 1.00, 0.51);
203.1737; (0.23, 1.00, 0.51);
203.1800; (0.23, 1.00, 0.51);
203.1846; (0.23, 1.00, 0.51);
203.1846; (0.23, 0.99, 0.51);
203.1956; (0.23, 1.00, 0.51);
203.1956; (0.23, 0.99, 0.51);
203.2000; (0.23, 0.99, 0.51);
203.2070; (0.23, 0.99, 0.51);
203.2070; (0.23, 0.99, 0.51);
203.2181; (0.23, 0.99, 0.51);
203.2181; (0.23, 0.99, 0.51);
203.2200; (0.23, 0.99, 0.51);
203.2293; (0.23, 0.99, 0.51);
203.2293; (0.23, 0.99, 0.51);
203.2400; (0.23, 0.99, 0.51);
203.2404; (0.23, 0.99, 0.51);
203.2404; (0.23, 0.99, 0.51);
203.2510; (0.23, 0.99, 0.51);
203.2510; (0.22, 0.98, 0.52);
203.2600; (0.22, 0.98, 0.52);
203.2620; (0.22, 0.99, 0.52);
203.2620; (0.22, 0.98, 0.52);
203.2736; (0.22, 0.98, 0.52);
203.2736; (0.22, 0.98, 0.52);
203.2800; (0.22, 0.98, 0.52);
203.2848; (0.22, 0.98, 0.52);
203.2848; (0.22, 0.98, 0.52);
203.2959; (0.22, 0.98, 0.52);
203.2959; (0.22, 0.98, 0.52);
203.3000; (0.22, 0.98, 0.52);
203.3070; (0.22, 0.98, 0.52);
203.3070; (0.22, 0.98, 0.52);
203.3175; (0.22, 0.98, 0.52);
203.3175; (0.22, 0.97, 0.52);
203.3200; (0.22, 0.97, 0.52);
203.3292; (0.22, 0.98, 0.52);
203.3292; (0.22, 0.97, 0.52);
203.3400; (0.22, 0.97, 0.52);
203.3405; (0.22, 0.97, 0.52);
203.3405; (0.22, 0.97, 0.52);
203.3509; (0.22, 0.97, 0.52);
203.3509; (0.22, 0.97, 0.52);
203.3600; (0.22, 0.97, 0.52);
203.3622; (0.22, 0.97, 0.52);
203.3622; (0.22, 0.97, 0.52);
203.3735; (0.22, 0.97, 0.52);
203.3735; (0.22, 0.97, 0.52);
203.3800; (0.22, 0.97, 0.52);
203.3842; (0.22, 0.97, 0.52);
203.3842; (0.22, 0.97, 0.52);
203.3960; (0.22, 0.97, 0.52);
203.3960; (0.22, 0.97, 0.52);
203.4000; (0.22, 0.97, 0.52);
