Experiment: 7
Latency: 750
Source: (0.83, 0.96, 0.50)
SourceSize: 0.0750
Target: (0.17, 0.04, 0.50)
TargetSize: 0.0250

Trace:
time; position; button;
277.0086; (0.83, 0.93, 0.50);
277.0086; (0.83, 0.93, 0.50);
277.0198; (0.83, 0.93, 0.50);
277.0198; (0.83, 0.93, 0.50);
277.0200; (0.83, 0.93, 0.50);
277.0308; (0.83, 0.93, 0.50);
277.0308; (0.83, 0.93, 0.50);
277.0400; (0.83, 0.93, 0.50);
277.0420; (0.83, 0.93, 0.51);
277.0420; (0.83, 0.93, 0.51);
277.0530; (0.83, 0.93, 0.51);
277.0530; (0.83, 0.93, 0.51);
277.0600; (0.83, 0.93, 0.51);
277.0641; (0.83, 0.93, 0.51);
277.0641; (0.83, 0.93, 0.51);
277.0755; (0.83, 0.93, 0.51);
277.0755; (0.83, 0.93, 0.51);
277.0800; (0.83, 0.93, 0.51);
277.0864; (0.83, 0.93, 0.51);
277.0864; (0.83, 0.93, 0.51);
277.0976; (0.83, 0.93, 0.51);
277.0976; (0.83, 0.93, 0.51);
277.1000; (0.83, 0.93, 0.51);
277.1086; (0.83, 0.93, 0.51);
277.1086; (0.83, 0.93, 0.51);
277.1197; (0.83, 0.93, 0.51);
277.1197; (0.83, 0.93, 0.51);
277.1200; (0.83, 0.93, 0.51);
277.1306; (0.83, 0.93, 0.51);
277.1306; (0.83, 0.93, 0.51);
277.1400; (0.83, 0.93, 0.51);
277.1419; (0.83, 0.93, 0.51);
277.1419; (0.83, 0.93, 0.51);
277.1530; (0.83, 0.93, 0.51);
277.1530; (0.83, 0.93, 0.51);
277.1600; (0.83, 0.93, 0.51);
277.1639; (0.83, 0.93, 0.51);
277.1639; (0.83, 0.93, 0.51);
277.1753; (0.83, 0.93, 0.51);
277.1753; (0.83, 0.93, 0.51);
277.1800; (0.84, 0.93, 0.51);
277.1864; (0.84, 0.93, 0.51);
277.1864; (0.84, 0.93, 0.51);
277.1976; (0.84, 0.93, 0.51);
277.1976; (0.84, 0.93, 0.51);
277.2000; (0.84, 0.93, 0.51);
277.2086; (0.84, 0.93, 0.52);
277.2086; (0.84, 0.93, 0.51);
277.2197; (0.84, 0.93, 0.51);
277.2197; (0.84, 0.93, 0.51);
277.2200; (0.84, 0.93, 0.51);
277.2308; (0.84, 0.93, 0.52);
277.2308; (0.84, 0.93, 0.52);
277.2400; (0.84, 0.93, 0.52);
277.2421; (0.84, 0.93, 0.52);
277.2421; (0.84, 0.93, 0.52);
277.2529; (0.84, 0.93, 0.52);
277.2529; (0.84, 0.93, 0.52);
277.2600; (0.84, 0.93, 0.52);
277.2640; (0.84, 0.93, 0.52);
277.2640; (0.84, 0.93, 0.52);
277.2752; (0.84, 0.93, 0.52);
277.2752; (0.84, 0.93, 0.52);
277.2800; (0.84, 0.93, 0.52);
277.2862; (0.84, 0.93, 0.52);
277.2862; (0.84, 0.93, 0.52);
277.2973; (0.84, 0.93, 0.52);
277.2973; (0.84, 0.93, 0.52);
277.3000; (0.84, 0.93, 0.52);
277.3086; (0.83, 0.93, 0.51);
277.3086; (0.83, 0.93, 0.51);
277.3195; (0.83, 0.93, 0.51);
277.3195; (0.83, 0.93, 0.51);
277.3200; (0.83, 0.93, 0.51);
277.3305; (0.83, 0.93, 0.51);
277.3305; (0.83, 0.93, 0.51);
277.3400; (0.83, 0.93, 0.51);
277.3419; (0.83, 0.93, 0.51);
277.3419; (0.83, 0.93, 0.51);
277.3528; (0.83, 0.93, 0.51);
277.3528; (0.83, 0.93, 0.51);
277.3600; (0.83, 0.93, 0.51);
277.3640; (0.83, 0.93, 0.51);
277.3640; (0.83, 0.93, 0.51);
277.3752; (0.83, 0.93, 0.51);
277.3752; (0.83, 0.93, 0.51);
277.3800; (0.83, 0.93, 0.51);
277.3861; (0.83, 0.93, 0.51);
277.3861; (0.83, 0.93, 0.51);
277.3972; (0.83, 0.93, 0.51);
277.3972; (0.83, 0.93, 0.51);
277.4000; (0.83, 0.93, 0.51);
277.4088; (0.83, 0.93, 0.51);
277.4088; (0.83, 0.93, 0.51);
277.4200; (0.83, 0.93, 0.51);
277.4200; (0.83, 0.93, 0.51);
277.4200; (0.83, 0.93, 0.51);
277.4310; (0.83, 0.93, 0.51);
277.4310; (0.83, 0.93, 0.51);
277.4400; (0.83, 0.93, 0.51);
277.4423; (0.83, 0.93, 0.51);
277.4423; (0.83, 0.93, 0.51);
277.4532; (0.83, 0.93, 0.51);
277.4532; (0.83, 0.93, 0.51);
277.4600; (0.84, 0.93, 0.51);
277.4644; (0.84, 0.93, 0.51);
277.4644; (0.84, 0.93, 0.51);
277.4756; (0.84, 0.93, 0.51);
277.4756; (0.84, 0.93, 0.51);
277.4800; (0.84, 0.93, 0.51);
277.4863; (0.84, 0.93, 0.51);
277.4863; (0.84, 0.93, 0.51);
277.4974; (0.84, 0.93, 0.51);
277.4974; (0.84, 0.93, 0.51);
277.5000; (0.84, 0.93, 0.51);
277.5087; (0.84, 0.93, 0.51);
277.5087; (0.84, 0.93, 0.51);
277.5196; (0.84, 0.93, 0.51);
277.5196; (0.84, 0.93, 0.51);
277.5200; (0.84, 0.93, 0.51);
277.5307; (0.84, 0.93, 0.51);
277.5307; (0.84, 0.93, 0.51);
277.5400; (0.84, 0.93, 0.51);
277.5423; (0.84, 0.93, 0.51);
277.5423; (0.84, 0.93, 0.51);
277.5533; (0.84, 0.93, 0.51);
277.5533; (0.84, 0.93, 0.51);
277.5600; (0.84, 0.93, 0.51);
277.5640; (0.84, 0.93, 0.51);
277.5640; (0.84, 0.93, 0.51);
277.5756; (0.84, 0.93, 0.51);
277.5756; (0.84, 0.93, 0.51);
277.5800; (0.84, 0.93, 0.51);
277.5864; (0.84, 0.93, 0.51);
277.5864; (0.84, 0.93, 0.51);
277.5972; (0.84, 0.93, 0.51);
277.5972; (0.84, 0.93, 0.51);
277.6000; (0.84, 0.93, 0.51);
277.6088; (0.84, 0.93, 0.51);
277.6088; (0.84, 0.93, 0.51);
277.6198; (0.84, 0.93, 0.51);
277.6198; (0.84, 0.93, 0.51);
277.6200; (0.84, 0.93, 0.51);
277.6306; (0.84, 0.93, 0.51);
277.6306; (0.84, 0.93, 0.51);
277.6400; (0.84, 0.93, 0.51);
277.6420; (0.84, 0.93, 0.51);
277.6420; (0.84, 0.93, 0.51);
277.6530; (0.84, 0.93, 0.51);
277.6530; (0.84, 0.93, 0.51);
277.6600; (0.84, 0.93, 0.51);
277.6640; (0.84, 0.93, 0.51);
277.6640; (0.84, 0.93, 0.51);
277.6753; (0.84, 0.93, 0.51);
277.6753; (0.85, 0.93, 0.51);
277.6800; (0.85, 0.93, 0.51);
277.6862; (0.85, 0.93, 0.51);
277.6862; (0.85, 0.93, 0.51);
277.6972; (0.84, 0.93, 0.51);
277.6972; (0.85, 0.93, 0.51);
277.7000; (0.85, 0.93, 0.51);
277.7086; (0.85, 0.93, 0.51);
277.7086; (0.85, 0.93, 0.51);
277.7196; (0.85, 0.93, 0.51);
277.7196; (0.85, 0.93, 0.51);
277.7200; (0.85, 0.93, 0.51);
277.7306; (0.84, 0.93, 0.51);
277.7306; (0.85, 0.93, 0.51);
277.7400; (0.84, 0.93, 0.51);
277.7419; (0.85, 0.93, 0.51);
277.7419; (0.85, 0.93, 0.51);
277.7533; (0.84, 0.93, 0.51);
277.7533; (0.84, 0.93, 0.51);
277.7600; (0.84, 0.93, 0.51);
277.7639; (0.84, 0.93, 0.51);
277.7639; (0.84, 0.93, 0.51);
277.7752; (0.84, 0.93, 0.51);
277.7752; (0.84, 0.93, 0.51);
277.7800; (0.84, 0.93, 0.51);
277.7861; (0.84, 0.93, 0.51);
277.7861; (0.84, 0.93, 0.51);
277.7972; (0.84, 0.93, 0.50);
277.7972; (0.84, 0.93, 0.50);
277.8000; (0.84, 0.93, 0.50);
277.8086; (0.84, 0.93, 0.50);
277.8086; (0.84, 0.93, 0.50);
277.8194; (0.84, 0.93, 0.50);
277.8194; (0.84, 0.93, 0.50);
277.8200; (0.84, 0.93, 0.50);
277.8305; (0.84, 0.93, 0.50);
277.8305; (0.84, 0.93, 0.50);
277.8400; (0.84, 0.93, 0.50);
277.8418; (0.84, 0.93, 0.50);
277.8418; (0.84, 0.93, 0.50);
277.8528; (0.84, 0.93, 0.50);
277.8528; (0.84, 0.93, 0.50);
277.8600; (0.84, 0.93, 0.50);
277.8640; (0.84, 0.93, 0.50);
277.8640; (0.84, 0.93, 0.50);
277.8752; (0.84, 0.93, 0.50);
277.8752; (0.84, 0.93, 0.49);
277.8800; (0.84, 0.93, 0.49);
277.8861; (0.84, 0.93, 0.49);
277.8861; (0.84, 0.93, 0.49);
277.8973; (0.84, 0.93, 0.49);
277.8973; (0.84, 0.93, 0.49);
277.9000; (0.84, 0.93, 0.49);
277.9086; (0.84, 0.92, 0.49);
277.9086; (0.83, 0.92, 0.49);
277.9195; (0.83, 0.92, 0.49);
277.9195; (0.83, 0.92, 0.49);
277.9200; (0.83, 0.92, 0.49);
277.9307; (0.83, 0.92, 0.49);
277.9307; (0.83, 0.92, 0.49);
277.9400; (0.83, 0.92, 0.49);
277.9420; (0.83, 0.92, 0.49);
277.9420; (0.83, 0.92, 0.49);
277.9528; (0.83, 0.92, 0.49);
277.9528; (0.82, 0.92, 0.49);
277.9600; (0.82, 0.91, 0.49);
277.9639; (0.82, 0.91, 0.49);
277.9639; (0.82, 0.91, 0.49);
277.9753; (0.82, 0.91, 0.48);
277.9753; (0.82, 0.91, 0.48);
277.9800; (0.81, 0.90, 0.48);
277.9862; (0.81, 0.90, 0.48);
277.9862; (0.81, 0.90, 0.48);
277.9971; (0.81, 0.90, 0.48);
277.9971; (0.80, 0.89, 0.48);
278.0000; (0.80, 0.89, 0.48);
278.0087; (0.80, 0.89, 0.48);
278.0087; (0.80, 0.88, 0.48);
278.0195; (0.80, 0.88, 0.48);
278.0195; (0.79, 0.87, 0.48);
278.0200; (0.79, 0.87, 0.48);
278.0307; (0.79, 0.86, 0.48);
278.0307; (0.78, 0.85, 0.48);
278.0400; (0.78, 0.85, 0.48);
278.0421; (0.78, 0.84, 0.48);
278.0421; (0.78, 0.84, 0.48);
278.0529; (0.78, 0.83, 0.48);
278.0529; (0.77, 0.82, 0.48);
278.0600; (0.77, 0.82, 0.48);
278.0641; (0.76, 0.80, 0.48);
278.0641; (0.76, 0.80, 0.48);
278.0753; (0.76, 0.80, 0.48);
278.0753; (0.76, 0.78, 0.48);
278.0800; (0.75, 0.77, 0.48);
278.0865; (0.74, 0.75, 0.47);
278.0865; (0.74, 0.75, 0.47);
278.0975; (0.74, 0.75, 0.47);
278.0975; (0.73, 0.73, 0.47);
278.1000; (0.73, 0.73, 0.47);
278.1085; (0.73, 0.73, 0.47);
278.1085; (0.72, 0.70, 0.47);
278.1194; (0.72, 0.70, 0.47);
278.1194; (0.71, 0.68, 0.46);
278.1200; (0.71, 0.68, 0.46);
278.1306; (0.71, 0.68, 0.46);
278.1306; (0.70, 0.65, 0.46);
278.1400; (0.70, 0.65, 0.46);
278.1420; (0.69, 0.63, 0.46);
278.1420; (0.69, 0.63, 0.46);
278.1527; (0.69, 0.62, 0.46);
278.1527; (0.68, 0.60, 0.45);
278.1600; (0.67, 0.59, 0.46);
278.1639; (0.66, 0.57, 0.45);
278.1639; (0.66, 0.57, 0.45);
278.1753; (0.66, 0.56, 0.45);
278.1753; (0.65, 0.53, 0.44);
278.1800; (0.65, 0.53, 0.44);
278.1869; (0.65, 0.53, 0.45);
278.1869; (0.64, 0.50, 0.45);
278.1973; (0.64, 0.49, 0.45);
278.1973; (0.62, 0.46, 0.45);
278.2000; (0.62, 0.46, 0.45);
278.2086; (0.62, 0.46, 0.45);
278.2086; (0.61, 0.42, 0.44);
278.2196; (0.61, 0.42, 0.44);
278.2196; (0.59, 0.39, 0.44);
278.2200; (0.59, 0.39, 0.44);
278.2307; (0.60, 0.40, 0.45);
278.2307; (0.59, 0.37, 0.44);
278.2400; (0.59, 0.38, 0.45);
278.2419; (0.58, 0.35, 0.44);
278.2419; (0.58, 0.35, 0.44);
278.2528; (0.58, 0.35, 0.44);
278.2528; (0.57, 0.32, 0.44);
278.2600; (0.57, 0.35, 0.45);
278.2639; (0.56, 0.33, 0.45);
278.2639; (0.56, 0.33, 0.45);
278.2752; (0.56, 0.32, 0.45);
278.2752; (0.55, 0.30, 0.45);
278.2800; (0.55, 0.30, 0.45);
278.2862; (0.53, 0.28, 0.45);
278.2862; (0.53, 0.28, 0.45);
278.2972; (0.54, 0.27, 0.45);
278.2972; (0.53, 0.25, 0.45);
278.3000; (0.53, 0.25, 0.45);
278.3086; (0.53, 0.25, 0.45);
278.3086; (0.52, 0.23, 0.45);
278.3194; (0.52, 0.23, 0.45);
278.3194; (0.51, 0.21, 0.45);
278.3200; (0.51, 0.21, 0.45);
278.3306; (0.51, 0.22, 0.45);
278.3306; (0.49, 0.20, 0.45);
278.3400; (0.49, 0.20, 0.45);
278.3418; (0.48, 0.19, 0.45);
278.3418; (0.48, 0.19, 0.45);
278.3527; (0.48, 0.19, 0.45);
278.3527; (0.47, 0.18, 0.45);
278.3600; (0.47, 0.18, 0.45);
278.3639; (0.46, 0.17, 0.45);
278.3639; (0.46, 0.17, 0.45);
278.3752; (0.46, 0.17, 0.45);
278.3752; (0.45, 0.16, 0.44);
278.3800; (0.45, 0.16, 0.45);
278.3864; (0.43, 0.15, 0.44);
278.3864; (0.43, 0.15, 0.44);
278.3972; (0.43, 0.15, 0.44);
278.3972; (0.42, 0.13, 0.44);
278.4000; (0.42, 0.13, 0.44);
278.4086; (0.42, 0.14, 0.44);
278.4086; (0.41, 0.12, 0.44);
278.4194; (0.41, 0.13, 0.44);
278.4194; (0.39, 0.12, 0.44);
278.4200; (0.39, 0.12, 0.44);
278.4307; (0.39, 0.12, 0.44);
278.4307; (0.38, 0.11, 0.44);
278.4400; (0.38, 0.11, 0.44);
278.4419; (0.37, 0.10, 0.44);
278.4419; (0.37, 0.10, 0.44);
278.4528; (0.37, 0.10, 0.44);
278.4528; (0.36, 0.10, 0.44);
278.4600; (0.36, 0.10, 0.44);
278.4640; (0.35, 0.09, 0.44);
278.4640; (0.35, 0.09, 0.44);
278.4752; (0.35, 0.10, 0.44);
278.4752; (0.34, 0.09, 0.44);
278.4800; (0.34, 0.09, 0.44);
278.4861; (0.33, 0.09, 0.44);
278.4861; (0.33, 0.09, 0.44);
278.4972; (0.33, 0.09, 0.44);
278.4972; (0.32, 0.08, 0.44);
278.5000; (0.32, 0.08, 0.44);
278.5086; (0.31, 0.08, 0.44);
278.5086; (0.30, 0.08, 0.43);
278.5194; (0.30, 0.08, 0.43);
278.5194; (0.29, 0.07, 0.43);
278.5200; (0.29, 0.07, 0.43);
278.5306; (0.29, 0.07, 0.43);
278.5306; (0.28, 0.07, 0.43);
278.5400; (0.28, 0.07, 0.43);
278.5417; (0.26, 0.07, 0.43);
278.5417; (0.26, 0.07, 0.43);
278.5528; (0.27, 0.07, 0.43);
278.5528; (0.25, 0.06, 0.43);
278.5600; (0.26, 0.06, 0.43);
278.5640; (0.25, 0.06, 0.43);
278.5640; (0.25, 0.06, 0.43);
278.5753; (0.25, 0.06, 0.43);
278.5753; (0.24, 0.06, 0.43);
278.5800; (0.24, 0.06, 0.43);
278.5863; (0.23, 0.06, 0.43);
278.5863; (0.23, 0.06, 0.43);
278.5973; (0.24, 0.06, 0.43);
278.5973; (0.23, 0.06, 0.43);
278.6000; (0.23, 0.06, 0.43);
278.6086; (0.23, 0.06, 0.43);
278.6086; (0.22, 0.06, 0.43);
278.6194; (0.22, 0.06, 0.43);
278.6194; (0.21, 0.06, 0.43);
278.6200; (0.21, 0.06, 0.43);
278.6306; (0.21, 0.06, 0.42);
278.6306; (0.20, 0.06, 0.42);
278.6400; (0.20, 0.06, 0.42);
278.6418; (0.20, 0.06, 0.42);
278.6418; (0.20, 0.06, 0.42);
278.6529; (0.20, 0.06, 0.42);
278.6529; (0.19, 0.06, 0.42);
278.6600; (0.19, 0.06, 0.42);
278.6641; (0.19, 0.06, 0.42);
278.6641; (0.19, 0.06, 0.42);
278.6753; (0.19, 0.06, 0.42);
278.6753; (0.19, 0.06, 0.42);
278.6800; (0.19, 0.06, 0.42);
278.6862; (0.18, 0.06, 0.42);
278.6862; (0.18, 0.06, 0.42);
278.6972; (0.18, 0.06, 0.41);
278.6972; (0.18, 0.06, 0.41);
278.7000; (0.18, 0.06, 0.41);
278.7086; (0.18, 0.05, 0.41);
278.7086; (0.18, 0.05, 0.41);
278.7194; (0.18, 0.05, 0.41);
278.7194; (0.17, 0.05, 0.41);
278.7200; (0.17, 0.05, 0.41);
278.7306; (0.17, 0.05, 0.41);
278.7306; (0.17, 0.05, 0.41);
278.7400; (0.17, 0.05, 0.42);
278.7419; (0.17, 0.05, 0.41);
278.7419; (0.17, 0.05, 0.41);
278.7528; (0.17, 0.05, 0.41);
278.7528; (0.17, 0.05, 0.41);
278.7600; (0.17, 0.05, 0.42);
278.7639; (0.17, 0.05, 0.42);
278.7639; (0.17, 0.05, 0.42);
278.7751; (0.17, 0.05, 0.42);
278.7751; (0.16, 0.04, 0.42);
278.7800; (0.16, 0.04, 0.42);
278.7860; (0.16, 0.04, 0.42);
278.7860; (0.16, 0.04, 0.42);
278.7972; (0.16, 0.04, 0.42);
278.7972; (0.16, 0.04, 0.42);
278.8000; (0.16, 0.04, 0.42);
278.8086; (0.16, 0.04, 0.42);
278.8086; (0.16, 0.04, 0.42);
278.8194; (0.16, 0.04, 0.42);
278.8194; (0.16, 0.04, 0.42);
278.8200; (0.16, 0.04, 0.42);
278.8305; (0.16, 0.03, 0.42);
278.8305; (0.15, 0.03, 0.42);
278.8400; (0.16, 0.03, 0.42);
278.8419; (0.15, 0.03, 0.42);
278.8419; (0.15, 0.03, 0.42);
278.8528; (0.15, 0.03, 0.42);
278.8528; (0.15, 0.03, 0.42);
278.8600; (0.15, 0.03, 0.42);
278.8639; (0.15, 0.03, 0.43);
278.8639; (0.15, 0.03, 0.43);
278.8753; (0.15, 0.03, 0.43);
278.8753; (0.15, 0.03, 0.43);
278.8800; (0.15, 0.03, 0.43);
278.8861; (0.15, 0.03, 0.43);
278.8861; (0.15, 0.03, 0.43);
278.8972; (0.15, 0.04, 0.42);
278.8972; (0.15, 0.04, 0.42);
278.9000; (0.15, 0.04, 0.42);
278.9086; (0.15, 0.04, 0.42);
278.9086; (0.15, 0.04, 0.42);
278.9195; (0.15, 0.04, 0.42);
278.9195; (0.15, 0.04, 0.42);
278.9200; (0.15, 0.04, 0.42);
278.9307; (0.15, 0.04, 0.42);
278.9307; (0.15, 0.03, 0.42);
278.9400; (0.15, 0.03, 0.42);
278.9420; (0.15, 0.03, 0.42);
278.9420; (0.15, 0.03, 0.42);
278.9529; (0.15, 0.03, 0.42);
278.9529; (0.15, 0.03, 0.42);
278.9600; (0.15, 0.03, 0.42);
278.9640; (0.15, 0.03, 0.42);
278.9640; (0.15, 0.03, 0.42);
278.9752; (0.15, 0.03, 0.42);
278.9752; (0.16, 0.03, 0.42);
278.9800; (0.16, 0.03, 0.42);
278.9861; (0.16, 0.03, 0.42);
278.9861; (0.16, 0.03, 0.42);
278.9973; (0.16, 0.03, 0.42);
278.9973; (0.16, 0.03, 0.42);
279.0000; (0.16, 0.03, 0.42);
279.0087; (0.16, 0.03, 0.42);
279.0087; (0.16, 0.03, 0.42);
279.0196; (0.16, 0.03, 0.42);
279.0196; (0.16, 0.03, 0.42);
279.0200; (0.16, 0.03, 0.42);
279.0308; (0.16, 0.03, 0.43);
279.0308; (0.16, 0.03, 0.43);
279.0400; (0.16, 0.03, 0.43);
279.0420; (0.16, 0.03, 0.43);
279.0420; (0.16, 0.03, 0.43);
279.0529; (0.16, 0.03, 0.43);
279.0529; (0.16, 0.03, 0.43);
279.0600; (0.16, 0.03, 0.43);
279.0639; (0.16, 0.03, 0.43);
279.0639; (0.16, 0.03, 0.43);
279.0753; (0.16, 0.03, 0.43);
279.0753; (0.16, 0.03, 0.43);
279.0800; (0.16, 0.03, 0.43);
279.0865; (0.16, 0.03, 0.43);
279.0865; (0.16, 0.03, 0.43);
279.0978; (0.16, 0.03, 0.43);
279.0978; (0.16, 0.03, 0.43);
279.1000; (0.16, 0.03, 0.43);
279.1089; (0.16, 0.03, 0.43);
279.1089; (0.16, 0.03, 0.43);
279.1196; (0.16, 0.03, 0.43);
279.1196; (0.17, 0.03, 0.43);
279.1200; (0.17, 0.03, 0.43);
279.1306; (0.16, 0.03, 0.43);
279.1306; (0.17, 0.03, 0.43);
279.1400; (0.17, 0.03, 0.43);
279.1418; (0.17, 0.03, 0.43);
279.1418; (0.17, 0.03, 0.43);
279.1528; (0.17, 0.03, 0.43);
279.1528; (0.17, 0.03, 0.44);
279.1600; (0.16, 0.04, 0.43);
279.1640; (0.16, 0.04, 0.43);
279.1640; (0.16, 0.04, 0.43);
279.1751; (0.17, 0.04, 0.43);
279.1751; (0.17, 0.04, 0.43);
279.1800; (0.16, 0.04, 0.43);
279.1862; (0.16, 0.05, 0.43);
279.1862; (0.16, 0.05, 0.43);
279.1974; (0.17, 0.05, 0.43);
279.1974; (0.17, 0.05, 0.43);
279.2000; (0.17, 0.05, 0.43);
279.2090; (0.17, 0.05, 0.43);
279.2090; (0.17, 0.05, 0.43);
279.2195; (0.17, 0.05, 0.43);
279.2195; (0.17, 0.05, 0.43);
279.2200; (0.17, 0.05, 0.43);
279.2307; (0.17, 0.05, 0.43);
279.2307; (0.17, 0.05, 0.43);
279.2400; (0.17, 0.05, 0.43);
279.2419; (0.17, 0.05, 0.43);
279.2419; (0.17, 0.05, 0.43);
279.2527; (0.17, 0.05, 0.43);
279.2527; (0.17, 0.05, 0.43);
279.2600; (0.17, 0.05, 0.43);
279.2639; (0.17, 0.05, 0.43);
279.2639; (0.17, 0.05, 0.43);
279.2752; (0.17, 0.05, 0.43);
279.2752; (0.17, 0.05, 0.43);
279.2800; (0.17, 0.05, 0.43);
279.2861; (0.17, 0.05, 0.43);
279.2861; (0.17, 0.05, 0.43);
279.2975; (0.17, 0.05, 0.43);
279.2975; (0.17, 0.05, 0.43);
279.3000; (0.17, 0.05, 0.43);
279.3086; (0.17, 0.05, 0.43);
279.3086; (0.17, 0.05, 0.43);
279.3194; (0.17, 0.05, 0.43);
279.3194; (0.17, 0.05, 0.43);
279.3200; (0.17, 0.05, 0.43);
279.3306; (0.17, 0.05, 0.43);
279.3306; (0.17, 0.05, 0.43);
279.3400; (0.17, 0.05, 0.43);
279.3420; (0.17, 0.05, 0.43);
279.3420; (0.17, 0.05, 0.43);
279.3527; (0.17, 0.05, 0.43);
279.3527; (0.17, 0.05, 0.44);
279.3600; (0.17, 0.05, 0.44);
279.3639; (0.16, 0.05, 0.44);
279.3639; (0.16, 0.05, 0.44);
279.3755; (0.16, 0.06, 0.43);
279.3755; (0.16, 0.06, 0.44);
279.3800; (0.16, 0.06, 0.44);
279.3860; (0.16, 0.06, 0.44);
279.3860; (0.16, 0.06, 0.44);
279.3972; (0.16, 0.06, 0.44);
279.3972; (0.16, 0.06, 0.44);
279.4000; (0.16, 0.06, 0.44);
279.4086; (0.16, 0.06, 0.44);
279.4086; (0.16, 0.06, 0.44);
279.4194; (0.16, 0.06, 0.44);
279.4194; (0.16, 0.06, 0.44);
279.4200; (0.16, 0.06, 0.44);
279.4308; (0.16, 0.06, 0.44);
279.4308; (0.16, 0.06, 0.44);
279.4400; (0.16, 0.06, 0.44);
279.4418; (0.16, 0.06, 0.44);
279.4418; (0.16, 0.06, 0.44);
279.4528; (0.16, 0.06, 0.44);
279.4528; (0.16, 0.06, 0.44);
279.4600; (0.16, 0.06, 0.44);
279.4639; (0.16, 0.06, 0.44);
279.4639; (0.16, 0.06, 0.44);
279.4752; (0.16, 0.06, 0.44);
279.4752; (0.16, 0.06, 0.44);
279.4800; (0.16, 0.06, 0.44);
279.4861; (0.16, 0.06, 0.44);
279.4861; (0.16, 0.06, 0.44);
279.4975; (0.16, 0.06, 0.44);
279.4975; (0.16, 0.06, 0.44);
279.5000; (0.16, 0.06, 0.44);
279.5085; (0.16, 0.06, 0.44);
279.5085; (0.16, 0.06, 0.44);
279.5195; (0.16, 0.06, 0.44);
279.5195; (0.16, 0.06, 0.44);
279.5200; (0.16, 0.06, 0.44);
279.5305; (0.16, 0.06, 0.44);
279.5305; (0.16, 0.06, 0.44);
279.5400; (0.16, 0.06, 0.44);
279.5418; (0.16, 0.06, 0.44);
279.5418; (0.16, 0.06, 0.44);
279.5528; (0.16, 0.06, 0.44);
279.5528; (0.16, 0.06, 0.44);
279.5600; (0.16, 0.07, 0.44);
279.5640; (0.16, 0.07, 0.44);
279.5640; (0.16, 0.07, 0.44);
279.5752; (0.16, 0.07, 0.44);
279.5752; (0.16, 0.07, 0.44);
279.5800; (0.16, 0.07, 0.44);
279.5861; (0.16, 0.07, 0.44);
279.5861; (0.16, 0.07, 0.44);
279.5971; (0.16, 0.06, 0.44);
279.5971; (0.16, 0.06, 0.44);
279.6000; (0.16, 0.06, 0.44);
279.6085; (0.16, 0.06, 0.44);
279.6085; (0.16, 0.06, 0.44);
279.6195; (0.16, 0.06, 0.44);
279.6195; (0.16, 0.06, 0.44);
279.6200; (0.16, 0.06, 0.44);
279.6305; (0.16, 0.06, 0.44);
279.6305; (0.16, 0.06, 0.44);
279.6400; (0.16, 0.06, 0.44);
279.6418; (0.16, 0.06, 0.45);
279.6418; (0.16, 0.06, 0.45);
279.6527; (0.16, 0.06, 0.45);
279.6527; (0.16, 0.06, 0.45);
279.6600; (0.16, 0.06, 0.45);
279.6641; (0.16, 0.06, 0.45);
279.6641; (0.16, 0.06, 0.45);
279.6752; (0.16, 0.06, 0.45);
279.6752; (0.16, 0.06, 0.45);
279.6800; (0.16, 0.06, 0.45);
279.6860; (0.16, 0.06, 0.45);
279.6860; (0.16, 0.06, 0.45);
279.6973; (0.16, 0.06, 0.45);
279.6973; (0.16, 0.06, 0.46);
279.7000; (0.16, 0.06, 0.46);
279.7085; (0.16, 0.06, 0.46);
279.7085; (0.16, 0.06, 0.46);
279.7194; (0.16, 0.06, 0.46);
279.7194; (0.16, 0.06, 0.46);
279.7200; (0.16, 0.06, 0.46);
279.7309; (0.16, 0.06, 0.46);
279.7309; (0.16, 0.06, 0.46);
279.7400; (0.16, 0.05, 0.46);
279.7418; (0.16, 0.05, 0.47);
279.7418; (0.16, 0.05, 0.47);
279.7528; (0.16, 0.05, 0.47);
279.7528; (0.16, 0.05, 0.47);
279.7600; (0.16, 0.06, 0.47);
279.7641; (0.16, 0.06, 0.47);
279.7641; (0.16, 0.06, 0.47);
279.7752; (0.16, 0.06, 0.47);
279.7752; (0.16, 0.06, 0.47);
279.7800; (0.16, 0.06, 0.47);
279.7860; (0.16, 0.06, 0.47);
279.7860; (0.16, 0.06, 0.47);
279.7973; (0.16, 0.06, 0.47);
279.7973; (0.17, 0.06, 0.47);
279.8000; (0.17, 0.06, 0.47);
279.8085; (0.16, 0.06, 0.47);
279.8085; (0.17, 0.06, 0.47);
279.8194; (0.17, 0.06, 0.47);
279.8194; (0.17, 0.06, 0.47);
279.8200; (0.17, 0.06, 0.47);
279.8306; (0.17, 0.06, 0.47);
279.8306; (0.17, 0.06, 0.48);
279.8400; (0.17, 0.06, 0.48);
279.8418; (0.17, 0.06, 0.48);
279.8418; (0.17, 0.06, 0.48);
279.8528; (0.17, 0.06, 0.48);
279.8528; (0.17, 0.06, 0.48);
279.8600; (0.17, 0.07, 0.47);
279.8639; (0.17, 0.07, 0.47);
279.8639; (0.17, 0.07, 0.47);
279.8751; (0.17, 0.07, 0.47);
279.8751; (0.17, 0.07, 0.47);
279.8800; (0.17, 0.07, 0.47);
279.8867; (0.17, 0.07, 0.47);
279.8867; (0.17, 0.07, 0.47);
279.8972; (0.17, 0.07, 0.47);
279.8972; (0.17, 0.07, 0.47);
279.9000; (0.17, 0.07, 0.47);
279.9085; (0.17, 0.07, 0.47);
279.9085; (0.17, 0.07, 0.47);
279.9194; (0.17, 0.07, 0.47);
279.9194; (0.17, 0.07, 0.47);
279.9200; (0.17, 0.07, 0.47);
279.9306; (0.17, 0.07, 0.47);
279.9306; (0.17, 0.07, 0.47);
279.9400; (0.17, 0.07, 0.47);
279.9418; (0.17, 0.07, 0.47);
279.9418; (0.17, 0.07, 0.47);
279.9528; (0.17, 0.07, 0.47);
279.9528; (0.17, 0.07, 0.47);
279.9600; (0.17, 0.07, 0.47);
279.9641; (0.17, 0.07, 0.47);
279.9641; (0.17, 0.07, 0.47);
279.9753; (0.17, 0.07, 0.47);
279.9753; (0.17, 0.07, 0.47);
279.9800; (0.17, 0.07, 0.47);
279.9862; (0.17, 0.07, 0.47);
279.9862; (0.17, 0.07, 0.47);
279.9973; (0.17, 0.07, 0.47);
279.9973; (0.17, 0.07, 0.47);
280.0000; (0.17, 0.07, 0.47);
280.0085; (0.17, 0.07, 0.47);
280.0085; (0.17, 0.07, 0.47);
280.0194; (0.17, 0.07, 0.47);
280.0194; (0.17, 0.07, 0.47);
280.0200; (0.17, 0.07, 0.47);
280.0310; (0.17, 0.07, 0.47);
280.0310; (0.17, 0.07, 0.47);
280.0400; (0.17, 0.07, 0.47);
280.0419; (0.17, 0.07, 0.47);
280.0419; (0.17, 0.07, 0.47);
280.0528; (0.17, 0.07, 0.47);
280.0528; (0.17, 0.07, 0.47);
280.0600; (0.17, 0.07, 0.47);
280.0641; (0.17, 0.07, 0.47);
280.0641; (0.17, 0.07, 0.47);
280.0754; (0.17, 0.07, 0.47);
280.0754; (0.17, 0.07, 0.47);
280.0800; (0.17, 0.07, 0.47);
280.0864; (0.17, 0.07, 0.47);
280.0864; (0.17, 0.07, 0.47);
280.0973; (0.17, 0.07, 0.47);
280.0973; (0.17, 0.07, 0.47);
280.1000; (0.17, 0.07, 0.47);
280.1089; (0.17, 0.07, 0.47);
280.1089; (0.17, 0.07, 0.47);
280.1197; (0.17, 0.07, 0.47);
280.1197; (0.17, 0.07, 0.47);
280.1200; (0.17, 0.07, 0.47);
280.1307; (0.17, 0.07, 0.47);
280.1307; (0.17, 0.07, 0.47);
280.1400; (0.17, 0.07, 0.47);
280.1419; (0.17, 0.07, 0.47);
280.1419; (0.17, 0.07, 0.47);
280.1530; (0.17, 0.07, 0.47);
280.1530; (0.17, 0.07, 0.47);
280.1600; (0.17, 0.07, 0.47);
280.1641; (0.17, 0.07, 0.47);
280.1641; (0.17, 0.07, 0.47);
280.1753; (0.17, 0.07, 0.47);
280.1753; (0.17, 0.07, 0.47);
280.1800; (0.17, 0.07, 0.47);
280.1862; (0.17, 0.07, 0.47);
280.1862; (0.17, 0.07, 0.47);
280.1974; (0.17, 0.07, 0.47);
280.1974; (0.17, 0.07, 0.47);
280.2000; (0.17, 0.07, 0.47);
280.2086; (0.17, 0.07, 0.47);
280.2086; (0.17, 0.07, 0.48);
280.2195; (0.17, 0.07, 0.48);
280.2195; (0.17, 0.07, 0.48);
280.2200; (0.17, 0.07, 0.48);
280.2307; (0.17, 0.07, 0.48);
280.2307; (0.17, 0.07, 0.48);
280.2400; (0.17, 0.07, 0.48);
280.2418; (0.17, 0.07, 0.48);
280.2418; (0.17, 0.07, 0.48);
280.2527; (0.17, 0.07, 0.48);
280.2527; (0.17, 0.07, 0.48);
280.2600; (0.17, 0.08, 0.48);
280.2640; (0.17, 0.08, 0.48);
280.2640; (0.17, 0.08, 0.48);
280.2752; (0.17, 0.08, 0.48);
280.2752; (0.17, 0.08, 0.48);
280.2800; (0.17, 0.08, 0.48);
280.2860; (0.17, 0.08, 0.48);
280.2860; (0.17, 0.08, 0.48);
280.2972; (0.17, 0.08, 0.48);
280.2972; (0.17, 0.08, 0.48);
280.3000; (0.17, 0.08, 0.48);
280.3085; (0.17, 0.08, 0.48);
280.3085; (0.17, 0.08, 0.48);
280.3194; (0.17, 0.08, 0.48);
280.3194; (0.17, 0.08, 0.48);
280.3200; (0.17, 0.08, 0.48);
280.3305; (0.17, 0.08, 0.48);
280.3305; (0.17, 0.08, 0.48);
280.3400; (0.17, 0.08, 0.48);
280.3418; (0.17, 0.08, 0.48);
280.3418; (0.17, 0.08, 0.48);
280.3528; (0.17, 0.08, 0.48);
280.3528; (0.17, 0.08, 0.48);
280.3600; (0.17, 0.08, 0.49);
280.3638; (0.17, 0.08, 0.49);
280.3638; (0.17, 0.08, 0.49);
280.3752; (0.17, 0.08, 0.48);
280.3752; (0.17, 0.08, 0.48);
280.3800; (0.17, 0.08, 0.48);
280.3861; (0.17, 0.08, 0.48);
280.3861; (0.17, 0.08, 0.48);
280.3973; (0.17, 0.08, 0.48);
280.3973; (0.17, 0.08, 0.48);
280.4000; (0.17, 0.08, 0.48);
280.4088; (0.17, 0.08, 0.48);
280.4088; (0.17, 0.08, 0.48);
280.4197; (0.17, 0.08, 0.48);
280.4197; (0.17, 0.08, 0.49);
280.4200; (0.17, 0.08, 0.49);
280.4307; (0.17, 0.08, 0.49);
280.4307; (0.17, 0.08, 0.49);
280.4400; (0.17, 0.08, 0.49);
280.4418; (0.17, 0.08, 0.49);
280.4418; (0.17, 0.08, 0.49);
280.4527; (0.17, 0.08, 0.49);
280.4527; (0.17, 0.08, 0.49);
280.4600; (0.17, 0.08, 0.49);
280.4639; (0.17, 0.08, 0.49);
280.4639; (0.17, 0.08, 0.49);
280.4755; (0.17, 0.08, 0.49);
280.4755; (0.17, 0.08, 0.49);
280.4800; (0.17, 0.08, 0.49);
280.4861; (0.18, 0.08, 0.49);
280.4861; (0.18, 0.08, 0.49);
280.4976; (0.18, 0.08, 0.49);
280.4976; (0.18, 0.08, 0.49);
280.5000; (0.18, 0.08, 0.49);
280.5089; (0.18, 0.08, 0.49);
280.5089; (0.18, 0.08, 0.49);
280.5195; (0.18, 0.08, 0.49);
280.5195; (0.18, 0.08, 0.49);
280.5200; (0.18, 0.08, 0.49);
280.5309; (0.18, 0.08, 0.49);
280.5309; (0.18, 0.08, 0.49);
280.5400; (0.18, 0.08, 0.49);
280.5421; (0.18, 0.08, 0.49);
280.5421; (0.18, 0.08, 0.49);
280.5529; (0.18, 0.08, 0.49);
280.5529; (0.18, 0.08, 0.49);
280.5600; (0.18, 0.08, 0.50);
280.5640; (0.18, 0.08, 0.50);
280.5640; (0.18, 0.08, 0.50);
280.5757; (0.18, 0.07, 0.50);
280.5757; (0.18, 0.07, 0.50);
280.5800; (0.18, 0.07, 0.50);
280.5860; (0.18, 0.07, 0.50);
280.5860; (0.18, 0.07, 0.50);
280.5975; (0.18, 0.07, 0.50);
280.5975; (0.18, 0.07, 0.50);
280.6000; (0.18, 0.07, 0.50);
280.6089; (0.18, 0.07, 0.50);
280.6089; (0.18, 0.07, 0.50);
280.6194; (0.18, 0.07, 0.50);
280.6194; (0.18, 0.07, 0.50);
280.6200; (0.18, 0.07, 0.50);
280.6307; (0.18, 0.07, 0.50);
280.6307; (0.18, 0.07, 0.50);
280.6400; (0.18, 0.07, 0.50);
280.6419; (0.18, 0.07, 0.50);
280.6419; (0.18, 0.07, 0.50);
280.6528; (0.18, 0.07, 0.50);
280.6528; (0.18, 0.07, 0.50);
280.6600; (0.18, 0.07, 0.50);
280.6640; (0.18, 0.07, 0.50);
280.6640; (0.18, 0.07, 0.50);
280.6753; (0.18, 0.07, 0.50);
280.6753; (0.18, 0.07, 0.50);
280.6800; (0.18, 0.07, 0.50);
280.6861; (0.18, 0.07, 0.50);
280.6861; (0.18, 0.07, 0.50);
280.6973; (0.18, 0.07, 0.51);
280.6973; (0.18, 0.07, 0.51);
280.7000; (0.18, 0.07, 0.51);
280.7086; (0.18, 0.07, 0.51);
280.7086; (0.18, 0.07, 0.51);
280.7194; (0.18, 0.07, 0.51);
280.7194; (0.18, 0.07, 0.51);
280.7200; (0.18, 0.07, 0.51);
280.7307; (0.18, 0.07, 0.51);
280.7307; (0.18, 0.07, 0.51);
280.7400; (0.18, 0.07, 0.51);
280.7420; (0.18, 0.07, 0.51);
280.7420; (0.18, 0.07, 0.51);
280.7528; (0.18, 0.07, 0.51);
280.7528; (0.18, 0.07, 0.51);
280.7600; (0.18, 0.07, 0.51);
280.7639; (0.18, 0.07, 0.51);
280.7639; (0.18, 0.07, 0.51);
280.7754; (0.18, 0.07, 0.51);
280.7754; (0.18, 0.07, 0.51);
280.7800; (0.18, 0.07, 0.51);
280.7860; (0.18, 0.07, 0.51);
280.7860; (0.18, 0.07, 0.51);
280.7974; (0.18, 0.07, 0.51);
280.7974; (0.18, 0.07, 0.51);
280.8000; (0.18, 0.07, 0.51);
280.8087; (0.18, 0.07, 0.51);
280.8087; (0.18, 0.06, 0.51);
280.8194; (0.18, 0.06, 0.51);
280.8194; (0.18, 0.06, 0.51);
280.8200; (0.18, 0.06, 0.51);
280.8307; (0.18, 0.06, 0.51);
280.8307; (0.18, 0.06, 0.51);
280.8400; (0.18, 0.06, 0.51);
280.8419; (0.18, 0.06, 0.51);
280.8419; (0.18, 0.06, 0.51);
280.8528; (0.18, 0.06, 0.51);
280.8528; (0.18, 0.06, 0.51);
280.8600; (0.18, 0.06, 0.51);
280.8641; (0.18, 0.06, 0.51);
280.8641; (0.18, 0.06, 0.51);
280.8754; (0.18, 0.06, 0.51);
280.8754; (0.18, 0.06, 0.51);
280.8800; (0.18, 0.06, 0.51);
280.8861; (0.18, 0.06, 0.51);
280.8861; (0.18, 0.06, 0.51);
280.8972; (0.18, 0.06, 0.51);
280.8972; (0.18, 0.06, 0.51);
280.9000; (0.18, 0.06, 0.51);
280.9087; (0.18, 0.06, 0.51);
280.9087; (0.18, 0.06, 0.51);
280.9195; (0.18, 0.06, 0.51);
280.9195; (0.18, 0.06, 0.51);
280.9200; (0.18, 0.06, 0.51);
280.9310; (0.18, 0.06, 0.51);
280.9310; (0.18, 0.06, 0.51);
280.9400; (0.18, 0.06, 0.51);
280.9420; (0.18, 0.06, 0.51);
280.9420; (0.18, 0.06, 0.51);
280.9529; (0.18, 0.06, 0.51);
280.9529; (0.18, 0.06, 0.51);
280.9600; (0.18, 0.06, 0.51);
280.9647; (0.18, 0.06, 0.51);
280.9647; (0.18, 0.06, 0.51);
280.9753; (0.18, 0.06, 0.51);
280.9753; (0.18, 0.06, 0.51);
280.9800; (0.18, 0.06, 0.51);
280.9862; (0.18, 0.06, 0.51);
280.9862; (0.18, 0.06, 0.51);
280.9975; (0.18, 0.06, 0.51);
280.9975; (0.18, 0.06, 0.51);
281.0000; (0.18, 0.06, 0.51);
281.0087; (0.18, 0.06, 0.51);
281.0087; (0.18, 0.06, 0.51);
281.0196; (0.18, 0.06, 0.51);
281.0196; (0.18, 0.06, 0.51);
281.0200; (0.18, 0.06, 0.51);
281.0309; (0.18, 0.06, 0.51);
281.0309; (0.18, 0.06, 0.51);
281.0400; (0.18, 0.06, 0.51);
281.0428; (0.18, 0.06, 0.51);
281.0428; (0.18, 0.06, 0.51);
281.0531; (0.18, 0.06, 0.52);
281.0531; (0.18, 0.06, 0.52);
281.0600; (0.18, 0.07, 0.51);
281.0644; (0.18, 0.07, 0.51);
281.0644; (0.18, 0.07, 0.51);
281.0756; (0.18, 0.07, 0.51);
281.0756; (0.18, 0.07, 0.51);
281.0800; (0.18, 0.07, 0.51);
281.0864; (0.18, 0.07, 0.51);
281.0864; (0.18, 0.07, 0.51);
281.0977; (0.18, 0.07, 0.51);
281.0977; (0.18, 0.07, 0.51);
281.1000; (0.18, 0.07, 0.51);
281.1093; (0.18, 0.07, 0.51);
281.1093; (0.18, 0.07, 0.51);
281.1196; (0.18, 0.07, 0.51);
281.1196; (0.18, 0.07, 0.51);
281.1200; (0.18, 0.07, 0.51);
281.1308; (0.18, 0.07, 0.51);
281.1308; (0.18, 0.07, 0.51);
281.1400; (0.18, 0.07, 0.51);
281.1420; (0.18, 0.07, 0.51);
281.1420; (0.18, 0.07, 0.51);
281.1530; (0.18, 0.07, 0.51);
281.1530; (0.18, 0.08, 0.51);
281.1600; (0.18, 0.07, 0.51);
281.1641; (0.18, 0.08, 0.51);
281.1641; (0.18, 0.08, 0.51);
281.1755; (0.18, 0.07, 0.51);
281.1755; (0.18, 0.08, 0.51);
281.1800; (0.18, 0.07, 0.51);
281.1864; (0.18, 0.07, 0.51);
281.1864; (0.18, 0.07, 0.51);
281.1977; (0.18, 0.07, 0.51);
281.1977; (0.18, 0.07, 0.51);
281.2000; (0.18, 0.07, 0.51);
281.2086; (0.18, 0.07, 0.51);
281.2086; (0.18, 0.07, 0.51);
281.2197; (0.18, 0.07, 0.51);
281.2197; (0.18, 0.07, 0.51);
281.2200; (0.18, 0.07, 0.51);
281.2309; (0.18, 0.07, 0.51);
281.2309; (0.18, 0.07, 0.51);
281.2400; (0.18, 0.07, 0.51);
281.2421; (0.18, 0.07, 0.51);
281.2421; (0.18, 0.07, 0.51);
281.2528; (0.18, 0.07, 0.51);
281.2528; (0.18, 0.07, 0.51);
281.2600; (0.18, 0.07, 0.51);
281.2639; (0.18, 0.07, 0.51);
281.2639; (0.18, 0.07, 0.51);
281.2753; (0.18, 0.07, 0.51);
281.2753; (0.18, 0.07, 0.51);
281.2800; (0.18, 0.07, 0.51);
281.2861; (0.18, 0.07, 0.51);
281.2861; (0.18, 0.07, 0.51);
281.2973; (0.18, 0.07, 0.51);
281.2973; (0.18, 0.07, 0.51);
281.3000; (0.18, 0.07, 0.51);
281.3085; (0.18, 0.07, 0.51);
281.3085; (0.18, 0.06, 0.51);
281.3194; (0.18, 0.07, 0.51);
281.3194; (0.18, 0.06, 0.51);
281.3200; (0.18, 0.06, 0.51);
281.3304; (0.18, 0.06, 0.51);
281.3304; (0.18, 0.06, 0.51);
281.3400; (0.18, 0.06, 0.52);
281.3419; (0.18, 0.06, 0.51);
281.3419; (0.18, 0.06, 0.51);
281.3527; (0.18, 0.06, 0.52);
281.3527; (0.18, 0.06, 0.52);
281.3600; (0.18, 0.06, 0.52);
281.3639; (0.18, 0.06, 0.52);
281.3639; (0.18, 0.06, 0.52);
281.3752; (0.18, 0.06, 0.52);
281.3752; (0.18, 0.06, 0.52);
281.3800; (0.18, 0.06, 0.52);
281.3860; (0.18, 0.06, 0.52);
281.3860; (0.18, 0.06, 0.52);
281.3975; (0.18, 0.05, 0.52);
281.3975; (0.18, 0.05, 0.52);
281.4000; (0.18, 0.05, 0.52);
281.4085; (0.18, 0.05, 0.52);
281.4085; (0.18, 0.05, 0.52);
281.4196; (0.18, 0.05, 0.52);
281.4196; (0.18, 0.05, 0.52);
281.4200; (0.18, 0.05, 0.52);
281.4305; (0.18, 0.05, 0.52);
281.4305; (0.18, 0.05, 0.52);
281.4400; (0.18, 0.05, 0.52);
281.4418; (0.18, 0.05, 0.52);
281.4418; (0.18, 0.05, 0.52);
281.4527; (0.18, 0.05, 0.52);
281.4527; (0.18, 0.05, 0.52);
281.4600; (0.18, 0.05, 0.52);
281.4639; (0.18, 0.04, 0.52);
281.4639; (0.18, 0.04, 0.52);
281.4752; (0.18, 0.04, 0.52);
281.4752; (0.18, 0.04, 0.52);
281.4800; (0.18, 0.04, 0.52);
281.4860; (0.18, 0.04, 0.52);
281.4860; (0.18, 0.04, 0.52);
281.4972; (0.18, 0.04, 0.52);
281.4972; (0.18, 0.04, 0.52);
281.5000; (0.18, 0.04, 0.52);
281.5085; (0.18, 0.04, 0.52);
281.5085; (0.18, 0.04, 0.52);
281.5194; (0.18, 0.04, 0.52);
281.5194; (0.18, 0.04, 0.52);
281.5200; (0.18, 0.04, 0.52);
281.5305; (0.18, 0.04, 0.52);
281.5305; (0.18, 0.04, 0.52);
281.5400; (0.18, 0.04, 0.52);
281.5418; (0.18, 0.04, 0.52);
281.5418; (0.18, 0.04, 0.52);
281.5527; (0.18, 0.04, 0.52);
281.5527; (0.18, 0.04, 0.52);
281.5600; (0.18, 0.04, 0.52);
281.5638; (0.18, 0.04, 0.52);
281.5638; (0.18, 0.04, 0.52);
281.5752; (0.18, 0.04, 0.52);
281.5752; (0.18, 0.04, 0.52);
281.5800; (0.18, 0.04, 0.52);
281.5862; (0.18, 0.04, 0.52);
281.5862; (0.18, 0.04, 0.52);
281.5972; (0.18, 0.04, 0.52);
281.5972; (0.18, 0.04, 0.52);
281.6000; (0.18, 0.04, 0.52);
281.6085; (0.18, 0.04, 0.52);
281.6085; (0.18, 0.04, 0.52);
281.6193; (0.18, 0.04, 0.52);
281.6193; (0.18, 0.04, 0.53);
281.6200; (0.18, 0.04, 0.53);
281.6306; (0.18, 0.04, 0.52);
281.6306; (0.18, 0.04, 0.52);
281.6400; (0.18, 0.04, 0.52);
281.6418; (0.18, 0.04, 0.52);
281.6418; (0.18, 0.04, 0.52);
281.6527; (0.18, 0.04, 0.52);
281.6527; (0.17, 0.04, 0.52);
281.6600; (0.17, 0.04, 0.52);
281.6640; (0.17, 0.04, 0.52);
281.6640; (0.17, 0.04, 0.52);
281.6752; (0.17, 0.04, 0.52);
281.6752; (0.17, 0.04, 0.52);
281.6800; (0.17, 0.04, 0.53);
281.6860; (0.17, 0.04, 0.53);
281.6860; (0.17, 0.04, 0.53);
281.6972; (0.17, 0.04, 0.53);
281.6972; (0.17, 0.04, 0.53);
281.7000; (0.17, 0.04, 0.53);
281.7085; (0.17, 0.04, 0.53);
281.7085; (0.17, 0.04, 0.53);
281.7194; (0.17, 0.04, 0.53);
281.7194; (0.17, 0.04, 0.53);
281.7200; (0.17, 0.04, 0.53);
281.7305; (0.17, 0.04, 0.53);
281.7305; (0.17, 0.04, 0.53);
281.7400; (0.17, 0.04, 0.53);
281.7419; (0.17, 0.04, 0.53);
281.7419; (0.17, 0.04, 0.53);
281.7527; (0.17, 0.03, 0.53);
281.7527; (0.17, 0.03, 0.53);
281.7600; (0.17, 0.03, 0.53);
281.7638; (0.17, 0.03, 0.53);
281.7638; (0.17, 0.03, 0.53);
281.7753; (0.17, 0.03, 0.53);
281.7753; (0.17, 0.03, 0.53);
281.7800; (0.17, 0.03, 0.53);
281.7860; (0.17, 0.03, 0.53);
281.7860; (0.17, 0.03, 0.53);
281.7971; (0.17, 0.03, 0.53);
281.7971; (0.17, 0.03, 0.53);
281.8000; (0.17, 0.03, 0.53);
281.8085; (0.17, 0.03, 0.53);
281.8085; (0.17, 0.03, 0.53);
281.8194; (0.17, 0.03, 0.53);
281.8194; (0.17, 0.04, 0.53);
281.8200; (0.17, 0.04, 0.53);
281.8309; (0.17, 0.04, 0.53);
281.8309; (0.17, 0.04, 0.53);
281.8400; (0.17, 0.04, 0.53);
281.8419; (0.17, 0.04, 0.53);
281.8419; (0.17, 0.04, 0.53);
281.8527; (0.17, 0.03, 0.53);
281.8527; (0.17, 0.03, 0.53);
281.8600; (0.17, 0.03, 0.53);
281.8639; (0.17, 0.03, 0.53);
281.8639; (0.17, 0.03, 0.53);
281.8751; (0.17, 0.03, 0.53);
281.8751; (0.17, 0.03, 0.53);
281.8800; (0.17, 0.03, 0.53);
281.8861; (0.17, 0.03, 0.53);
281.8861; (0.17, 0.03, 0.53);
281.8973; (0.17, 0.03, 0.53);
281.8973; (0.17, 0.03, 0.53);
281.9000; (0.17, 0.03, 0.53);
281.9085; (0.17, 0.03, 0.53);
281.9085; (0.17, 0.03, 0.53);
281.9193; (0.17, 0.03, 0.53);
281.9193; (0.17, 0.03, 0.53);
281.9200; (0.17, 0.03, 0.53);
281.9305; (0.17, 0.03, 0.53);
281.9305; (0.17, 0.03, 0.53);
281.9400; (0.17, 0.03, 0.53);
281.9419; (0.17, 0.03, 0.53);
281.9419; (0.17, 0.03, 0.53);
281.9527; (0.17, 0.03, 0.53);
281.9527; (0.17, 0.03, 0.53);
281.9600; (0.17, 0.03, 0.52);
281.9639; (0.17, 0.03, 0.52);
281.9639; (0.17, 0.03, 0.52);
281.9753; (0.17, 0.03, 0.52);
281.9753; (0.17, 0.03, 0.52);
281.9800; (0.17, 0.03, 0.52);
281.9860; (0.17, 0.03, 0.52);
281.9860; (0.17, 0.03, 0.52);
281.9972; (0.17, 0.03, 0.52);
281.9972; (0.16, 0.03, 0.52);
282.0000; (0.16, 0.03, 0.52);
282.0085; (0.16, 0.03, 0.52);
282.0085; (0.16, 0.03, 0.52);
282.0194; (0.16, 0.03, 0.52);
282.0194; (0.16, 0.03, 0.52);
282.0200; (0.16, 0.03, 0.52);
282.0305; (0.16, 0.03, 0.52);
282.0305; (0.16, 0.03, 0.52);
282.0400; (0.16, 0.03, 0.52);
282.0421; (0.16, 0.03, 0.52);
282.0421; (0.16, 0.03, 0.52);
282.0528; (0.16, 0.03, 0.52);
282.0528; (0.16, 0.02, 0.52);
282.0600; (0.16, 0.02, 0.52);
282.0641; (0.16, 0.02, 0.52);
282.0641; (0.16, 0.02, 0.52);
282.0755; (0.16, 0.02, 0.52);
282.0755; (0.16, 0.02, 0.52);
282.0800; (0.16, 0.02, 0.52);
282.0864; (0.16, 0.02, 0.52);
282.0864; (0.16, 0.02, 0.52);
282.0975; (0.16, 0.02, 0.52);
282.0975; (0.16, 0.02, 0.52);
282.1000; (0.16, 0.02, 0.52);
282.1090; (0.16, 0.02, 0.52);
282.1090; (0.16, 0.02, 0.52);
282.1195; (0.16, 0.02, 0.52);
282.1195; (0.16, 0.02, 0.52);
282.1200; (0.16, 0.02, 0.52);
282.1306; (0.16, 0.02, 0.52);
282.1306; (0.16, 0.02, 0.52);
282.1400; (0.16, 0.02, 0.52);
282.1419; (0.16, 0.02, 0.52);
282.1419; (0.16, 0.02, 0.52);
282.1528; (0.16, 0.02, 0.52);
282.1528; (0.16, 0.02, 0.52);
282.1600; (0.16, 0.02, 0.52);
282.1641; (0.16, 0.02, 0.52);
282.1641; (0.16, 0.02, 0.52);
282.1757; (0.16, 0.02, 0.52);
282.1757; (0.16, 0.02, 0.52);
282.1800; (0.16, 0.02, 0.52);
282.1864; (0.16, 0.02, 0.52);
282.1864; (0.16, 0.02, 0.52);
282.1973; (0.16, 0.02, 0.52);
282.1973; (0.16, 0.02, 0.52);
282.2000; (0.16, 0.02, 0.52);
282.2089; (0.16, 0.02, 0.52);
282.2089; (0.16, 0.02, 0.52);
282.2197; (0.16, 0.02, 0.52);
282.2197; (0.16, 0.02, 0.52);
282.2200; (0.16, 0.02, 0.52);
282.2308; (0.16, 0.02, 0.52);
282.2308; (0.16, 0.02, 0.52);
282.2400; (0.16, 0.02, 0.52);
282.2421; (0.16, 0.02, 0.52);
282.2421; (0.16, 0.02, 0.52);
282.2529; (0.16, 0.02, 0.52);
282.2529; (0.16, 0.02, 0.51);
282.2600; (0.16, 0.02, 0.52);
282.2645; (0.16, 0.02, 0.52);
282.2645; (0.16, 0.02, 0.52);
282.2754; (0.16, 0.02, 0.52);
282.2754; (0.16, 0.02, 0.52);
282.2800; (0.16, 0.02, 0.52);
282.2861; (0.16, 0.02, 0.52);
282.2861; (0.16, 0.02, 0.52);
282.2974; (0.16, 0.02, 0.52);
282.2974; (0.16, 0.02, 0.52);
282.3000; (0.16, 0.02, 0.52);
282.3087; (0.16, 0.02, 0.52);
282.3087; (0.16, 0.02, 0.52);
282.3195; (0.16, 0.02, 0.52);
282.3195; (0.16, 0.02, 0.52);
282.3200; (0.16, 0.02, 0.52);
282.3308; (0.16, 0.02, 0.52);
282.3308; (0.16, 0.02, 0.52);
282.3400; (0.16, 0.02, 0.52);
282.3419; (0.16, 0.02, 0.52);
282.3419; (0.16, 0.02, 0.52);
282.3528; (0.16, 0.03, 0.51);
282.3528; (0.16, 0.03, 0.51);
282.3600; (0.16, 0.03, 0.51);
282.3639; (0.16, 0.03, 0.51);
282.3639; (0.16, 0.03, 0.51);
282.3752; (0.16, 0.03, 0.51);
282.3752; (0.16, 0.03, 0.51);
282.3800; (0.16, 0.03, 0.51);
282.3862; (0.16, 0.03, 0.51);
282.3862; (0.16, 0.03, 0.51);
282.3973; (0.16, 0.03, 0.51);
282.3973; (0.16, 0.03, 0.51);
282.4000; (0.16, 0.03, 0.51);
282.4086; (0.16, 0.03, 0.51);
282.4086; (0.16, 0.03, 0.51);
282.4195; (0.16, 0.03, 0.51);
282.4195; (0.16, 0.03, 0.51);
282.4200; (0.16, 0.03, 0.51);
282.4310; (0.16, 0.03, 0.51);
282.4310; (0.16, 0.03, 0.51);
282.4400; (0.16, 0.03, 0.51);
282.4419; (0.16, 0.03, 0.51);
282.4419; (0.16, 0.03, 0.51);
282.4529; (0.16, 0.03, 0.51);
282.4529; (0.16, 0.03, 0.51);
282.4600; (0.16, 0.03, 0.51);
282.4643; (0.16, 0.03, 0.51);
282.4643; (0.16, 0.03, 0.51);
282.4753; (0.16, 0.04, 0.51);
282.4753; (0.16, 0.04, 0.51);
282.4800; (0.16, 0.04, 0.51);
282.4861; (0.16, 0.04, 0.51);
282.4861; (0.16, 0.04, 0.51);
282.4973; (0.16, 0.04, 0.51);
282.4973; (0.16, 0.04, 0.51);
282.5000; (0.16, 0.04, 0.51);
282.5085; (0.16, 0.04, 0.51);
282.5085; (0.16, 0.04, 0.51);
282.5194; (0.16, 0.04, 0.51);
282.5194; (0.16, 0.04, 0.50);
282.5200; (0.16, 0.04, 0.50);
282.5305; (0.16, 0.04, 0.51);
282.5305; (0.16, 0.04, 0.50);
282.5400; (0.16, 0.04, 0.50);
282.5419; (0.16, 0.04, 0.50);
282.5419; (0.16, 0.04, 0.50);
282.5528; (0.16, 0.04, 0.50);
282.5528; (0.16, 0.04, 0.50);
282.5600; (0.16, 0.04, 0.50);
282.5638; (0.16, 0.04, 0.50);
282.5638; (0.16, 0.04, 0.50);
282.5753; (0.16, 0.04, 0.50);
282.5753; (0.16, 0.04, 0.50);
282.5800; (0.16, 0.04, 0.50);
282.5861; (0.16, 0.04, 0.50);
282.5861; (0.16, 0.04, 0.50);
282.5971; (0.16, 0.04, 0.50);
282.5971; (0.16, 0.04, 0.50);
282.6000; (0.16, 0.04, 0.50);
282.6086; (0.16, 0.04, 0.50);
282.6086; (0.16, 0.04, 0.50);
282.6194; (0.16, 0.04, 0.50);
282.6194; (0.15, 0.04, 0.50);
282.6200; (0.15, 0.04, 0.50);
282.6306; (0.16, 0.04, 0.50);
282.6306; (0.16, 0.04, 0.50);
282.6400; (0.16, 0.04, 0.50);
282.6419; (0.16, 0.04, 0.50);
282.6419; (0.16, 0.04, 0.50);
282.6526; (0.16, 0.04, 0.50);
282.6526; (0.16, 0.04, 0.50);
282.6600; (0.16, 0.04, 0.50);
282.6639; (0.16, 0.04, 0.50);
282.6639; (0.16, 0.04, 0.50);
282.6754; (0.16, 0.04, 0.50);
282.6754; (0.16, 0.04, 0.50);
282.6800; (0.16, 0.04, 0.50);
282.6861; (0.16, 0.04, 0.50);
282.6861; (0.16, 0.04, 0.50);
282.6972; (0.16, 0.04, 0.50);
282.6972; (0.16, 0.04, 0.50);
282.7000; (0.16, 0.04, 0.50);
282.7085; (0.16, 0.04, 0.49);
282.7085; (0.16, 0.04, 0.49);
282.7195; (0.16, 0.04, 0.49);
282.7195; (0.16, 0.04, 0.49);
282.7200; (0.16, 0.04, 0.49);
282.7305; (0.16, 0.04, 0.49);
282.7305; (0.16, 0.04, 0.49);
282.7400; (0.16, 0.04, 0.49);
282.7420; (0.16, 0.04, 0.49);
282.7420; (0.16, 0.04, 0.49);
282.7533; (0.16, 0.04, 0.49);
282.7533; (0.16, 0.04, 0.49);
282.7600; (0.16, 0.04, 0.49);
282.7642; (0.16, 0.04, 0.49);
282.7642; (0.16, 0.04, 0.49);
282.7754; (0.16, 0.04, 0.49);
282.7754; (0.16, 0.04, 0.49);
282.7800; (0.16, 0.04, 0.49);
282.7861; (0.16, 0.04, 0.49);
282.7861; (0.16, 0.04, 0.49);
282.7972; (0.16, 0.04, 0.49);
282.7972; (0.16, 0.04, 0.49);
282.8000; (0.16, 0.04, 0.49);
282.8086; (0.17, 0.04, 0.49);
282.8086; (0.17, 0.04, 0.49);
282.8195; (0.17, 0.04, 0.49);
282.8195; (0.17, 0.04, 0.49);
282.8200; (0.17, 0.04, 0.49);
282.8305; (0.17, 0.04, 0.49);
282.8305; (0.17, 0.04, 0.49);
282.8400; (0.17, 0.04, 0.49);
282.8419; (0.17, 0.04, 0.49);
282.8419; (0.17, 0.04, 0.49);
282.8528; (0.17, 0.03, 0.49);
282.8528; (0.17, 0.04, 0.49);
282.8600; (0.17, 0.03, 0.49);
282.8640; (0.17, 0.04, 0.49);
282.8640; (0.17, 0.04, 0.49);
282.8753; (0.17, 0.03, 0.49);
282.8753; (0.17, 0.03, 0.49);
282.8800; (0.17, 0.03, 0.49);
282.8861; (0.17, 0.03, 0.49);
282.8861; (0.17, 0.03, 0.49);
282.8972; (0.17, 0.03, 0.49);
282.8972; (0.17, 0.03, 0.49);
282.9000; (0.17, 0.03, 0.49);
282.9086; (0.17, 0.03, 0.49);
282.9086; (0.17, 0.03, 0.49);
282.9194; (0.17, 0.03, 0.49);
282.9194; (0.17, 0.03, 0.49);
282.9200; (0.17, 0.03, 0.49);
282.9306; (0.17, 0.03, 0.49);
282.9306; (0.17, 0.03, 0.49);
282.9400; (0.17, 0.03, 0.49);
282.9420; (0.17, 0.03, 0.49);
282.9420; (0.17, 0.03, 0.49);
282.9529; (0.17, 0.03, 0.49);
282.9529; (0.17, 0.03, 0.49);
282.9600; (0.17, 0.03, 0.49);
282.9639; (0.17, 0.03, 0.49);
282.9639; (0.17, 0.03, 0.49);
282.9752; (0.17, 0.03, 0.49);
282.9752; (0.17, 0.03, 0.49);
282.9800; (0.17, 0.03, 0.49);
282.9861; (0.17, 0.03, 0.49);
282.9861; (0.17, 0.03, 0.49);
282.9973; (0.17, 0.03, 0.49);
282.9973; (0.17, 0.03, 0.49);
283.0000; (0.17, 0.03, 0.49);
283.0084; (0.17, 0.03, 0.49);
283.0084; (0.17, 0.03, 0.49);
283.0195; (0.17, 0.03, 0.49);
283.0195; (0.17, 0.03, 0.49);
283.0200; (0.17, 0.03, 0.49);
283.0308; (0.17, 0.03, 0.49);
283.0308; (0.17, 0.02, 0.49);
283.0400; (0.17, 0.02, 0.49);
283.0422; (0.17, 0.02, 0.49);
283.0422; (0.17, 0.02, 0.49);
283.0529; (0.17, 0.02, 0.49);
283.0529; (0.17, 0.02, 0.49);
283.0600; (0.17, 0.02, 0.49);
283.0640; (0.17, 0.02, 0.49);
283.0640; (0.17, 0.02, 0.49);
283.0754; (0.17, 0.02, 0.49);
283.0754; (0.17, 0.02, 0.49);
283.0800; (0.17, 0.02, 0.49);
283.0863; (0.17, 0.02, 0.49);
283.0863; (0.17, 0.02, 0.49);
283.0975; (0.17, 0.03, 0.48);
283.0975; (0.17, 0.03, 0.48);
283.1000; (0.17, 0.03, 0.48);
283.1086; (0.17, 0.03, 0.48);
283.1086; (0.17, 0.03, 0.48);
283.1195; (0.17, 0.03, 0.48);
283.1195; (0.17, 0.03, 0.48);
283.1200; (0.17, 0.03, 0.48);
283.1310; (0.17, 0.03, 0.48);
283.1310; (0.16, 0.03, 0.48);
283.1400; (0.16, 0.03, 0.48);
283.1419; (0.16, 0.03, 0.48);
283.1419; (0.16, 0.03, 0.48);
283.1530; (0.17, 0.04, 0.48);
283.1530; (0.17, 0.04, 0.48);
283.1600; (0.17, 0.04, 0.48);
283.1641; (0.17, 0.04, 0.48);
283.1641; (0.17, 0.04, 0.48);
283.1754; (0.17, 0.04, 0.48);
283.1754; (0.17, 0.04, 0.48);
283.1800; (0.17, 0.04, 0.48);
283.1866; (0.17, 0.04, 0.48);
283.1866; (0.17, 0.04, 0.48);
283.1976; (0.17, 0.04, 0.48);
283.1976; (0.17, 0.04, 0.48);
283.2000; (0.17, 0.04, 0.48);
283.2088; (0.17, 0.04, 0.48);
283.2088; (0.17, 0.04, 0.48);
283.2199; (0.17, 0.04, 0.48);
283.2199; (0.17, 0.04, 0.48);
283.2200; (0.17, 0.04, 0.48);
283.2310; (0.17, 0.04, 0.48);
283.2310; (0.17, 0.04, 0.48);
283.2400; (0.17, 0.04, 0.48);
283.2423; (0.17, 0.04, 0.47);
283.2423; (0.17, 0.04, 0.47);
283.2530; (0.17, 0.04, 0.48);
283.2530; (0.17, 0.04, 0.47);
283.2600; (0.17, 0.04, 0.48);
283.2641; (0.17, 0.04, 0.47);
283.2641; (0.17, 0.04, 0.47);
283.2752; (0.17, 0.04, 0.47);
283.2752; (0.17, 0.04, 0.47);
283.2800; (0.17, 0.04, 0.48);
283.2861; (0.17, 0.04, 0.47);
283.2861; (0.17, 0.04, 0.47);
283.2973; (0.17, 0.04, 0.48);
283.2973; (0.17, 0.04, 0.47);
283.3000; (0.17, 0.04, 0.47);
283.3085; (0.17, 0.04, 0.47);
283.3085; (0.17, 0.04, 0.47);
283.3195; (0.17, 0.04, 0.48);
283.3195; (0.17, 0.04, 0.47);
283.3200; (0.17, 0.04, 0.47);
283.3306; (0.17, 0.04, 0.48);
283.3306; (0.17, 0.04, 0.47);
283.3400; (0.17, 0.04, 0.48);
283.3420; (0.17, 0.04, 0.47);
283.3420; (0.17, 0.04, 0.47);
283.3528; (0.17, 0.04, 0.48);
283.3528; (0.17, 0.04, 0.48);
283.3600; (0.17, 0.04, 0.48);
283.3642; (0.17, 0.04, 0.48);
283.3642; (0.17, 0.04, 0.48);
283.3751; (0.17, 0.04, 0.48);
283.3751; (0.17, 0.04, 0.48);
283.3800; (0.17, 0.04, 0.48);
283.3861; (0.17, 0.04, 0.48);
283.3861; (0.17, 0.04, 0.48);
283.3972; (0.17, 0.04, 0.48);
283.3972; (0.17, 0.03, 0.48);
283.4000; (0.17, 0.03, 0.48);
283.4087; (0.17, 0.04, 0.48);
283.4087; (0.17, 0.03, 0.48);
283.4199; (0.17, 0.03, 0.48);
283.4199; (0.17, 0.03, 0.48);
283.4200; (0.17, 0.03, 0.48);
283.4308; (0.17, 0.03, 0.48);
283.4308; (0.17, 0.03, 0.48);
283.4400; (0.17, 0.03, 0.48);
283.4430; (0.17, 0.03, 0.48);
283.4430; (0.17, 0.03, 0.48);
283.4531; (0.17, 0.03, 0.48);
283.4531; (0.17, 0.03, 0.48);
283.4600; (0.17, 0.03, 0.48);
283.4643; (0.17, 0.03, 0.48);
283.4643; (0.17, 0.03, 0.48);
283.4756; (0.17, 0.03, 0.48);
283.4756; (0.17, 0.03, 0.48);
283.4800; (0.17, 0.03, 0.48);
283.4868; (0.17, 0.03, 0.48);
283.4868; (0.17, 0.03, 0.48);
283.4974; (0.17, 0.03, 0.47);
283.4974; (0.17, 0.03, 0.47);
283.5000; (0.17, 0.03, 0.47);
283.5085; (0.17, 0.03, 0.47);
283.5085; (0.17, 0.03, 0.47);
283.5195; (0.17, 0.04, 0.47);
283.5195; (0.17, 0.04, 0.47);
283.5200; (0.17, 0.04, 0.47);
283.5305; (0.17, 0.04, 0.47);
283.5305; (0.17, 0.04, 0.47);
283.5400; (0.18, 0.04, 0.47);
283.5420; (0.18, 0.04, 0.47);
283.5420; (0.18, 0.04, 0.47);
283.5531; (0.18, 0.04, 0.47);
283.5531; (0.18, 0.04, 0.47);
283.5600; (0.18, 0.04, 0.47);
283.5646; (0.18, 0.04, 0.47);
283.5646; (0.18, 0.04, 0.47);
283.5754; (0.18, 0.04, 0.47);
283.5754; (0.18, 0.04, 0.47);
283.5800; (0.18, 0.04, 0.47);
283.5865; (0.18, 0.04, 0.47);
283.5865; (0.18, 0.04, 0.47);
283.5975; (0.18, 0.04, 0.47);
283.5975; (0.18, 0.04, 0.47);
283.6000; (0.18, 0.04, 0.47);
283.6088; (0.18, 0.04, 0.47);
283.6088; (0.18, 0.04, 0.47);
283.6197; (0.18, 0.04, 0.47);
283.6197; (0.18, 0.04, 0.47);
283.6200; (0.18, 0.04, 0.47);
283.6308; (0.18, 0.04, 0.47);
283.6308; (0.18, 0.04, 0.47);
283.6400; (0.18, 0.04, 0.47);
283.6418; (0.18, 0.04, 0.47);
283.6418; (0.18, 0.04, 0.47);
283.6528; (0.18, 0.04, 0.47);
283.6528; (0.18, 0.04, 0.47);
283.6600; (0.18, 0.04, 0.47);
283.6640; (0.18, 0.04, 0.47);
283.6640; (0.18, 0.04, 0.47);
283.6755; (0.18, 0.04, 0.47);
283.6755; (0.18, 0.04, 0.47);
283.6800; (0.18, 0.04, 0.47);
283.6862; (0.18, 0.04, 0.47);
283.6862; (0.18, 0.04, 0.47);
283.6972; (0.18, 0.04, 0.47);
283.6972; (0.18, 0.04, 0.47);
283.7000; (0.18, 0.04, 0.47);
283.7085; (0.18, 0.04, 0.47);
283.7085; (0.18, 0.04, 0.47);
283.7195; (0.18, 0.04, 0.48);
283.7195; (0.18, 0.03, 0.48);
283.7200; (0.18, 0.03, 0.48);
283.7306; (0.18, 0.03, 0.48);
283.7306; (0.18, 0.03, 0.48);
283.7400; (0.18, 0.03, 0.48);
283.7419; (0.18, 0.03, 0.48);
283.7419; (0.18, 0.03, 0.48);
283.7528; (0.18, 0.03, 0.48);
283.7528; (0.18, 0.03, 0.48);
283.7600; (0.18, 0.03, 0.48);
283.7641; (0.18, 0.03, 0.48);
283.7641; (0.18, 0.03, 0.48);
283.7752; (0.18, 0.03, 0.48);
283.7752; (0.18, 0.03, 0.48);
283.7800; (0.18, 0.03, 0.48);
283.7861; (0.17, 0.03, 0.48);
283.7861; (0.17, 0.03, 0.48);
283.7973; (0.17, 0.03, 0.48);
283.7973; (0.17, 0.03, 0.48);
283.8000; (0.17, 0.03, 0.48);
283.8085; (0.17, 0.03, 0.48);
283.8085; (0.17, 0.03, 0.48);
283.8195; (0.17, 0.03, 0.48);
283.8195; (0.17, 0.03, 0.48);
283.8200; (0.17, 0.03, 0.48);
283.8306; (0.17, 0.03, 0.48);
283.8306; (0.17, 0.03, 0.48);
283.8400; (0.17, 0.03, 0.48);
283.8419; (0.17, 0.03, 0.48);
283.8419; (0.17, 0.03, 0.48);
283.8528; (0.17, 0.03, 0.48);
283.8528; (0.17, 0.03, 0.48);
283.8600; (0.17, 0.03, 0.48);
283.8642; (0.17, 0.03, 0.48);
283.8642; (0.17, 0.03, 0.48);
283.8753; (0.17, 0.03, 0.48);
283.8753; (0.17, 0.03, 0.48);
283.8800; (0.18, 0.03, 0.48);
283.8863; (0.18, 0.03, 0.48);
283.8863; (0.18, 0.03, 0.48);
283.8975; (0.18, 0.03, 0.48);
283.8975; (0.18, 0.03, 0.48);
283.9000; (0.18, 0.03, 0.48);
283.9087; (0.18, 0.03, 0.48);
283.9087; (0.18, 0.03, 0.48);
283.9200; (0.18, 0.03, 0.48);
283.9200; (0.18, 0.03, 0.48);
283.9200; (0.18, 0.03, 0.48);
283.9308; (0.18, 0.03, 0.48);
283.9308; (0.18, 0.03, 0.48);
283.9400; (0.18, 0.03, 0.48);
283.9420; (0.18, 0.03, 0.48);
283.9420; (0.18, 0.03, 0.48);
283.9531; (0.18, 0.03, 0.48);
283.9531; (0.18, 0.03, 0.48);
283.9600; (0.18, 0.03, 0.48);
283.9641; (0.18, 0.03, 0.48);
283.9641; (0.18, 0.03, 0.48);
283.9756; (0.18, 0.03, 0.48);
283.9756; (0.18, 0.03, 0.48);
283.9800; (0.18, 0.03, 0.48);
283.9864; (0.18, 0.03, 0.48);
283.9864; (0.18, 0.03, 0.48);
283.9975; (0.18, 0.03, 0.48);
283.9975; (0.18, 0.03, 0.49);
284.0000; (0.18, 0.03, 0.49);
284.0085; (0.18, 0.03, 0.49);
284.0085; (0.18, 0.03, 0.49);
284.0196; (0.18, 0.03, 0.49);
284.0196; (0.18, 0.03, 0.49);
284.0200; (0.18, 0.03, 0.49);
284.0306; (0.18, 0.03, 0.49);
284.0306; (0.18, 0.03, 0.49);
284.0400; (0.18, 0.03, 0.49);
284.0418; (0.18, 0.03, 0.49);
284.0418; (0.18, 0.03, 0.49);
284.0527; (0.18, 0.03, 0.49);
284.0527; (0.18, 0.03, 0.49);
284.0600; (0.18, 0.04, 0.49);
284.0640; (0.18, 0.04, 0.49);
284.0640; (0.18, 0.04, 0.49);
284.0754; (0.18, 0.04, 0.49);
284.0754; (0.18, 0.04, 0.49);
284.0800; (0.18, 0.04, 0.49);
284.0864; (0.18, 0.04, 0.49);
284.0864; (0.18, 0.04, 0.49);
284.0975; (0.18, 0.04, 0.49);
284.0975; (0.18, 0.04, 0.49);
284.1000; (0.18, 0.04, 0.49);
284.1088; (0.18, 0.04, 0.49);
284.1088; (0.18, 0.04, 0.49);
284.1197; (0.18, 0.04, 0.49);
284.1197; (0.18, 0.04, 0.49);
284.1200; (0.18, 0.04, 0.49);
284.1308; (0.18, 0.04, 0.49);
284.1308; (0.18, 0.04, 0.49);
284.1400; (0.18, 0.04, 0.49);
284.1420; (0.18, 0.04, 0.49);
284.1420; (0.18, 0.04, 0.49);
284.1530; (0.18, 0.04, 0.49);
284.1530; (0.18, 0.04, 0.49);
284.1600; (0.18, 0.04, 0.49);
284.1641; (0.18, 0.04, 0.49);
284.1641; (0.18, 0.04, 0.49);
284.1752; (0.18, 0.04, 0.49);
284.1752; (0.18, 0.04, 0.49);
284.1800; (0.18, 0.04, 0.49);
284.1865; (0.18, 0.04, 0.49);
284.1865; (0.18, 0.04, 0.49);
284.1979; (0.18, 0.04, 0.49);
284.1979; (0.18, 0.04, 0.49);
284.2000; (0.18, 0.04, 0.49);
284.2088; (0.18, 0.04, 0.49);
284.2088; (0.18, 0.04, 0.49);
284.2199; (0.18, 0.04, 0.49);
284.2199; (0.18, 0.04, 0.49);
284.2200; (0.18, 0.04, 0.49);
284.2310; (0.18, 0.04, 0.49);
284.2310; (0.18, 0.04, 0.49);
284.2400; (0.18, 0.04, 0.49);
284.2419; (0.18, 0.04, 0.49);
284.2419; (0.18, 0.04, 0.49);
284.2530; (0.18, 0.04, 0.49);
284.2530; (0.18, 0.04, 0.50);
284.2600; (0.18, 0.04, 0.50);
284.2642; (0.18, 0.04, 0.50);
284.2642; (0.18, 0.04, 0.50);
284.2763; (0.18, 0.04, 0.50);
284.2763; (0.18, 0.04, 0.50);
284.2800; (0.18, 0.04, 0.50);
284.2864; (0.18, 0.03, 0.50);
284.2864; (0.18, 0.03, 0.50);
284.2974; (0.18, 0.04, 0.49);
284.2974; (0.18, 0.04, 0.49);
284.3000; (0.18, 0.04, 0.49);
284.3086; (0.18, 0.04, 0.49);
284.3086; (0.18, 0.04, 0.49);
284.3195; (0.18, 0.04, 0.49);
284.3195; (0.18, 0.04, 0.50);
284.3200; (0.18, 0.04, 0.50);
284.3306; (0.18, 0.04, 0.50);
284.3306; (0.18, 0.04, 0.50);
284.3400; (0.18, 0.04, 0.50);
284.3419; (0.18, 0.04, 0.50);
284.3419; (0.18, 0.04, 0.50);
284.3529; (0.18, 0.04, 0.50);
