Experiment: 6
Latency: 600
Source: (0.17, 0.68, 0.50)
SourceSize: 0.0750
Target: (0.83, 0.32, 0.50)
TargetSize: 0.0250

Trace:
time; position; button;
190.3849; (0.15, 0.70, 0.52);
190.3849; (0.15, 0.70, 0.52);
190.3960; (0.15, 0.70, 0.52);
190.3960; (0.15, 0.70, 0.52);
190.4000; (0.15, 0.70, 0.52);
190.4074; (0.15, 0.70, 0.52);
190.4074; (0.15, 0.70, 0.52);
190.4182; (0.15, 0.70, 0.52);
190.4182; (0.15, 0.70, 0.52);
190.4200; (0.15, 0.70, 0.52);
190.4292; (0.15, 0.70, 0.52);
190.4292; (0.15, 0.70, 0.52);
190.4400; (0.15, 0.70, 0.52);
190.4405; (0.15, 0.70, 0.52);
190.4405; (0.15, 0.70, 0.52);
190.4513; (0.15, 0.70, 0.52);
190.4513; (0.15, 0.70, 0.52);
190.4600; (0.15, 0.70, 0.52);
190.4624; (0.15, 0.70, 0.52);
190.4624; (0.15, 0.70, 0.52);
190.4736; (0.15, 0.70, 0.52);
190.4736; (0.15, 0.70, 0.52);
190.4800; (0.15, 0.70, 0.52);
190.4850; (0.15, 0.70, 0.52);
190.4850; (0.15, 0.70, 0.52);
190.4956; (0.15, 0.70, 0.52);
190.4956; (0.16, 0.71, 0.53);
190.5000; (0.16, 0.71, 0.53);
190.5071; (0.16, 0.71, 0.53);
190.5071; (0.16, 0.70, 0.53);
190.5181; (0.16, 0.70, 0.53);
190.5181; (0.16, 0.70, 0.53);
190.5200; (0.16, 0.70, 0.53);
190.5291; (0.16, 0.70, 0.53);
190.5291; (0.16, 0.70, 0.53);
190.5400; (0.16, 0.70, 0.53);
190.5403; (0.16, 0.70, 0.53);
190.5403; (0.16, 0.70, 0.53);
190.5512; (0.16, 0.70, 0.53);
190.5512; (0.16, 0.70, 0.53);
190.5600; (0.16, 0.70, 0.53);
190.5626; (0.16, 0.70, 0.53);
190.5626; (0.16, 0.70, 0.53);
190.5736; (0.16, 0.70, 0.53);
190.5736; (0.16, 0.70, 0.53);
190.5800; (0.16, 0.70, 0.53);
190.5844; (0.16, 0.70, 0.53);
190.5844; (0.16, 0.70, 0.54);
190.5958; (0.16, 0.70, 0.54);
190.5958; (0.16, 0.70, 0.54);
190.6000; (0.16, 0.70, 0.54);
190.6070; (0.16, 0.70, 0.54);
190.6070; (0.16, 0.70, 0.54);
190.6179; (0.16, 0.70, 0.54);
190.6179; (0.16, 0.70, 0.54);
190.6200; (0.16, 0.70, 0.54);
190.6287; (0.16, 0.70, 0.54);
190.6287; (0.16, 0.70, 0.54);
190.6400; (0.15, 0.70, 0.54);
190.6404; (0.15, 0.70, 0.54);
190.6404; (0.15, 0.70, 0.54);
190.6514; (0.15, 0.70, 0.54);
190.6514; (0.15, 0.70, 0.55);
190.6600; (0.15, 0.70, 0.55);
190.6622; (0.15, 0.70, 0.55);
190.6622; (0.15, 0.70, 0.55);
190.6737; (0.15, 0.70, 0.55);
190.6737; (0.15, 0.70, 0.55);
190.6800; (0.15, 0.70, 0.55);
190.6847; (0.15, 0.70, 0.55);
190.6847; (0.15, 0.70, 0.55);
190.6957; (0.15, 0.70, 0.55);
190.6957; (0.15, 0.70, 0.55);
190.7000; (0.15, 0.70, 0.55);
190.7069; (0.15, 0.70, 0.55);
190.7069; (0.15, 0.70, 0.56);
190.7177; (0.15, 0.70, 0.56);
190.7177; (0.15, 0.70, 0.56);
190.7200; (0.15, 0.70, 0.56);
190.7287; (0.15, 0.70, 0.56);
190.7287; (0.16, 0.70, 0.56);
190.7400; (0.16, 0.70, 0.56);
190.7406; (0.16, 0.70, 0.56);
190.7406; (0.16, 0.70, 0.56);
190.7514; (0.16, 0.70, 0.56);
190.7514; (0.16, 0.70, 0.56);
190.7600; (0.16, 0.70, 0.56);
190.7624; (0.16, 0.70, 0.56);
190.7624; (0.16, 0.70, 0.57);
190.7740; (0.16, 0.70, 0.57);
190.7740; (0.16, 0.70, 0.57);
190.7800; (0.16, 0.70, 0.57);
190.7843; (0.16, 0.70, 0.57);
190.7843; (0.16, 0.70, 0.57);
190.7957; (0.16, 0.70, 0.57);
190.7957; (0.16, 0.70, 0.57);
190.8000; (0.16, 0.70, 0.57);
190.8070; (0.16, 0.70, 0.57);
190.8070; (0.16, 0.70, 0.57);
190.8180; (0.16, 0.70, 0.57);
190.8180; (0.16, 0.70, 0.57);
190.8200; (0.16, 0.70, 0.57);
190.8294; (0.16, 0.70, 0.57);
190.8294; (0.16, 0.70, 0.57);
190.8400; (0.16, 0.70, 0.57);
190.8405; (0.16, 0.69, 0.57);
190.8405; (0.16, 0.69, 0.57);
190.8511; (0.16, 0.69, 0.57);
190.8511; (0.17, 0.69, 0.57);
190.8600; (0.17, 0.69, 0.57);
190.8625; (0.17, 0.69, 0.57);
190.8625; (0.17, 0.69, 0.57);
190.8738; (0.17, 0.69, 0.57);
190.8738; (0.17, 0.69, 0.57);
190.8800; (0.17, 0.69, 0.57);
190.8847; (0.17, 0.69, 0.57);
190.8847; (0.17, 0.69, 0.57);
190.8958; (0.17, 0.69, 0.57);
190.8958; (0.17, 0.69, 0.57);
190.9000; (0.17, 0.69, 0.57);
190.9072; (0.17, 0.69, 0.57);
190.9072; (0.17, 0.69, 0.57);
190.9181; (0.17, 0.69, 0.57);
190.9181; (0.17, 0.69, 0.57);
190.9200; (0.17, 0.69, 0.57);
190.9291; (0.17, 0.69, 0.57);
190.9291; (0.17, 0.69, 0.57);
190.9400; (0.17, 0.69, 0.57);
190.9402; (0.17, 0.68, 0.57);
190.9402; (0.17, 0.68, 0.57);
190.9510; (0.17, 0.68, 0.57);
190.9510; (0.17, 0.68, 0.56);
190.9600; (0.17, 0.68, 0.56);
190.9626; (0.17, 0.68, 0.57);
190.9626; (0.17, 0.68, 0.56);
190.9734; (0.17, 0.68, 0.56);
190.9734; (0.17, 0.68, 0.57);
190.9800; (0.17, 0.68, 0.57);
190.9849; (0.16, 0.68, 0.56);
190.9849; (0.16, 0.68, 0.56);
190.9955; (0.16, 0.68, 0.56);
190.9955; (0.16, 0.68, 0.56);
191.0000; (0.16, 0.68, 0.56);
191.0072; (0.16, 0.68, 0.56);
191.0072; (0.16, 0.68, 0.56);
191.0176; (0.16, 0.68, 0.56);
191.0176; (0.16, 0.68, 0.56);
191.0200; (0.16, 0.68, 0.56);
191.0288; (0.16, 0.68, 0.56);
191.0288; (0.16, 0.68, 0.56);
191.0400; (0.16, 0.68, 0.56);
191.0409; (0.17, 0.68, 0.56);
191.0409; (0.17, 0.68, 0.56);
191.0511; (0.17, 0.68, 0.56);
191.0511; (0.17, 0.68, 0.56);
191.0600; (0.17, 0.68, 0.56);
191.0621; (0.17, 0.68, 0.56);
191.0621; (0.17, 0.68, 0.56);
191.0739; (0.17, 0.68, 0.56);
191.0739; (0.17, 0.68, 0.55);
191.0800; (0.17, 0.68, 0.55);
191.0843; (0.17, 0.68, 0.55);
191.0843; (0.17, 0.68, 0.55);
191.0957; (0.17, 0.68, 0.55);
191.0957; (0.17, 0.68, 0.55);
191.1000; (0.17, 0.68, 0.55);
191.1071; (0.17, 0.68, 0.55);
191.1071; (0.17, 0.68, 0.55);
191.1179; (0.17, 0.68, 0.55);
191.1179; (0.17, 0.68, 0.55);
191.1200; (0.17, 0.68, 0.55);
191.1287; (0.17, 0.68, 0.55);
191.1287; (0.17, 0.68, 0.55);
191.1400; (0.17, 0.68, 0.55);
191.1401; (0.17, 0.68, 0.54);
191.1401; (0.17, 0.68, 0.54);
191.1509; (0.17, 0.68, 0.54);
191.1509; (0.17, 0.68, 0.54);
191.1600; (0.17, 0.68, 0.54);
191.1623; (0.17, 0.68, 0.54);
191.1623; (0.17, 0.68, 0.54);
191.1734; (0.17, 0.68, 0.54);
191.1734; (0.17, 0.68, 0.54);
191.1800; (0.17, 0.68, 0.54);
191.1843; (0.17, 0.68, 0.54);
191.1843; (0.17, 0.68, 0.54);
191.1965; (0.17, 0.68, 0.54);
191.1965; (0.17, 0.68, 0.53);
191.2000; (0.17, 0.68, 0.53);
191.2068; (0.17, 0.68, 0.53);
191.2068; (0.17, 0.68, 0.53);
191.2179; (0.17, 0.68, 0.53);
191.2179; (0.17, 0.68, 0.53);
191.2200; (0.17, 0.68, 0.53);
191.2294; (0.18, 0.68, 0.53);
191.2294; (0.18, 0.68, 0.53);
191.2400; (0.18, 0.68, 0.53);
191.2403; (0.18, 0.68, 0.52);
191.2403; (0.18, 0.68, 0.52);
191.2512; (0.18, 0.68, 0.52);
191.2512; (0.18, 0.67, 0.52);
191.2600; (0.18, 0.67, 0.52);
191.2627; (0.18, 0.67, 0.52);
191.2627; (0.19, 0.67, 0.52);
191.2739; (0.19, 0.67, 0.52);
191.2739; (0.19, 0.67, 0.52);
191.2800; (0.19, 0.67, 0.52);
191.2846; (0.19, 0.67, 0.52);
191.2846; (0.19, 0.66, 0.51);
191.2959; (0.19, 0.66, 0.51);
191.2959; (0.19, 0.66, 0.51);
191.3000; (0.19, 0.66, 0.51);
191.3074; (0.19, 0.66, 0.51);
191.3074; (0.19, 0.65, 0.51);
191.3182; (0.19, 0.65, 0.51);
191.3182; (0.20, 0.65, 0.50);
191.3200; (0.20, 0.65, 0.50);
191.3291; (0.20, 0.65, 0.50);
191.3291; (0.20, 0.65, 0.50);
191.3400; (0.20, 0.64, 0.50);
191.3405; (0.21, 0.64, 0.49);
191.3405; (0.21, 0.64, 0.49);
191.3513; (0.21, 0.64, 0.49);
191.3513; (0.21, 0.63, 0.49);
191.3600; (0.21, 0.63, 0.49);
191.3622; (0.21, 0.63, 0.49);
191.3622; (0.21, 0.63, 0.48);
191.3738; (0.21, 0.62, 0.48);
191.3738; (0.22, 0.62, 0.48);
191.3800; (0.22, 0.62, 0.48);
191.3847; (0.22, 0.62, 0.48);
191.3847; (0.22, 0.61, 0.47);
191.3959; (0.22, 0.61, 0.47);
191.3959; (0.23, 0.60, 0.47);
191.4000; (0.23, 0.60, 0.47);
191.4069; (0.23, 0.60, 0.47);
191.4069; (0.23, 0.59, 0.47);
191.4183; (0.23, 0.59, 0.47);
191.4183; (0.24, 0.58, 0.46);
191.4200; (0.24, 0.58, 0.46);
191.4300; (0.24, 0.58, 0.46);
191.4300; (0.24, 0.57, 0.45);
191.4400; (0.24, 0.57, 0.45);
191.4409; (0.25, 0.56, 0.45);
191.4409; (0.25, 0.56, 0.45);
191.4515; (0.25, 0.56, 0.45);
191.4515; (0.25, 0.55, 0.44);
191.4600; (0.25, 0.55, 0.44);
191.4622; (0.25, 0.55, 0.44);
191.4622; (0.26, 0.54, 0.44);
191.4740; (0.26, 0.54, 0.44);
191.4740; (0.26, 0.53, 0.43);
191.4800; (0.26, 0.53, 0.43);
191.4848; (0.26, 0.53, 0.43);
191.4848; (0.27, 0.52, 0.43);
191.4958; (0.27, 0.52, 0.43);
191.4958; (0.28, 0.51, 0.42);
191.5000; (0.28, 0.51, 0.42);
191.5071; (0.28, 0.51, 0.42);
191.5071; (0.29, 0.50, 0.42);
191.5178; (0.29, 0.50, 0.42);
191.5178; (0.30, 0.49, 0.41);
191.5200; (0.30, 0.49, 0.41);
191.5290; (0.30, 0.49, 0.41);
191.5290; (0.31, 0.48, 0.41);
191.5400; (0.31, 0.48, 0.41);
191.5405; (0.31, 0.47, 0.40);
191.5405; (0.31, 0.47, 0.40);
191.5513; (0.32, 0.47, 0.40);
191.5513; (0.32, 0.46, 0.40);
191.5600; (0.32, 0.46, 0.40);
191.5623; (0.32, 0.46, 0.40);
191.5623; (0.33, 0.45, 0.40);
191.5738; (0.33, 0.45, 0.40);
191.5738; (0.34, 0.44, 0.39);
191.5800; (0.34, 0.44, 0.39);
191.5849; (0.34, 0.44, 0.39);
191.5849; (0.35, 0.43, 0.39);
191.5955; (0.35, 0.43, 0.39);
191.5955; (0.36, 0.42, 0.38);
191.6000; (0.36, 0.42, 0.38);
191.6070; (0.36, 0.42, 0.38);
191.6070; (0.37, 0.41, 0.37);
191.6179; (0.37, 0.41, 0.38);
191.6179; (0.38, 0.41, 0.37);
191.6200; (0.38, 0.41, 0.37);
191.6288; (0.38, 0.41, 0.37);
191.6288; (0.39, 0.40, 0.37);
191.6400; (0.39, 0.40, 0.37);
191.6406; (0.40, 0.39, 0.36);
191.6406; (0.40, 0.39, 0.36);
191.6512; (0.40, 0.39, 0.36);
191.6512; (0.41, 0.38, 0.36);
191.6600; (0.41, 0.38, 0.36);
191.6628; (0.41, 0.38, 0.36);
191.6628; (0.42, 0.37, 0.36);
191.6737; (0.42, 0.37, 0.36);
191.6737; (0.43, 0.37, 0.35);
191.6800; (0.43, 0.37, 0.35);
191.6846; (0.43, 0.37, 0.35);
191.6846; (0.44, 0.36, 0.35);
191.6959; (0.44, 0.36, 0.35);
191.6959; (0.45, 0.35, 0.35);
191.7000; (0.45, 0.35, 0.35);
191.7069; (0.45, 0.35, 0.35);
191.7069; (0.46, 0.34, 0.34);
191.7177; (0.46, 0.34, 0.34);
191.7177; (0.47, 0.33, 0.34);
191.7200; (0.47, 0.33, 0.34);
191.7290; (0.47, 0.33, 0.34);
191.7290; (0.48, 0.33, 0.33);
191.7400; (0.48, 0.32, 0.34);
191.7405; (0.50, 0.32, 0.33);
191.7405; (0.50, 0.32, 0.33);
191.7511; (0.49, 0.32, 0.33);
191.7511; (0.50, 0.32, 0.33);
191.7600; (0.50, 0.32, 0.33);
191.7623; (0.50, 0.32, 0.33);
191.7623; (0.51, 0.31, 0.33);
191.7735; (0.51, 0.31, 0.33);
191.7735; (0.53, 0.30, 0.33);
191.7800; (0.53, 0.30, 0.33);
191.7846; (0.53, 0.30, 0.33);
191.7846; (0.54, 0.30, 0.33);
191.7959; (0.54, 0.30, 0.33);
191.7959; (0.55, 0.29, 0.32);
191.8000; (0.55, 0.29, 0.32);
191.8072; (0.55, 0.30, 0.32);
191.8072; (0.56, 0.29, 0.32);
191.8180; (0.56, 0.29, 0.32);
191.8180; (0.57, 0.29, 0.32);
191.8200; (0.57, 0.29, 0.32);
191.8290; (0.57, 0.29, 0.32);
191.8290; (0.58, 0.29, 0.32);
191.8400; (0.58, 0.29, 0.32);
191.8400; (0.59, 0.29, 0.32);
191.8400; (0.59, 0.29, 0.32);
191.8511; (0.59, 0.30, 0.32);
191.8511; (0.61, 0.30, 0.32);
191.8600; (0.61, 0.30, 0.32);
191.8626; (0.61, 0.30, 0.32);
191.8626; (0.62, 0.30, 0.32);
191.8736; (0.62, 0.30, 0.32);
191.8736; (0.63, 0.30, 0.31);
191.8800; (0.63, 0.30, 0.31);
191.8849; (0.63, 0.30, 0.31);
191.8849; (0.64, 0.30, 0.31);
191.8956; (0.64, 0.30, 0.31);
191.8956; (0.65, 0.30, 0.31);
191.9000; (0.65, 0.30, 0.31);
191.9072; (0.65, 0.30, 0.31);
191.9072; (0.66, 0.30, 0.31);
191.9180; (0.66, 0.30, 0.31);
191.9180; (0.67, 0.30, 0.31);
191.9200; (0.67, 0.30, 0.31);
191.9292; (0.67, 0.30, 0.31);
191.9292; (0.68, 0.30, 0.30);
191.9400; (0.68, 0.30, 0.31);
191.9405; (0.69, 0.30, 0.30);
191.9405; (0.69, 0.30, 0.30);
191.9512; (0.69, 0.30, 0.31);
191.9512; (0.70, 0.30, 0.30);
191.9600; (0.70, 0.30, 0.30);
191.9624; (0.70, 0.30, 0.31);
191.9624; (0.71, 0.30, 0.30);
191.9734; (0.71, 0.30, 0.30);
191.9734; (0.72, 0.30, 0.30);
191.9800; (0.72, 0.30, 0.30);
191.9845; (0.72, 0.30, 0.31);
191.9845; (0.73, 0.29, 0.31);
191.9956; (0.72, 0.29, 0.31);
191.9956; (0.73, 0.29, 0.31);
192.0000; (0.73, 0.29, 0.31);
192.0071; (0.73, 0.29, 0.31);
192.0071; (0.74, 0.29, 0.31);
192.0181; (0.74, 0.29, 0.31);
192.0181; (0.75, 0.29, 0.31);
192.0200; (0.75, 0.29, 0.31);
192.0289; (0.75, 0.29, 0.31);
192.0289; (0.76, 0.29, 0.31);
192.0400; (0.75, 0.29, 0.31);
192.0405; (0.76, 0.29, 0.31);
192.0405; (0.76, 0.29, 0.31);
192.0511; (0.76, 0.29, 0.31);
192.0511; (0.77, 0.29, 0.31);
192.0600; (0.77, 0.29, 0.31);
192.0625; (0.77, 0.29, 0.31);
192.0625; (0.77, 0.29, 0.31);
192.0735; (0.78, 0.29, 0.31);
192.0735; (0.78, 0.29, 0.31);
192.0800; (0.78, 0.29, 0.31);
192.0847; (0.78, 0.29, 0.32);
192.0847; (0.79, 0.29, 0.32);
192.0960; (0.79, 0.28, 0.32);
192.0960; (0.80, 0.28, 0.32);
192.1000; (0.80, 0.28, 0.32);
192.1069; (0.80, 0.28, 0.32);
192.1069; (0.80, 0.28, 0.33);
192.1180; (0.80, 0.28, 0.33);
192.1180; (0.81, 0.28, 0.33);
192.1200; (0.81, 0.28, 0.33);
192.1293; (0.81, 0.28, 0.33);
192.1293; (0.81, 0.28, 0.33);
192.1400; (0.81, 0.28, 0.33);
192.1403; (0.82, 0.28, 0.33);
192.1403; (0.82, 0.28, 0.33);
192.1512; (0.82, 0.28, 0.33);
192.1512; (0.83, 0.28, 0.34);
192.1600; (0.83, 0.28, 0.34);
192.1623; (0.82, 0.28, 0.34);
192.1623; (0.83, 0.27, 0.34);
192.1735; (0.83, 0.27, 0.34);
192.1735; (0.83, 0.27, 0.34);
192.1800; (0.83, 0.27, 0.34);
192.1843; (0.83, 0.27, 0.34);
192.1843; (0.84, 0.27, 0.34);
192.1960; (0.84, 0.27, 0.34);
192.1960; (0.84, 0.27, 0.35);
192.2000; (0.84, 0.27, 0.35);
192.2067; (0.84, 0.27, 0.35);
192.2067; (0.84, 0.27, 0.35);
192.2180; (0.84, 0.27, 0.35);
192.2180; (0.85, 0.27, 0.36);
192.2200; (0.85, 0.27, 0.36);
192.2290; (0.85, 0.27, 0.36);
192.2290; (0.85, 0.28, 0.36);
192.2400; (0.85, 0.27, 0.36);
192.2402; (0.85, 0.27, 0.37);
192.2402; (0.85, 0.27, 0.37);
192.2511; (0.85, 0.27, 0.37);
192.2511; (0.85, 0.27, 0.37);
192.2600; (0.85, 0.27, 0.37);
192.2625; (0.85, 0.27, 0.37);
192.2625; (0.86, 0.27, 0.37);
192.2734; (0.86, 0.27, 0.38);
192.2734; (0.86, 0.27, 0.38);
192.2800; (0.86, 0.27, 0.38);
192.2844; (0.86, 0.27, 0.38);
192.2844; (0.86, 0.27, 0.38);
192.2962; (0.86, 0.27, 0.38);
192.2962; (0.86, 0.27, 0.39);
192.3000; (0.86, 0.27, 0.39);
192.3071; (0.86, 0.27, 0.38);
192.3071; (0.86, 0.27, 0.39);
192.3178; (0.86, 0.27, 0.39);
192.3178; (0.86, 0.28, 0.39);
192.3200; (0.86, 0.28, 0.39);
192.3291; (0.86, 0.27, 0.39);
192.3291; (0.87, 0.27, 0.39);
192.3400; (0.87, 0.27, 0.40);
192.3403; (0.87, 0.27, 0.40);
192.3403; (0.87, 0.27, 0.40);
192.3513; (0.87, 0.27, 0.40);
192.3513; (0.87, 0.27, 0.40);
192.3600; (0.87, 0.27, 0.40);
192.3624; (0.87, 0.27, 0.40);
192.3624; (0.87, 0.27, 0.41);
192.3736; (0.87, 0.27, 0.41);
192.3736; (0.87, 0.27, 0.41);
192.3800; (0.87, 0.27, 0.41);
192.3846; (0.87, 0.27, 0.41);
192.3846; (0.88, 0.27, 0.41);
192.3958; (0.88, 0.27, 0.42);
192.3958; (0.88, 0.27, 0.42);
192.4000; (0.88, 0.27, 0.42);
192.4071; (0.88, 0.27, 0.42);
192.4071; (0.88, 0.27, 0.42);
192.4183; (0.88, 0.27, 0.42);
192.4183; (0.88, 0.27, 0.43);
192.4200; (0.88, 0.27, 0.43);
192.4293; (0.88, 0.27, 0.43);
192.4293; (0.88, 0.27, 0.43);
192.4400; (0.88, 0.27, 0.43);
192.4404; (0.88, 0.27, 0.44);
192.4404; (0.88, 0.27, 0.44);
192.4513; (0.88, 0.27, 0.44);
192.4513; (0.88, 0.27, 0.44);
192.4600; (0.88, 0.27, 0.44);
192.4623; (0.88, 0.27, 0.44);
192.4623; (0.88, 0.27, 0.44);
192.4736; (0.88, 0.27, 0.44);
192.4736; (0.88, 0.27, 0.45);
192.4800; (0.88, 0.27, 0.45);
192.4845; (0.88, 0.27, 0.45);
192.4845; (0.88, 0.27, 0.45);
192.4966; (0.88, 0.27, 0.45);
192.4966; (0.88, 0.27, 0.45);
192.5000; (0.88, 0.27, 0.45);
192.5070; (0.88, 0.27, 0.45);
192.5070; (0.88, 0.27, 0.46);
192.5180; (0.88, 0.27, 0.46);
192.5180; (0.88, 0.27, 0.46);
192.5200; (0.88, 0.27, 0.46);
192.5293; (0.88, 0.27, 0.46);
192.5293; (0.88, 0.27, 0.46);
192.5400; (0.88, 0.27, 0.46);
192.5403; (0.88, 0.27, 0.47);
192.5403; (0.88, 0.27, 0.47);
192.5513; (0.88, 0.27, 0.47);
192.5513; (0.88, 0.27, 0.47);
192.5600; (0.88, 0.27, 0.47);
192.5626; (0.88, 0.27, 0.47);
192.5626; (0.88, 0.27, 0.47);
192.5734; (0.88, 0.27, 0.47);
192.5734; (0.89, 0.27, 0.47);
192.5800; (0.89, 0.27, 0.47);
192.5845; (0.89, 0.27, 0.47);
192.5845; (0.89, 0.27, 0.48);
192.5961; (0.89, 0.27, 0.48);
192.5961; (0.89, 0.27, 0.48);
192.6000; (0.89, 0.27, 0.48);
192.6070; (0.89, 0.27, 0.48);
192.6070; (0.89, 0.27, 0.48);
192.6181; (0.89, 0.27, 0.48);
192.6181; (0.89, 0.27, 0.49);
192.6200; (0.89, 0.27, 0.49);
192.6290; (0.89, 0.27, 0.49);
192.6290; (0.89, 0.27, 0.49);
192.6400; (0.89, 0.27, 0.49);
192.6401; (0.89, 0.27, 0.49);
192.6401; (0.89, 0.27, 0.49);
192.6515; (0.89, 0.27, 0.49);
192.6515; (0.89, 0.27, 0.49);
192.6600; (0.89, 0.27, 0.49);
192.6624; (0.89, 0.27, 0.49);
192.6624; (0.89, 0.27, 0.50);
192.6734; (0.89, 0.27, 0.50);
192.6734; (0.89, 0.27, 0.50);
192.6800; (0.89, 0.27, 0.50);
192.6843; (0.89, 0.27, 0.50);
192.6843; (0.89, 0.27, 0.50);
192.6959; (0.89, 0.27, 0.50);
192.6959; (0.89, 0.27, 0.51);
192.7000; (0.89, 0.27, 0.51);
192.7067; (0.89, 0.27, 0.50);
192.7067; (0.89, 0.27, 0.51);
192.7178; (0.89, 0.27, 0.51);
192.7178; (0.89, 0.27, 0.51);
192.7200; (0.89, 0.27, 0.51);
192.7291; (0.89, 0.27, 0.51);
192.7291; (0.89, 0.27, 0.51);
192.7400; (0.89, 0.27, 0.51);
192.7403; (0.89, 0.27, 0.51);
192.7403; (0.89, 0.27, 0.51);
192.7511; (0.89, 0.27, 0.51);
192.7511; (0.89, 0.27, 0.52);
192.7600; (0.89, 0.27, 0.52);
192.7623; (0.89, 0.27, 0.52);
192.7623; (0.89, 0.27, 0.52);
192.7736; (0.89, 0.27, 0.52);
192.7736; (0.89, 0.27, 0.52);
192.7800; (0.89, 0.27, 0.52);
192.7845; (0.89, 0.27, 0.52);
192.7845; (0.89, 0.27, 0.53);
192.7959; (0.89, 0.27, 0.52);
192.7959; (0.89, 0.27, 0.53);
192.8000; (0.89, 0.27, 0.53);
192.8071; (0.89, 0.27, 0.53);
192.8071; (0.89, 0.27, 0.53);
192.8181; (0.89, 0.27, 0.53);
192.8181; (0.89, 0.27, 0.53);
192.8200; (0.89, 0.27, 0.53);
192.8292; (0.89, 0.27, 0.53);
192.8292; (0.89, 0.27, 0.54);
192.8400; (0.89, 0.27, 0.54);
192.8403; (0.89, 0.27, 0.54);
192.8403; (0.89, 0.27, 0.54);
192.8510; (0.89, 0.27, 0.54);
192.8510; (0.89, 0.27, 0.54);
192.8600; (0.89, 0.27, 0.54);
192.8625; (0.89, 0.27, 0.54);
192.8625; (0.89, 0.27, 0.54);
192.8734; (0.89, 0.27, 0.54);
192.8734; (0.89, 0.27, 0.54);
192.8800; (0.89, 0.27, 0.54);
192.8848; (0.89, 0.27, 0.54);
192.8848; (0.89, 0.27, 0.55);
192.8960; (0.89, 0.27, 0.54);
192.8960; (0.88, 0.27, 0.55);
192.9000; (0.88, 0.27, 0.55);
192.9070; (0.88, 0.27, 0.55);
192.9070; (0.88, 0.27, 0.55);
192.9181; (0.88, 0.27, 0.55);
192.9181; (0.88, 0.27, 0.55);
192.9200; (0.88, 0.27, 0.55);
192.9291; (0.88, 0.27, 0.55);
192.9291; (0.88, 0.27, 0.55);
192.9400; (0.88, 0.27, 0.55);
192.9401; (0.88, 0.27, 0.55);
192.9401; (0.88, 0.27, 0.55);
192.9510; (0.88, 0.27, 0.55);
192.9510; (0.88, 0.27, 0.55);
192.9600; (0.88, 0.27, 0.55);
192.9624; (0.88, 0.27, 0.55);
192.9624; (0.88, 0.27, 0.56);
192.9734; (0.88, 0.27, 0.56);
192.9734; (0.87, 0.27, 0.56);
192.9800; (0.87, 0.27, 0.56);
192.9845; (0.87, 0.27, 0.56);
192.9845; (0.87, 0.27, 0.56);
192.9958; (0.87, 0.27, 0.56);
192.9958; (0.87, 0.27, 0.56);
193.0000; (0.87, 0.27, 0.56);
193.0068; (0.87, 0.27, 0.56);
193.0068; (0.87, 0.27, 0.56);
193.0181; (0.87, 0.27, 0.56);
193.0181; (0.87, 0.27, 0.56);
193.0200; (0.87, 0.27, 0.56);
193.0289; (0.87, 0.27, 0.56);
193.0289; (0.87, 0.27, 0.56);
193.0400; (0.87, 0.27, 0.56);
193.0404; (0.87, 0.27, 0.56);
193.0404; (0.87, 0.27, 0.56);
193.0513; (0.87, 0.27, 0.56);
193.0513; (0.87, 0.27, 0.57);
193.0600; (0.87, 0.27, 0.57);
193.0621; (0.87, 0.27, 0.56);
193.0621; (0.87, 0.27, 0.57);
193.0734; (0.87, 0.27, 0.57);
193.0734; (0.87, 0.27, 0.57);
193.0800; (0.87, 0.27, 0.57);
193.0845; (0.87, 0.27, 0.57);
193.0845; (0.87, 0.27, 0.57);
193.0960; (0.86, 0.27, 0.57);
193.0960; (0.86, 0.27, 0.57);
193.1000; (0.86, 0.27, 0.57);
193.1067; (0.86, 0.27, 0.57);
193.1067; (0.86, 0.27, 0.57);
193.1178; (0.86, 0.27, 0.57);
193.1178; (0.86, 0.27, 0.57);
193.1200; (0.86, 0.27, 0.57);
193.1292; (0.86, 0.27, 0.57);
193.1292; (0.86, 0.27, 0.57);
193.1400; (0.86, 0.27, 0.57);
193.1401; (0.86, 0.27, 0.57);
193.1401; (0.86, 0.27, 0.57);
193.1512; (0.86, 0.27, 0.57);
193.1512; (0.86, 0.27, 0.57);
193.1600; (0.86, 0.27, 0.57);
193.1623; (0.86, 0.27, 0.57);
193.1623; (0.86, 0.27, 0.57);
193.1738; (0.86, 0.27, 0.57);
193.1738; (0.86, 0.27, 0.57);
193.1800; (0.86, 0.27, 0.57);
193.1849; (0.86, 0.27, 0.57);
193.1849; (0.86, 0.27, 0.57);
193.1956; (0.86, 0.27, 0.57);
193.1956; (0.86, 0.27, 0.57);
193.2000; (0.86, 0.27, 0.57);
193.2066; (0.86, 0.27, 0.57);
193.2066; (0.86, 0.27, 0.57);
193.2180; (0.86, 0.27, 0.57);
193.2180; (0.86, 0.27, 0.57);
193.2200; (0.86, 0.27, 0.57);
193.2293; (0.86, 0.27, 0.57);
193.2293; (0.86, 0.27, 0.57);
193.2400; (0.86, 0.27, 0.57);
193.2400; (0.86, 0.27, 0.57);
193.2400; (0.86, 0.27, 0.57);
193.2513; (0.86, 0.27, 0.57);
193.2513; (0.86, 0.27, 0.57);
193.2600; (0.86, 0.27, 0.57);
193.2622; (0.86, 0.27, 0.57);
193.2622; (0.86, 0.27, 0.57);
193.2734; (0.86, 0.27, 0.57);
193.2734; (0.86, 0.27, 0.57);
193.2800; (0.86, 0.27, 0.57);
193.2847; (0.86, 0.27, 0.57);
193.2847; (0.86, 0.27, 0.57);
193.2959; (0.86, 0.27, 0.57);
193.2959; (0.86, 0.27, 0.57);
193.3000; (0.86, 0.27, 0.57);
193.3067; (0.86, 0.27, 0.57);
193.3067; (0.86, 0.27, 0.57);
193.3182; (0.86, 0.27, 0.57);
193.3182; (0.86, 0.27, 0.57);
193.3200; (0.86, 0.27, 0.57);
193.3288; (0.86, 0.27, 0.56);
193.3288; (0.86, 0.27, 0.56);
193.3400; (0.86, 0.27, 0.56);
193.3401; (0.86, 0.28, 0.56);
193.3401; (0.86, 0.28, 0.56);
193.3509; (0.86, 0.28, 0.56);
193.3509; (0.86, 0.28, 0.56);
193.3600; (0.86, 0.28, 0.56);
193.3624; (0.85, 0.28, 0.56);
193.3624; (0.85, 0.28, 0.56);
193.3738; (0.85, 0.28, 0.56);
193.3738; (0.85, 0.28, 0.56);
193.3800; (0.85, 0.28, 0.56);
193.3850; (0.85, 0.28, 0.56);
193.3850; (0.85, 0.28, 0.56);
193.3962; (0.85, 0.28, 0.56);
193.3962; (0.85, 0.29, 0.55);
193.4000; (0.85, 0.29, 0.55);
193.4072; (0.85, 0.29, 0.55);
193.4072; (0.85, 0.29, 0.55);
193.4183; (0.85, 0.29, 0.55);
193.4183; (0.85, 0.29, 0.55);
193.4200; (0.85, 0.29, 0.55);
193.4291; (0.85, 0.29, 0.55);
193.4291; (0.85, 0.29, 0.55);
193.4400; (0.85, 0.29, 0.55);
193.4402; (0.85, 0.29, 0.54);
193.4402; (0.85, 0.29, 0.54);
193.4513; (0.85, 0.29, 0.54);
193.4513; (0.85, 0.30, 0.54);
193.4600; (0.85, 0.30, 0.54);
193.4625; (0.85, 0.29, 0.54);
193.4625; (0.85, 0.30, 0.54);
193.4738; (0.85, 0.30, 0.54);
193.4738; (0.84, 0.30, 0.53);
193.4800; (0.84, 0.30, 0.53);
193.4844; (0.84, 0.30, 0.53);
193.4844; (0.84, 0.30, 0.53);
193.4959; (0.84, 0.30, 0.53);
193.4959; (0.84, 0.30, 0.52);
193.5000; (0.84, 0.30, 0.52);
193.5067; (0.84, 0.30, 0.53);
193.5067; (0.83, 0.30, 0.52);
193.5182; (0.83, 0.30, 0.52);
193.5182; (0.83, 0.30, 0.52);
193.5200; (0.83, 0.30, 0.52);
193.5290; (0.83, 0.30, 0.52);
193.5290; (0.83, 0.31, 0.52);
193.5400; (0.83, 0.31, 0.52);
193.5403; (0.83, 0.31, 0.51);
193.5403; (0.83, 0.31, 0.51);
193.5514; (0.83, 0.31, 0.51);
193.5514; (0.83, 0.31, 0.51);
193.5600; (0.83, 0.31, 0.51);
193.5624; (0.83, 0.31, 0.51);
193.5624; (0.83, 0.31, 0.51);
193.5738; (0.83, 0.31, 0.51);
193.5738; (0.83, 0.31, 0.51);
193.5800; (0.83, 0.31, 0.51);
193.5843; (0.83, 0.31, 0.51);
193.5843; (0.82, 0.31, 0.51);
193.5959; (0.82, 0.31, 0.51);
193.5959; (0.82, 0.31, 0.50);
193.6000; (0.82, 0.31, 0.50);
193.6071; (0.82, 0.31, 0.50);
193.6071; (0.82, 0.31, 0.50);
193.6180; (0.82, 0.31, 0.50);
193.6180; (0.82, 0.31, 0.50);
193.6200; (0.82, 0.31, 0.50);
193.6293; (0.82, 0.31, 0.50);
193.6293; (0.82, 0.31, 0.50);
193.6400; (0.82, 0.31, 0.50);
193.6400; (0.82, 0.31, 0.50);
193.6400; (0.82, 0.31, 0.50);
193.6514; (0.82, 0.31, 0.50);
193.6514; (0.82, 0.31, 0.50);
193.6600; (0.82, 0.31, 0.50);
193.6625; (0.82, 0.31, 0.50);
193.6625; (0.82, 0.31, 0.50);
193.6738; (0.82, 0.31, 0.50);
193.6738; (0.82, 0.31, 0.50);
193.6800; (0.82, 0.31, 0.50);
193.6844; (0.82, 0.31, 0.50);
193.6844; (0.82, 0.31, 0.50);
193.6955; (0.82, 0.31, 0.50);
193.6955; (0.82, 0.31, 0.50);
193.7000; (0.82, 0.31, 0.50);
193.7066; (0.82, 0.31, 0.50);
193.7066; (0.82, 0.31, 0.50);
193.7178; (0.82, 0.31, 0.49);
193.7178; (0.83, 0.31, 0.49);
193.7200; (0.83, 0.31, 0.49);
193.7289; (0.83, 0.31, 0.49);
193.7289; (0.83, 0.31, 0.49);
193.7400; (0.83, 0.31, 0.49);
193.7402; (0.83, 0.31, 0.49);
193.7402; (0.83, 0.31, 0.49);
193.7514; (0.83, 0.30, 0.49);
193.7514; (0.83, 0.30, 0.50);
193.7600; (0.83, 0.30, 0.50);
193.7624; (0.83, 0.30, 0.50);
193.7624; (0.83, 0.30, 0.50);
193.7734; (0.83, 0.30, 0.50);
193.7734; (0.83, 0.30, 0.50);
193.7800; (0.83, 0.30, 0.50);
193.7844; (0.83, 0.30, 0.50);
193.7844; (0.83, 0.30, 0.50);
193.7958; (0.83, 0.30, 0.49);
193.7958; (0.84, 0.30, 0.49);
193.8000; (0.84, 0.30, 0.49);
193.8069; (0.84, 0.30, 0.49);
193.8069; (0.84, 0.30, 0.49);
193.8177; (0.84, 0.30, 0.49);
193.8177; (0.84, 0.29, 0.49);
193.8200; (0.84, 0.29, 0.49);
193.8294; (0.84, 0.29, 0.49);
193.8294; (0.84, 0.29, 0.49);
193.8400; (0.84, 0.29, 0.49);
193.8402; (0.84, 0.29, 0.49);
193.8402; (0.84, 0.29, 0.49);
193.8512; (0.84, 0.29, 0.49);
193.8512; (0.85, 0.29, 0.49);
193.8600; (0.85, 0.29, 0.49);
193.8621; (0.85, 0.29, 0.49);
193.8621; (0.85, 0.29, 0.49);
193.8734; (0.85, 0.29, 0.49);
193.8734; (0.85, 0.29, 0.49);
193.8800; (0.85, 0.29, 0.49);
193.8847; (0.85, 0.29, 0.49);
193.8847; (0.85, 0.29, 0.49);
193.8957; (0.85, 0.29, 0.49);
193.8957; (0.85, 0.29, 0.49);
193.9000; (0.85, 0.29, 0.49);
193.9069; (0.85, 0.29, 0.49);
193.9069; (0.85, 0.29, 0.49);
193.9177; (0.85, 0.29, 0.49);
193.9177; (0.85, 0.29, 0.49);
193.9200; (0.85, 0.29, 0.49);
193.9294; (0.85, 0.29, 0.49);
193.9294; (0.86, 0.29, 0.49);
193.9400; (0.86, 0.29, 0.49);
193.9402; (0.86, 0.29, 0.48);
193.9402; (0.86, 0.29, 0.48);
193.9511; (0.86, 0.29, 0.48);
193.9511; (0.86, 0.29, 0.48);
193.9600; (0.86, 0.29, 0.48);
193.9626; (0.86, 0.29, 0.48);
193.9626; (0.86, 0.29, 0.48);
193.9736; (0.86, 0.29, 0.48);
193.9736; (0.86, 0.29, 0.48);
193.9800; (0.86, 0.29, 0.48);
193.9848; (0.86, 0.29, 0.48);
193.9848; (0.86, 0.29, 0.48);
193.9958; (0.86, 0.29, 0.48);
193.9958; (0.86, 0.29, 0.48);
194.0000; (0.86, 0.29, 0.48);
194.0070; (0.86, 0.29, 0.48);
194.0070; (0.86, 0.29, 0.48);
194.0182; (0.86, 0.29, 0.48);
194.0182; (0.86, 0.30, 0.48);
194.0200; (0.86, 0.30, 0.48);
194.0292; (0.86, 0.30, 0.47);
194.0292; (0.86, 0.30, 0.47);
194.0400; (0.86, 0.30, 0.47);
194.0400; (0.86, 0.30, 0.47);
194.0400; (0.86, 0.30, 0.47);
194.0512; (0.86, 0.30, 0.47);
194.0512; (0.86, 0.30, 0.47);
194.0600; (0.86, 0.30, 0.47);
194.0624; (0.86, 0.30, 0.47);
194.0624; (0.86, 0.30, 0.47);
194.0734; (0.86, 0.30, 0.47);
194.0734; (0.86, 0.30, 0.46);
194.0800; (0.86, 0.30, 0.46);
194.0843; (0.86, 0.30, 0.46);
194.0843; (0.85, 0.30, 0.46);
194.0957; (0.85, 0.30, 0.46);
194.0957; (0.85, 0.31, 0.46);
194.1000; (0.85, 0.31, 0.46);
194.1067; (0.85, 0.31, 0.46);
194.1067; (0.85, 0.31, 0.46);
194.1179; (0.85, 0.31, 0.46);
194.1179; (0.85, 0.31, 0.46);
194.1200; (0.85, 0.31, 0.46);
194.1288; (0.85, 0.31, 0.46);
194.1288; (0.85, 0.31, 0.46);
194.1400; (0.85, 0.31, 0.46);
194.1404; (0.85, 0.31, 0.45);
194.1404; (0.85, 0.31, 0.45);
194.1513; (0.85, 0.31, 0.45);
194.1513; (0.85, 0.31, 0.45);
194.1600; (0.85, 0.31, 0.45);
194.1622; (0.85, 0.31, 0.45);
194.1622; (0.85, 0.31, 0.45);
194.1734; (0.85, 0.31, 0.45);
194.1734; (0.85, 0.31, 0.45);
194.1800; (0.85, 0.31, 0.45);
194.1850; (0.85, 0.31, 0.45);
194.1850; (0.84, 0.31, 0.45);
194.1958; (0.84, 0.31, 0.45);
194.1958; (0.84, 0.31, 0.45);
194.2000; (0.84, 0.31, 0.45);
194.2073; (0.84, 0.31, 0.45);
194.2073; (0.84, 0.32, 0.44);
194.2182; (0.84, 0.32, 0.44);
194.2182; (0.84, 0.32, 0.44);
194.2200; (0.84, 0.32, 0.44);
194.2292; (0.84, 0.32, 0.44);
194.2292; (0.84, 0.32, 0.44);
194.2400; (0.84, 0.32, 0.44);
194.2403; (0.84, 0.32, 0.44);
194.2403; (0.84, 0.32, 0.44);
194.2511; (0.84, 0.32, 0.44);
194.2511; (0.84, 0.32, 0.44);
194.2600; (0.84, 0.32, 0.44);
194.2622; (0.84, 0.32, 0.44);
194.2622; (0.84, 0.32, 0.44);
194.2734; (0.84, 0.32, 0.44);
194.2734; (0.84, 0.32, 0.44);
194.2800; (0.84, 0.32, 0.44);
194.2844; (0.84, 0.32, 0.44);
194.2844; (0.84, 0.32, 0.44);
194.2956; (0.84, 0.32, 0.44);
194.2956; (0.84, 0.32, 0.44);
194.3000; (0.84, 0.32, 0.44);
194.3068; (0.84, 0.32, 0.44);
194.3068; (0.84, 0.32, 0.44);
194.3179; (0.84, 0.32, 0.44);
194.3179; (0.84, 0.32, 0.44);
194.3200; (0.84, 0.32, 0.44);
194.3292; (0.84, 0.32, 0.44);
194.3292; (0.84, 0.32, 0.44);
194.3400; (0.84, 0.32, 0.44);
194.3404; (0.84, 0.32, 0.44);
194.3404; (0.84, 0.32, 0.44);
194.3510; (0.84, 0.32, 0.44);
194.3510; (0.84, 0.32, 0.44);
194.3600; (0.84, 0.32, 0.44);
194.3624; (0.84, 0.32, 0.44);
194.3624; (0.84, 0.32, 0.44);
194.3736; (0.84, 0.31, 0.44);
194.3736; (0.84, 0.31, 0.44);
194.3800; (0.84, 0.31, 0.44);
194.3846; (0.84, 0.31, 0.44);
194.3846; (0.84, 0.31, 0.45);
194.3957; (0.84, 0.31, 0.45);
194.3957; (0.84, 0.31, 0.45);
194.4000; (0.84, 0.31, 0.45);
194.4071; (0.84, 0.31, 0.45);
194.4071; (0.84, 0.31, 0.45);
194.4182; (0.84, 0.31, 0.45);
194.4182; (0.84, 0.31, 0.45);
194.4200; (0.84, 0.31, 0.45);
194.4294; (0.84, 0.31, 0.45);
194.4294; (0.84, 0.31, 0.45);
194.4400; (0.84, 0.31, 0.45);
194.4404; (0.85, 0.31, 0.45);
194.4404; (0.85, 0.31, 0.45);
194.4514; (0.85, 0.31, 0.45);
194.4514; (0.85, 0.31, 0.45);
194.4600; (0.85, 0.31, 0.45);
194.4624; (0.84, 0.31, 0.44);
194.4624; (0.84, 0.31, 0.45);
194.4738; (0.84, 0.32, 0.45);
194.4738; (0.84, 0.31, 0.45);
194.4800; (0.84, 0.31, 0.45);
194.4849; (0.84, 0.31, 0.45);
194.4849; (0.84, 0.31, 0.45);
194.4960; (0.84, 0.31, 0.45);
194.4960; (0.84, 0.31, 0.45);
194.5000; (0.84, 0.31, 0.45);
194.5070; (0.84, 0.31, 0.45);
194.5070; (0.84, 0.31, 0.45);
194.5182; (0.84, 0.32, 0.45);
194.5182; (0.84, 0.32, 0.45);
194.5200; (0.84, 0.32, 0.45);
194.5289; (0.84, 0.32, 0.45);
194.5289; (0.84, 0.32, 0.45);
194.5400; (0.84, 0.31, 0.45);
194.5401; (0.84, 0.31, 0.45);
194.5401; (0.84, 0.31, 0.45);
194.5511; (0.84, 0.31, 0.45);
194.5511; (0.84, 0.31, 0.45);
194.5600; (0.84, 0.31, 0.45);
194.5626; (0.84, 0.31, 0.45);
194.5626; (0.84, 0.31, 0.45);
194.5736; (0.84, 0.31, 0.45);
194.5736; (0.84, 0.31, 0.45);
194.5800; (0.84, 0.31, 0.45);
194.5845; (0.84, 0.31, 0.45);
194.5845; (0.84, 0.31, 0.46);
194.5955; (0.84, 0.32, 0.45);
194.5955; (0.84, 0.32, 0.46);
194.6000; (0.84, 0.32, 0.46);
194.6069; (0.84, 0.31, 0.46);
194.6069; (0.84, 0.32, 0.46);
194.6179; (0.84, 0.32, 0.46);
194.6179; (0.84, 0.32, 0.46);
194.6200; (0.84, 0.32, 0.46);
194.6288; (0.84, 0.32, 0.46);
194.6288; (0.84, 0.32, 0.46);
194.6400; (0.84, 0.32, 0.46);
194.6402; (0.84, 0.32, 0.46);
194.6402; (0.84, 0.32, 0.46);
194.6511; (0.84, 0.32, 0.46);
194.6511; (0.83, 0.32, 0.46);
194.6600; (0.83, 0.32, 0.46);
194.6622; (0.83, 0.32, 0.46);
194.6622; (0.83, 0.32, 0.46);
194.6736; (0.83, 0.32, 0.46);
194.6736; (0.83, 0.32, 0.46);
194.6800; (0.83, 0.32, 0.46);
194.6848; (0.83, 0.32, 0.46);
194.6848; (0.83, 0.33, 0.46);
194.6958; (0.83, 0.32, 0.46);
194.6958; (0.83, 0.33, 0.46);
194.7000; (0.83, 0.33, 0.46);
194.7067; (0.83, 0.33, 0.46);
194.7067; (0.83, 0.33, 0.46);
194.7178; (0.83, 0.33, 0.46);
194.7178; (0.83, 0.33, 0.46);
194.7200; (0.83, 0.33, 0.46);
194.7292; (0.83, 0.33, 0.46);
194.7292; (0.83, 0.33, 0.46);
194.7400; (0.83, 0.33, 0.46);
194.7402; (0.83, 0.33, 0.46);
194.7402; (0.83, 0.33, 0.46);
194.7512; (0.83, 0.33, 0.46);
194.7512; (0.83, 0.33, 0.46);
194.7600; (0.83, 0.33, 0.46);
194.7623; (0.83, 0.33, 0.46);
194.7623; (0.83, 0.33, 0.46);
194.7739; (0.83, 0.34, 0.46);
194.7739; (0.83, 0.34, 0.46);
194.7800; (0.83, 0.34, 0.46);
194.7846; (0.83, 0.34, 0.46);
194.7846; (0.82, 0.34, 0.46);
194.7958; (0.82, 0.34, 0.46);
194.7958; (0.82, 0.34, 0.46);
194.8000; (0.82, 0.34, 0.46);
194.8068; (0.82, 0.34, 0.46);
194.8068; (0.82, 0.34, 0.46);
194.8183; (0.82, 0.34, 0.46);
194.8183; (0.82, 0.34, 0.46);
194.8200; (0.82, 0.34, 0.46);
194.8288; (0.82, 0.34, 0.46);
194.8288; (0.82, 0.34, 0.46);
194.8400; (0.82, 0.34, 0.46);
194.8403; (0.82, 0.34, 0.46);
194.8403; (0.82, 0.34, 0.46);
194.8513; (0.82, 0.34, 0.46);
194.8513; (0.82, 0.34, 0.46);
194.8600; (0.82, 0.34, 0.46);
194.8623; (0.82, 0.34, 0.46);
194.8623; (0.82, 0.34, 0.46);
194.8738; (0.82, 0.34, 0.46);
194.8738; (0.82, 0.34, 0.46);
194.8800; (0.82, 0.34, 0.46);
194.8847; (0.82, 0.34, 0.46);
194.8847; (0.82, 0.34, 0.46);
194.8960; (0.82, 0.34, 0.46);
194.8960; (0.82, 0.34, 0.46);
194.9000; (0.82, 0.34, 0.46);
194.9070; (0.82, 0.34, 0.46);
194.9070; (0.82, 0.34, 0.46);
194.9182; (0.82, 0.34, 0.46);
194.9182; (0.82, 0.34, 0.46);
194.9200; (0.82, 0.34, 0.46);
194.9292; (0.82, 0.34, 0.46);
194.9292; (0.82, 0.34, 0.46);
194.9398; (0.82, 0.34, 0.46);
194.9398; (0.82, 0.34, 0.46);
194.9400; (0.82, 0.34, 0.46);
194.9512; (0.82, 0.34, 0.46);
194.9512; (0.82, 0.34, 0.46);
194.9600; (0.82, 0.34, 0.46);
194.9622; (0.82, 0.34, 0.46);
194.9622; (0.82, 0.34, 0.46);
194.9733; (0.82, 0.34, 0.46);
194.9733; (0.82, 0.34, 0.47);
194.9800; (0.82, 0.34, 0.47);
194.9844; (0.82, 0.34, 0.47);
194.9844; (0.82, 0.34, 0.47);
194.9954; (0.82, 0.34, 0.47);
194.9954; (0.82, 0.34, 0.47);
195.0000; (0.82, 0.34, 0.47);
195.0070; (0.82, 0.34, 0.47);
195.0070; (0.82, 0.34, 0.47);
195.0178; (0.82, 0.34, 0.47);
195.0178; (0.82, 0.34, 0.47);
195.0200; (0.82, 0.34, 0.47);
195.0288; (0.82, 0.34, 0.47);
195.0288; (0.82, 0.34, 0.47);
195.0400; (0.82, 0.34, 0.47);
195.0402; (0.82, 0.34, 0.47);
195.0402; (0.82, 0.34, 0.47);
195.0511; (0.82, 0.34, 0.47);
195.0511; (0.82, 0.33, 0.47);
195.0600; (0.82, 0.33, 0.47);
195.0623; (0.81, 0.33, 0.47);
195.0623; (0.81, 0.33, 0.47);
195.0737; (0.81, 0.33, 0.47);
195.0737; (0.81, 0.33, 0.47);
195.0800; (0.81, 0.33, 0.47);
195.0844; (0.81, 0.33, 0.47);
195.0844; (0.81, 0.33, 0.48);
195.0960; (0.82, 0.33, 0.48);
195.0960; (0.82, 0.33, 0.48);
195.1000; (0.82, 0.33, 0.48);
195.1070; (0.82, 0.33, 0.48);
195.1070; (0.82, 0.33, 0.48);
195.1181; (0.82, 0.33, 0.48);
195.1181; (0.82, 0.33, 0.48);
195.1200; (0.82, 0.33, 0.48);
195.1290; (0.82, 0.33, 0.48);
195.1290; (0.82, 0.33, 0.48);
195.1400; (0.81, 0.33, 0.48);
195.1400; (0.81, 0.33, 0.48);
195.1400; (0.81, 0.33, 0.48);
195.1510; (0.81, 0.33, 0.48);
195.1510; (0.81, 0.33, 0.48);
195.1600; (0.81, 0.33, 0.48);
195.1622; (0.81, 0.33, 0.48);
195.1622; (0.81, 0.33, 0.48);
195.1736; (0.82, 0.33, 0.48);
195.1736; (0.82, 0.34, 0.48);
195.1800; (0.82, 0.34, 0.48);
195.1848; (0.82, 0.34, 0.48);
195.1848; (0.82, 0.34, 0.48);
195.1956; (0.82, 0.34, 0.48);
195.1956; (0.82, 0.34, 0.48);
195.2000; (0.82, 0.34, 0.48);
195.2069; (0.82, 0.34, 0.48);
195.2069; (0.82, 0.34, 0.49);
195.2180; (0.82, 0.34, 0.49);
195.2180; (0.82, 0.34, 0.49);
195.2200; (0.82, 0.34, 0.49);
195.2291; (0.82, 0.34, 0.49);
195.2291; (0.82, 0.34, 0.49);
195.2400; (0.82, 0.34, 0.49);
195.2404; (0.82, 0.34, 0.49);
195.2404; (0.82, 0.34, 0.49);
195.2511; (0.82, 0.34, 0.49);
195.2511; (0.82, 0.34, 0.49);
195.2600; (0.82, 0.34, 0.49);
195.2623; (0.82, 0.34, 0.49);
195.2623; (0.82, 0.34, 0.49);
195.2736; (0.82, 0.34, 0.49);
195.2736; (0.82, 0.34, 0.49);
195.2800; (0.82, 0.34, 0.49);
195.2846; (0.82, 0.34, 0.49);
195.2846; (0.81, 0.34, 0.49);
195.2961; (0.81, 0.34, 0.49);
195.2961; (0.81, 0.34, 0.49);
195.3000; (0.81, 0.34, 0.49);
195.3068; (0.81, 0.34, 0.49);
195.3068; (0.81, 0.34, 0.49);
195.3179; (0.81, 0.34, 0.49);
195.3179; (0.81, 0.34, 0.49);
195.3200; (0.81, 0.34, 0.49);
195.3291; (0.81, 0.34, 0.49);
195.3291; (0.81, 0.34, 0.49);
195.3400; (0.81, 0.34, 0.49);
195.3401; (0.81, 0.34, 0.49);
195.3401; (0.81, 0.34, 0.49);
195.3513; (0.81, 0.34, 0.49);
195.3513; (0.81, 0.34, 0.49);
195.3600; (0.81, 0.34, 0.49);
195.3625; (0.81, 0.34, 0.49);
195.3625; (0.81, 0.34, 0.49);
195.3738; (0.81, 0.34, 0.49);
195.3738; (0.81, 0.34, 0.49);
195.3800; (0.81, 0.34, 0.49);
195.3847; (0.81, 0.34, 0.49);
195.3847; (0.81, 0.34, 0.49);
195.3958; (0.81, 0.34, 0.49);
195.3958; (0.81, 0.34, 0.49);
195.4000; (0.81, 0.34, 0.49);
195.4067; (0.81, 0.34, 0.49);
195.4067; (0.81, 0.34, 0.49);
195.4178; (0.81, 0.34, 0.49);
195.4178; (0.81, 0.34, 0.49);
195.4200; (0.81, 0.34, 0.49);
195.4291; (0.81, 0.34, 0.49);
195.4291; (0.81, 0.34, 0.49);
195.4400; (0.81, 0.34, 0.49);
195.4403; (0.81, 0.34, 0.49);
195.4403; (0.81, 0.34, 0.49);
195.4516; (0.81, 0.34, 0.49);
195.4516; (0.81, 0.34, 0.49);
195.4600; (0.81, 0.34, 0.49);
195.4621; (0.81, 0.34, 0.49);
195.4621; (0.81, 0.34, 0.49);
195.4735; (0.81, 0.34, 0.49);
195.4735; (0.81, 0.34, 0.49);
195.4800; (0.81, 0.34, 0.49);
195.4846; (0.81, 0.34, 0.49);
195.4846; (0.81, 0.34, 0.49);
195.4955; (0.81, 0.34, 0.49);
195.4955; (0.81, 0.34, 0.49);
195.5000; (0.81, 0.34, 0.49);
195.5070; (0.81, 0.34, 0.49);
195.5070; (0.81, 0.34, 0.49);
195.5180; (0.81, 0.34, 0.49);
195.5180; (0.81, 0.34, 0.49);
195.5200; (0.81, 0.34, 0.49);
195.5293; (0.81, 0.34, 0.49);
195.5293; (0.81, 0.34, 0.49);
195.5400; (0.81, 0.34, 0.49);
195.5404; (0.81, 0.34, 0.49);
195.5404; (0.81, 0.34, 0.49);
195.5511; (0.81, 0.34, 0.49);
195.5511; (0.81, 0.34, 0.50);
195.5600; (0.81, 0.34, 0.50);
195.5622; (0.81, 0.34, 0.50);
195.5622; (0.81, 0.34, 0.50);
195.5740; (0.81, 0.34, 0.49);
195.5740; (0.81, 0.34, 0.50);
195.5800; (0.81, 0.34, 0.50);
195.5845; (0.81, 0.34, 0.50);
195.5845; (0.81, 0.34, 0.50);
195.5959; (0.81, 0.34, 0.50);
195.5959; (0.81, 0.33, 0.50);
195.6000; (0.81, 0.33, 0.50);
195.6069; (0.81, 0.33, 0.50);
195.6069; (0.81, 0.33, 0.50);
195.6180; (0.81, 0.33, 0.50);
195.6180; (0.81, 0.33, 0.50);
195.6200; (0.81, 0.33, 0.50);
195.6291; (0.81, 0.33, 0.50);
195.6291; (0.81, 0.33, 0.50);
195.6400; (0.81, 0.34, 0.49);
195.6406; (0.81, 0.34, 0.49);
195.6406; (0.81, 0.34, 0.49);
195.6515; (0.81, 0.34, 0.49);
195.6515; (0.81, 0.34, 0.49);
195.6600; (0.81, 0.34, 0.49);
195.6625; (0.81, 0.34, 0.49);
195.6625; (0.81, 0.34, 0.49);
195.6737; (0.81, 0.33, 0.49);
195.6737; (0.81, 0.33, 0.49);
195.6800; (0.81, 0.33, 0.49);
195.6848; (0.81, 0.33, 0.49);
195.6848; (0.81, 0.33, 0.49);
195.6960; (0.81, 0.33, 0.49);
195.6960; (0.81, 0.33, 0.49);
195.7000; (0.81, 0.33, 0.49);
195.7068; (0.81, 0.33, 0.49);
195.7068; (0.81, 0.33, 0.49);
195.7179; (0.82, 0.33, 0.49);
195.7179; (0.82, 0.33, 0.49);
195.7200; (0.82, 0.33, 0.49);
195.7297; (0.82, 0.33, 0.49);
195.7297; (0.82, 0.33, 0.49);
195.7400; (0.82, 0.33, 0.49);
195.7400; (0.82, 0.33, 0.49);
195.7400; (0.82, 0.33, 0.49);
195.7509; (0.82, 0.33, 0.49);
195.7509; (0.82, 0.33, 0.49);
195.7600; (0.82, 0.33, 0.49);
195.7623; (0.82, 0.33, 0.49);
195.7623; (0.82, 0.33, 0.49);
195.7735; (0.82, 0.33, 0.49);
195.7735; (0.82, 0.33, 0.49);
195.7800; (0.82, 0.33, 0.49);
195.7844; (0.82, 0.33, 0.49);
195.7844; (0.82, 0.33, 0.49);
195.7955; (0.82, 0.33, 0.50);
195.7955; (0.82, 0.33, 0.50);
195.8000; (0.82, 0.33, 0.50);
195.8070; (0.82, 0.33, 0.50);
195.8070; (0.82, 0.33, 0.50);
195.8178; (0.82, 0.33, 0.50);
195.8178; (0.82, 0.33, 0.50);
195.8200; (0.82, 0.33, 0.50);
195.8289; (0.82, 0.33, 0.50);
195.8289; (0.82, 0.33, 0.50);
195.8400; (0.82, 0.33, 0.50);
195.8406; (0.82, 0.32, 0.50);
195.8406; (0.82, 0.32, 0.50);
195.8513; (0.82, 0.32, 0.50);
195.8513; (0.82, 0.32, 0.50);
195.8600; (0.82, 0.32, 0.50);
195.8624; (0.82, 0.32, 0.50);
195.8624; (0.82, 0.32, 0.50);
195.8737; (0.82, 0.32, 0.50);
195.8737; (0.82, 0.32, 0.50);
195.8800; (0.82, 0.32, 0.50);
195.8847; (0.82, 0.32, 0.50);
195.8847; (0.82, 0.32, 0.50);
195.8956; (0.82, 0.32, 0.50);
195.8956; (0.82, 0.32, 0.50);
195.9000; (0.82, 0.32, 0.50);
195.9070; (0.82, 0.32, 0.50);
195.9070; (0.82, 0.32, 0.50);
195.9179; (0.82, 0.32, 0.50);
195.9179; (0.82, 0.32, 0.51);
195.9200; (0.82, 0.32, 0.51);
195.9292; (0.82, 0.32, 0.51);
195.9292; (0.82, 0.32, 0.51);
195.9400; (0.82, 0.32, 0.51);
195.9404; (0.82, 0.32, 0.51);
195.9404; (0.82, 0.32, 0.51);
195.9513; (0.82, 0.32, 0.51);
195.9513; (0.82, 0.32, 0.51);
195.9600; (0.82, 0.32, 0.51);
195.9624; (0.82, 0.32, 0.51);
195.9624; (0.83, 0.32, 0.51);
195.9735; (0.83, 0.32, 0.51);
195.9735; (0.83, 0.32, 0.51);
195.9800; (0.83, 0.32, 0.51);
195.9843; (0.83, 0.32, 0.51);
195.9843; (0.83, 0.32, 0.51);
195.9956; (0.83, 0.32, 0.51);
195.9956; (0.83, 0.32, 0.51);
196.0000; (0.83, 0.32, 0.51);
196.0066; (0.83, 0.32, 0.51);
196.0066; (0.83, 0.32, 0.51);
196.0181; (0.83, 0.32, 0.51);
196.0181; (0.83, 0.31, 0.51);
196.0200; (0.83, 0.31, 0.51);
196.0289; (0.83, 0.32, 0.51);
196.0289; (0.83, 0.31, 0.51);
196.0400; (0.83, 0.32, 0.51);
196.0405; (0.83, 0.31, 0.51);
196.0405; (0.83, 0.31, 0.51);
196.0511; (0.83, 0.31, 0.51);
196.0511; (0.83, 0.31, 0.51);
196.0600; (0.83, 0.31, 0.51);
196.0622; (0.83, 0.31, 0.51);
196.0622; (0.82, 0.31, 0.51);
196.0736; (0.82, 0.31, 0.51);
196.0736; (0.82, 0.31, 0.51);
196.0800; (0.82, 0.31, 0.51);
196.0844; (0.82, 0.31, 0.51);
196.0844; (0.82, 0.31, 0.51);
196.0954; (0.82, 0.32, 0.51);
196.0954; (0.82, 0.32, 0.51);
196.1000; (0.82, 0.32, 0.51);
196.1069; (0.82, 0.32, 0.51);
196.1069; (0.82, 0.32, 0.51);
196.1180; (0.82, 0.32, 0.51);
196.1180; (0.82, 0.32, 0.51);
196.1200; (0.82, 0.32, 0.51);
196.1289; (0.82, 0.32, 0.51);
196.1289; (0.82, 0.32, 0.51);
196.1400; (0.82, 0.32, 0.51);
196.1401; (0.82, 0.32, 0.51);
196.1401; (0.82, 0.32, 0.51);
196.1514; (0.82, 0.32, 0.51);
