Experiment: 5
Latency: 750
Source: (0.68, 0.32, 0.50)
SourceSize: 0.0750
Target: (0.32, 0.68, 0.50)
TargetSize: 0.1250

Trace:
time; position; button;
258.4959; (0.67, 0.31, 0.51);
258.5000; (0.67, 0.31, 0.51);
258.5070; (0.67, 0.31, 0.51);
258.5070; (0.67, 0.31, 0.51);
258.5180; (0.67, 0.31, 0.51);
258.5180; (0.67, 0.31, 0.51);
258.5200; (0.67, 0.31, 0.51);
258.5291; (0.67, 0.31, 0.51);
258.5291; (0.66, 0.31, 0.51);
258.5400; (0.67, 0.31, 0.51);
258.5403; (0.66, 0.31, 0.50);
258.5403; (0.66, 0.31, 0.50);
258.5512; (0.67, 0.31, 0.50);
258.5512; (0.67, 0.31, 0.50);
258.5600; (0.67, 0.31, 0.50);
258.5622; (0.67, 0.31, 0.50);
258.5622; (0.67, 0.31, 0.50);
258.5736; (0.67, 0.31, 0.50);
258.5736; (0.67, 0.31, 0.50);
258.5800; (0.67, 0.31, 0.50);
258.5846; (0.67, 0.31, 0.50);
258.5846; (0.67, 0.31, 0.50);
258.5955; (0.67, 0.31, 0.50);
258.5955; (0.67, 0.31, 0.50);
258.6000; (0.67, 0.31, 0.50);
258.6070; (0.67, 0.31, 0.50);
258.6070; (0.67, 0.31, 0.50);
258.6180; (0.67, 0.31, 0.50);
258.6180; (0.67, 0.31, 0.50);
258.6200; (0.67, 0.31, 0.50);
258.6289; (0.67, 0.31, 0.50);
258.6289; (0.67, 0.31, 0.50);
258.6400; (0.67, 0.31, 0.50);
258.6400; (0.67, 0.31, 0.50);
258.6400; (0.67, 0.31, 0.50);
258.6511; (0.67, 0.31, 0.50);
258.6511; (0.67, 0.31, 0.50);
258.6600; (0.67, 0.31, 0.50);
258.6622; (0.67, 0.31, 0.50);
258.6622; (0.67, 0.31, 0.50);
258.6737; (0.67, 0.31, 0.50);
258.6737; (0.67, 0.31, 0.50);
258.6800; (0.67, 0.31, 0.50);
258.6844; (0.67, 0.31, 0.50);
258.6844; (0.67, 0.31, 0.50);
258.6956; (0.67, 0.31, 0.50);
258.6956; (0.67, 0.31, 0.50);
258.7000; (0.67, 0.31, 0.50);
258.7067; (0.67, 0.31, 0.50);
258.7067; (0.67, 0.31, 0.50);
258.7176; (0.67, 0.31, 0.50);
258.7176; (0.67, 0.31, 0.50);
258.7200; (0.67, 0.31, 0.50);
258.7290; (0.67, 0.31, 0.50);
258.7290; (0.67, 0.31, 0.50);
258.7400; (0.67, 0.31, 0.50);
258.7405; (0.67, 0.31, 0.50);
258.7405; (0.67, 0.31, 0.50);
258.7516; (0.67, 0.31, 0.50);
258.7516; (0.67, 0.31, 0.50);
258.7600; (0.67, 0.31, 0.50);
258.7621; (0.67, 0.31, 0.50);
258.7621; (0.67, 0.31, 0.50);
258.7738; (0.67, 0.31, 0.50);
258.7738; (0.67, 0.31, 0.50);
258.7800; (0.67, 0.31, 0.50);
258.7847; (0.67, 0.31, 0.50);
258.7847; (0.67, 0.31, 0.50);
258.7955; (0.67, 0.31, 0.50);
258.7955; (0.67, 0.31, 0.50);
258.8000; (0.67, 0.31, 0.50);
258.8066; (0.67, 0.31, 0.50);
258.8066; (0.67, 0.31, 0.50);
258.8178; (0.67, 0.31, 0.50);
258.8178; (0.67, 0.31, 0.50);
258.8200; (0.67, 0.31, 0.50);
258.8288; (0.67, 0.31, 0.50);
258.8288; (0.67, 0.31, 0.50);
258.8400; (0.67, 0.31, 0.50);
258.8403; (0.67, 0.31, 0.50);
258.8403; (0.67, 0.31, 0.50);
258.8514; (0.67, 0.31, 0.50);
258.8514; (0.67, 0.31, 0.50);
258.8600; (0.68, 0.31, 0.50);
258.8623; (0.68, 0.31, 0.50);
258.8623; (0.68, 0.31, 0.50);
258.8737; (0.68, 0.31, 0.50);
258.8737; (0.68, 0.31, 0.50);
258.8800; (0.68, 0.31, 0.50);
258.8847; (0.68, 0.31, 0.50);
258.8847; (0.68, 0.31, 0.50);
258.8959; (0.68, 0.31, 0.50);
258.8959; (0.68, 0.31, 0.50);
258.9000; (0.68, 0.31, 0.50);
258.9068; (0.68, 0.31, 0.50);
258.9068; (0.68, 0.31, 0.50);
258.9178; (0.68, 0.31, 0.50);
258.9178; (0.68, 0.31, 0.50);
258.9200; (0.68, 0.31, 0.50);
258.9287; (0.68, 0.31, 0.50);
258.9287; (0.68, 0.31, 0.50);
258.9400; (0.68, 0.31, 0.50);
258.9405; (0.68, 0.31, 0.50);
258.9405; (0.68, 0.31, 0.50);
258.9509; (0.68, 0.31, 0.50);
258.9509; (0.68, 0.31, 0.50);
258.9600; (0.68, 0.31, 0.50);
258.9621; (0.68, 0.31, 0.50);
258.9621; (0.68, 0.31, 0.50);
258.9736; (0.68, 0.31, 0.50);
258.9736; (0.68, 0.31, 0.50);
258.9800; (0.68, 0.31, 0.50);
258.9844; (0.68, 0.31, 0.50);
258.9844; (0.68, 0.31, 0.50);
258.9956; (0.68, 0.31, 0.50);
258.9956; (0.68, 0.31, 0.50);
259.0000; (0.68, 0.31, 0.50);
259.0068; (0.68, 0.31, 0.50);
259.0068; (0.68, 0.31, 0.50);
259.0176; (0.68, 0.31, 0.50);
259.0176; (0.68, 0.31, 0.50);
259.0200; (0.68, 0.31, 0.50);
259.0291; (0.68, 0.31, 0.50);
259.0291; (0.68, 0.31, 0.51);
259.0400; (0.68, 0.31, 0.51);
259.0403; (0.68, 0.31, 0.51);
259.0403; (0.68, 0.31, 0.51);
259.0513; (0.68, 0.31, 0.51);
259.0513; (0.68, 0.31, 0.51);
259.0600; (0.68, 0.31, 0.51);
259.0622; (0.68, 0.31, 0.51);
259.0622; (0.68, 0.31, 0.51);
259.0735; (0.68, 0.31, 0.51);
259.0735; (0.68, 0.31, 0.51);
259.0800; (0.68, 0.31, 0.51);
259.0849; (0.68, 0.31, 0.51);
259.0849; (0.68, 0.31, 0.51);
259.0958; (0.68, 0.31, 0.51);
259.0958; (0.68, 0.31, 0.51);
259.1000; (0.68, 0.31, 0.51);
259.1071; (0.68, 0.31, 0.51);
259.1071; (0.68, 0.31, 0.51);
259.1176; (0.68, 0.31, 0.51);
259.1176; (0.68, 0.31, 0.51);
259.1200; (0.68, 0.31, 0.51);
259.1291; (0.68, 0.31, 0.51);
259.1291; (0.68, 0.31, 0.51);
259.1400; (0.68, 0.31, 0.51);
259.1405; (0.68, 0.31, 0.51);
259.1405; (0.68, 0.31, 0.51);
259.1509; (0.68, 0.31, 0.51);
259.1509; (0.68, 0.31, 0.51);
259.1600; (0.68, 0.31, 0.51);
259.1621; (0.68, 0.31, 0.51);
259.1621; (0.68, 0.31, 0.51);
259.1735; (0.68, 0.31, 0.51);
259.1735; (0.68, 0.31, 0.51);
259.1800; (0.68, 0.31, 0.51);
259.1848; (0.68, 0.31, 0.51);
259.1848; (0.68, 0.31, 0.51);
259.1958; (0.68, 0.31, 0.51);
259.1958; (0.68, 0.31, 0.51);
259.2000; (0.68, 0.31, 0.51);
259.2070; (0.68, 0.31, 0.51);
259.2070; (0.68, 0.31, 0.51);
259.2181; (0.68, 0.31, 0.51);
259.2181; (0.68, 0.31, 0.51);
259.2200; (0.68, 0.31, 0.51);
259.2292; (0.68, 0.31, 0.51);
259.2292; (0.68, 0.31, 0.51);
259.2400; (0.68, 0.31, 0.51);
259.2407; (0.68, 0.30, 0.51);
259.2407; (0.68, 0.30, 0.51);
259.2513; (0.68, 0.30, 0.51);
259.2513; (0.68, 0.30, 0.51);
259.2600; (0.68, 0.31, 0.50);
259.2624; (0.68, 0.31, 0.50);
259.2624; (0.68, 0.31, 0.50);
259.2737; (0.68, 0.31, 0.50);
259.2737; (0.68, 0.31, 0.50);
259.2800; (0.68, 0.31, 0.50);
259.2846; (0.68, 0.31, 0.50);
259.2846; (0.68, 0.31, 0.50);
259.2957; (0.68, 0.31, 0.50);
259.2957; (0.68, 0.31, 0.50);
259.3000; (0.68, 0.31, 0.50);
259.3071; (0.68, 0.31, 0.49);
259.3071; (0.68, 0.31, 0.49);
259.3180; (0.68, 0.31, 0.49);
259.3180; (0.68, 0.31, 0.49);
259.3200; (0.68, 0.31, 0.49);
259.3290; (0.68, 0.31, 0.49);
259.3290; (0.68, 0.31, 0.49);
259.3400; (0.68, 0.31, 0.49);
259.3402; (0.68, 0.31, 0.49);
259.3402; (0.68, 0.31, 0.49);
259.3514; (0.68, 0.31, 0.49);
259.3514; (0.68, 0.31, 0.49);
259.3600; (0.68, 0.31, 0.49);
259.3625; (0.68, 0.31, 0.49);
259.3625; (0.68, 0.31, 0.49);
259.3734; (0.68, 0.31, 0.49);
259.3734; (0.68, 0.31, 0.49);
259.3800; (0.68, 0.31, 0.49);
259.3843; (0.68, 0.31, 0.49);
259.3843; (0.68, 0.31, 0.49);
259.3958; (0.68, 0.31, 0.49);
259.3958; (0.68, 0.31, 0.49);
259.4000; (0.68, 0.31, 0.49);
259.4070; (0.68, 0.31, 0.49);
259.4070; (0.68, 0.31, 0.49);
259.4182; (0.68, 0.31, 0.49);
259.4182; (0.68, 0.31, 0.49);
259.4200; (0.68, 0.31, 0.49);
259.4292; (0.68, 0.31, 0.49);
259.4292; (0.68, 0.31, 0.49);
259.4400; (0.68, 0.31, 0.49);
259.4402; (0.68, 0.31, 0.49);
259.4402; (0.68, 0.31, 0.49);
259.4510; (0.68, 0.31, 0.49);
259.4510; (0.68, 0.31, 0.49);
259.4600; (0.68, 0.31, 0.49);
259.4621; (0.68, 0.31, 0.49);
259.4621; (0.68, 0.31, 0.49);
259.4736; (0.67, 0.31, 0.49);
259.4736; (0.67, 0.31, 0.49);
259.4800; (0.67, 0.31, 0.49);
259.4843; (0.67, 0.31, 0.49);
259.4843; (0.67, 0.31, 0.49);
259.4958; (0.67, 0.31, 0.49);
259.4958; (0.67, 0.31, 0.49);
259.5000; (0.67, 0.31, 0.49);
259.5070; (0.67, 0.31, 0.49);
259.5070; (0.66, 0.31, 0.49);
259.5181; (0.66, 0.31, 0.49);
259.5181; (0.66, 0.31, 0.49);
259.5200; (0.66, 0.31, 0.49);
259.5291; (0.66, 0.31, 0.49);
259.5291; (0.65, 0.32, 0.49);
259.5400; (0.65, 0.31, 0.49);
259.5404; (0.64, 0.32, 0.49);
259.5404; (0.64, 0.32, 0.49);
259.5516; (0.64, 0.32, 0.49);
259.5516; (0.63, 0.32, 0.49);
259.5600; (0.63, 0.32, 0.49);
259.5623; (0.63, 0.32, 0.49);
259.5623; (0.63, 0.32, 0.49);
259.5734; (0.63, 0.32, 0.49);
259.5734; (0.62, 0.32, 0.49);
259.5800; (0.62, 0.32, 0.49);
259.5843; (0.61, 0.32, 0.49);
259.5843; (0.61, 0.32, 0.49);
259.5956; (0.61, 0.32, 0.49);
259.5956; (0.60, 0.32, 0.48);
259.6000; (0.60, 0.32, 0.48);
259.6069; (0.60, 0.33, 0.48);
259.6069; (0.59, 0.33, 0.48);
259.6177; (0.59, 0.33, 0.48);
259.6177; (0.58, 0.33, 0.48);
259.6200; (0.58, 0.33, 0.48);
259.6287; (0.58, 0.33, 0.48);
259.6287; (0.57, 0.34, 0.48);
259.6399; (0.57, 0.34, 0.48);
259.6399; (0.55, 0.34, 0.48);
259.6400; (0.55, 0.34, 0.48);
259.6509; (0.55, 0.34, 0.47);
259.6509; (0.54, 0.35, 0.47);
259.6600; (0.54, 0.35, 0.47);
259.6622; (0.53, 0.36, 0.47);
259.6622; (0.53, 0.36, 0.47);
259.6734; (0.53, 0.36, 0.46);
259.6734; (0.52, 0.37, 0.46);
259.6800; (0.51, 0.37, 0.46);
259.6842; (0.50, 0.38, 0.45);
259.6842; (0.50, 0.38, 0.45);
259.6953; (0.50, 0.38, 0.45);
259.6953; (0.49, 0.39, 0.45);
259.7000; (0.49, 0.39, 0.45);
259.7067; (0.49, 0.40, 0.45);
259.7067; (0.48, 0.41, 0.44);
259.7181; (0.48, 0.41, 0.44);
259.7181; (0.46, 0.42, 0.43);
259.7200; (0.46, 0.42, 0.43);
259.7287; (0.46, 0.42, 0.44);
259.7287; (0.45, 0.43, 0.43);
259.7400; (0.45, 0.43, 0.43);
259.7400; (0.44, 0.45, 0.42);
259.7400; (0.44, 0.45, 0.42);
259.7512; (0.44, 0.45, 0.43);
259.7512; (0.42, 0.46, 0.42);
259.7600; (0.42, 0.47, 0.42);
259.7621; (0.41, 0.48, 0.41);
259.7621; (0.41, 0.48, 0.41);
259.7735; (0.41, 0.48, 0.42);
259.7735; (0.40, 0.50, 0.41);
259.7800; (0.40, 0.50, 0.41);
259.7845; (0.39, 0.51, 0.41);
259.7845; (0.39, 0.51, 0.41);
259.7956; (0.39, 0.51, 0.41);
259.7956; (0.38, 0.53, 0.40);
259.8000; (0.38, 0.53, 0.40);
259.8071; (0.38, 0.53, 0.41);
259.8071; (0.37, 0.54, 0.40);
259.8179; (0.37, 0.54, 0.40);
259.8179; (0.36, 0.56, 0.40);
259.8200; (0.36, 0.56, 0.40);
259.8290; (0.36, 0.56, 0.40);
259.8290; (0.35, 0.57, 0.40);
259.8400; (0.36, 0.57, 0.40);
259.8404; (0.35, 0.59, 0.40);
259.8404; (0.35, 0.59, 0.40);
259.8513; (0.35, 0.59, 0.40);
259.8513; (0.34, 0.60, 0.40);
259.8600; (0.34, 0.60, 0.40);
259.8620; (0.33, 0.61, 0.40);
259.8620; (0.33, 0.61, 0.40);
259.8737; (0.33, 0.61, 0.40);
259.8737; (0.33, 0.62, 0.40);
259.8800; (0.33, 0.62, 0.40);
259.8846; (0.32, 0.63, 0.40);
259.8846; (0.32, 0.63, 0.40);
259.8955; (0.32, 0.63, 0.40);
259.8955; (0.32, 0.64, 0.40);
259.9000; (0.32, 0.64, 0.40);
259.9069; (0.32, 0.64, 0.41);
259.9069; (0.31, 0.65, 0.41);
259.9178; (0.32, 0.65, 0.41);
259.9178; (0.31, 0.66, 0.41);
259.9200; (0.31, 0.66, 0.41);
259.9290; (0.31, 0.66, 0.41);
259.9290; (0.31, 0.67, 0.41);
259.9400; (0.31, 0.67, 0.41);
259.9403; (0.31, 0.67, 0.41);
259.9403; (0.31, 0.67, 0.41);
259.9512; (0.31, 0.67, 0.41);
259.9512; (0.30, 0.68, 0.42);
259.9600; (0.30, 0.68, 0.42);
259.9622; (0.30, 0.69, 0.42);
259.9622; (0.30, 0.69, 0.42);
259.9733; (0.30, 0.69, 0.42);
259.9733; (0.30, 0.69, 0.42);
259.9800; (0.30, 0.69, 0.42);
259.9844; (0.30, 0.70, 0.42);
259.9844; (0.30, 0.70, 0.42);
259.9956; (0.30, 0.70, 0.42);
259.9956; (0.30, 0.70, 0.43);
260.0000; (0.30, 0.70, 0.43);
260.0067; (0.29, 0.70, 0.43);
260.0067; (0.29, 0.71, 0.43);
260.0176; (0.29, 0.70, 0.43);
260.0176; (0.29, 0.71, 0.43);
260.0200; (0.29, 0.71, 0.43);
260.0289; (0.29, 0.71, 0.43);
260.0289; (0.29, 0.71, 0.43);
260.0400; (0.29, 0.71, 0.43);
260.0402; (0.29, 0.72, 0.43);
260.0402; (0.29, 0.72, 0.43);
260.0509; (0.29, 0.72, 0.43);
260.0509; (0.29, 0.72, 0.43);
260.0600; (0.29, 0.72, 0.43);
260.0624; (0.29, 0.72, 0.43);
260.0624; (0.29, 0.72, 0.43);
260.0736; (0.29, 0.72, 0.43);
260.0736; (0.29, 0.73, 0.43);
260.0800; (0.29, 0.73, 0.43);
260.0845; (0.29, 0.73, 0.43);
260.0845; (0.29, 0.73, 0.43);
260.0956; (0.29, 0.73, 0.43);
260.0956; (0.29, 0.73, 0.43);
260.1000; (0.29, 0.73, 0.43);
260.1070; (0.29, 0.73, 0.43);
260.1070; (0.29, 0.73, 0.44);
260.1178; (0.29, 0.73, 0.44);
260.1178; (0.29, 0.74, 0.44);
260.1200; (0.29, 0.74, 0.44);
260.1286; (0.29, 0.74, 0.44);
260.1286; (0.29, 0.74, 0.44);
260.1399; (0.29, 0.74, 0.44);
260.1399; (0.29, 0.74, 0.44);
260.1400; (0.29, 0.74, 0.44);
260.1512; (0.29, 0.74, 0.44);
260.1512; (0.29, 0.74, 0.44);
260.1600; (0.29, 0.74, 0.44);
260.1623; (0.29, 0.74, 0.44);
260.1623; (0.29, 0.74, 0.44);
260.1733; (0.29, 0.74, 0.44);
260.1733; (0.29, 0.74, 0.44);
260.1800; (0.29, 0.74, 0.44);
260.1846; (0.28, 0.74, 0.44);
260.1846; (0.28, 0.74, 0.44);
260.1960; (0.28, 0.74, 0.44);
260.1960; (0.28, 0.74, 0.44);
260.2000; (0.28, 0.74, 0.44);
260.2066; (0.29, 0.74, 0.44);
260.2066; (0.29, 0.75, 0.44);
260.2183; (0.29, 0.75, 0.44);
260.2183; (0.29, 0.75, 0.44);
260.2200; (0.29, 0.75, 0.44);
260.2289; (0.29, 0.75, 0.44);
260.2289; (0.29, 0.75, 0.44);
260.2400; (0.29, 0.75, 0.44);
260.2402; (0.29, 0.75, 0.45);
260.2402; (0.29, 0.75, 0.45);
260.2516; (0.29, 0.75, 0.45);
260.2516; (0.29, 0.75, 0.45);
260.2600; (0.29, 0.75, 0.45);
260.2625; (0.29, 0.75, 0.45);
260.2625; (0.29, 0.75, 0.45);
260.2739; (0.29, 0.75, 0.45);
260.2739; (0.29, 0.75, 0.45);
260.2800; (0.29, 0.75, 0.45);
260.2848; (0.29, 0.75, 0.45);
260.2848; (0.29, 0.75, 0.45);
260.2958; (0.29, 0.75, 0.45);
260.2958; (0.29, 0.74, 0.45);
260.3000; (0.29, 0.74, 0.45);
260.3067; (0.29, 0.75, 0.45);
260.3067; (0.29, 0.74, 0.45);
260.3178; (0.29, 0.74, 0.45);
260.3178; (0.29, 0.74, 0.45);
260.3200; (0.29, 0.74, 0.45);
260.3287; (0.29, 0.74, 0.45);
260.3287; (0.29, 0.74, 0.46);
260.3400; (0.29, 0.74, 0.46);
260.3404; (0.29, 0.74, 0.46);
260.3404; (0.29, 0.74, 0.46);
260.3514; (0.29, 0.74, 0.46);
260.3514; (0.29, 0.75, 0.46);
260.3600; (0.29, 0.75, 0.46);
260.3621; (0.30, 0.75, 0.46);
260.3621; (0.30, 0.75, 0.46);
260.3736; (0.30, 0.74, 0.46);
260.3736; (0.30, 0.75, 0.46);
260.3800; (0.30, 0.74, 0.46);
260.3845; (0.30, 0.74, 0.46);
260.3845; (0.30, 0.74, 0.46);
260.3960; (0.30, 0.74, 0.46);
260.3960; (0.30, 0.74, 0.46);
260.4000; (0.30, 0.74, 0.46);
260.4069; (0.30, 0.74, 0.46);
260.4069; (0.30, 0.74, 0.46);
260.4180; (0.30, 0.75, 0.46);
260.4180; (0.30, 0.75, 0.46);
260.4200; (0.30, 0.75, 0.46);
260.4293; (0.30, 0.75, 0.46);
260.4293; (0.30, 0.75, 0.46);
260.4400; (0.30, 0.75, 0.46);
260.4404; (0.30, 0.75, 0.46);
260.4404; (0.30, 0.75, 0.46);
260.4514; (0.30, 0.75, 0.46);
260.4514; (0.30, 0.75, 0.46);
260.4600; (0.30, 0.75, 0.46);
260.4621; (0.30, 0.74, 0.46);
260.4621; (0.30, 0.74, 0.46);
260.4735; (0.30, 0.74, 0.46);
260.4735; (0.30, 0.74, 0.46);
260.4800; (0.30, 0.74, 0.47);
260.4843; (0.30, 0.74, 0.47);
260.4843; (0.30, 0.74, 0.47);
260.4958; (0.31, 0.74, 0.47);
260.4958; (0.31, 0.74, 0.47);
260.5000; (0.31, 0.74, 0.47);
260.5071; (0.31, 0.74, 0.47);
260.5071; (0.31, 0.74, 0.47);
260.5177; (0.31, 0.74, 0.47);
260.5177; (0.31, 0.74, 0.47);
260.5200; (0.31, 0.74, 0.47);
260.5288; (0.31, 0.74, 0.47);
260.5288; (0.31, 0.74, 0.47);
260.5400; (0.31, 0.74, 0.47);
260.5406; (0.31, 0.74, 0.47);
260.5406; (0.31, 0.74, 0.47);
260.5517; (0.31, 0.74, 0.47);
260.5517; (0.31, 0.74, 0.47);
260.5600; (0.31, 0.74, 0.47);
260.5624; (0.31, 0.74, 0.47);
260.5624; (0.31, 0.74, 0.47);
260.5734; (0.31, 0.74, 0.47);
260.5734; (0.31, 0.74, 0.47);
260.5800; (0.31, 0.74, 0.47);
260.5844; (0.31, 0.74, 0.47);
260.5844; (0.31, 0.74, 0.47);
260.5954; (0.31, 0.74, 0.47);
260.5954; (0.32, 0.74, 0.47);
260.6000; (0.32, 0.74, 0.47);
260.6070; (0.32, 0.74, 0.47);
260.6070; (0.32, 0.74, 0.48);
260.6182; (0.32, 0.74, 0.48);
260.6182; (0.32, 0.75, 0.48);
260.6200; (0.32, 0.75, 0.48);
260.6297; (0.32, 0.75, 0.48);
260.6297; (0.32, 0.75, 0.48);
260.6399; (0.32, 0.74, 0.48);
260.6399; (0.32, 0.74, 0.48);
260.6400; (0.32, 0.74, 0.48);
260.6512; (0.32, 0.74, 0.48);
260.6512; (0.32, 0.74, 0.48);
260.6600; (0.32, 0.74, 0.48);
260.6623; (0.33, 0.74, 0.48);
260.6623; (0.33, 0.74, 0.48);
260.6738; (0.33, 0.74, 0.48);
260.6738; (0.33, 0.74, 0.48);
260.6800; (0.33, 0.74, 0.48);
260.6847; (0.33, 0.74, 0.49);
260.6847; (0.33, 0.74, 0.49);
260.6959; (0.33, 0.74, 0.49);
260.6959; (0.33, 0.74, 0.49);
260.7000; (0.33, 0.74, 0.49);
260.7071; (0.33, 0.74, 0.49);
260.7071; (0.33, 0.74, 0.49);
260.7180; (0.33, 0.74, 0.49);
260.7180; (0.33, 0.74, 0.49);
260.7200; (0.33, 0.74, 0.49);
260.7287; (0.33, 0.74, 0.49);
260.7287; (0.33, 0.74, 0.49);
260.7400; (0.33, 0.74, 0.49);
260.7400; (0.33, 0.74, 0.49);
260.7400; (0.33, 0.74, 0.49);
260.7510; (0.33, 0.74, 0.49);
260.7510; (0.34, 0.74, 0.49);
260.7600; (0.33, 0.74, 0.49);
260.7621; (0.34, 0.74, 0.49);
260.7621; (0.34, 0.74, 0.49);
260.7737; (0.34, 0.74, 0.49);
260.7737; (0.34, 0.74, 0.49);
260.7800; (0.34, 0.74, 0.49);
260.7844; (0.34, 0.74, 0.49);
260.7844; (0.34, 0.74, 0.49);
260.7953; (0.34, 0.74, 0.49);
260.7953; (0.34, 0.74, 0.49);
260.8000; (0.34, 0.74, 0.49);
260.8069; (0.34, 0.74, 0.49);
260.8069; (0.34, 0.74, 0.49);
260.8179; (0.34, 0.74, 0.49);
