Experiment: 6
Latency: 750
Source: (0.21, 0.74, 0.50)
SourceSize: 0.0750
Target: (0.79, 0.26, 0.50)
TargetSize: 0.0250

Trace:
time; position; button;
336.7954; (0.22, 0.72, 0.49);
336.8000; (0.22, 0.72, 0.49);
336.8066; (0.22, 0.72, 0.49);
336.8066; (0.21, 0.72, 0.48);
336.8177; (0.21, 0.72, 0.48);
336.8177; (0.21, 0.72, 0.48);
336.8200; (0.21, 0.72, 0.48);
336.8288; (0.21, 0.72, 0.48);
336.8288; (0.21, 0.72, 0.48);
336.8398; (0.21, 0.72, 0.48);
336.8398; (0.21, 0.72, 0.48);
336.8400; (0.21, 0.72, 0.48);
336.8509; (0.21, 0.72, 0.48);
336.8509; (0.21, 0.72, 0.48);
336.8600; (0.21, 0.72, 0.48);
336.8621; (0.21, 0.72, 0.48);
336.8621; (0.21, 0.72, 0.48);
336.8732; (0.21, 0.72, 0.48);
336.8732; (0.21, 0.72, 0.48);
336.8800; (0.22, 0.72, 0.48);
336.8842; (0.22, 0.73, 0.48);
336.8842; (0.22, 0.73, 0.48);
336.8954; (0.22, 0.73, 0.48);
336.8954; (0.22, 0.73, 0.48);
336.9000; (0.22, 0.73, 0.48);
336.9065; (0.22, 0.73, 0.48);
336.9065; (0.22, 0.73, 0.48);
336.9175; (0.22, 0.73, 0.48);
336.9175; (0.22, 0.73, 0.48);
336.9200; (0.22, 0.73, 0.48);
336.9286; (0.22, 0.73, 0.48);
336.9286; (0.21, 0.73, 0.48);
336.9398; (0.21, 0.73, 0.48);
336.9398; (0.21, 0.73, 0.48);
336.9400; (0.21, 0.73, 0.48);
336.9508; (0.22, 0.73, 0.48);
336.9508; (0.22, 0.73, 0.48);
336.9600; (0.22, 0.73, 0.48);
336.9620; (0.22, 0.73, 0.48);
336.9620; (0.22, 0.73, 0.48);
336.9730; (0.22, 0.73, 0.48);
336.9730; (0.22, 0.73, 0.48);
336.9800; (0.22, 0.73, 0.48);
336.9845; (0.22, 0.73, 0.48);
336.9845; (0.22, 0.73, 0.48);
336.9954; (0.22, 0.73, 0.48);
336.9954; (0.22, 0.73, 0.48);
337.0000; (0.22, 0.73, 0.47);
337.0064; (0.22, 0.73, 0.47);
337.0064; (0.22, 0.73, 0.47);
337.0175; (0.22, 0.73, 0.47);
337.0175; (0.22, 0.73, 0.47);
337.0200; (0.22, 0.73, 0.47);
337.0287; (0.22, 0.73, 0.47);
337.0287; (0.22, 0.73, 0.47);
337.0399; (0.22, 0.73, 0.48);
337.0399; (0.22, 0.73, 0.47);
337.0400; (0.22, 0.73, 0.47);
337.0509; (0.22, 0.73, 0.48);
337.0509; (0.22, 0.73, 0.48);
337.0600; (0.22, 0.73, 0.48);
337.0620; (0.22, 0.73, 0.48);
337.0620; (0.22, 0.73, 0.48);
337.0733; (0.21, 0.73, 0.47);
337.0733; (0.21, 0.73, 0.47);
337.0800; (0.21, 0.73, 0.47);
337.0844; (0.21, 0.73, 0.47);
337.0844; (0.21, 0.73, 0.47);
337.0956; (0.21, 0.73, 0.47);
337.0956; (0.21, 0.73, 0.47);
337.1000; (0.21, 0.73, 0.47);
337.1065; (0.21, 0.73, 0.47);
337.1065; (0.21, 0.73, 0.47);
337.1176; (0.21, 0.73, 0.47);
337.1176; (0.21, 0.73, 0.47);
337.1200; (0.21, 0.73, 0.47);
337.1294; (0.21, 0.73, 0.47);
337.1294; (0.21, 0.73, 0.47);
337.1400; (0.21, 0.73, 0.47);
337.1411; (0.21, 0.73, 0.47);
337.1411; (0.21, 0.73, 0.47);
337.1512; (0.21, 0.73, 0.48);
337.1512; (0.21, 0.73, 0.48);
337.1600; (0.21, 0.73, 0.48);
337.1622; (0.21, 0.73, 0.48);
337.1622; (0.21, 0.73, 0.48);
337.1733; (0.21, 0.73, 0.48);
337.1733; (0.21, 0.73, 0.48);
337.1800; (0.21, 0.73, 0.48);
337.1851; (0.20, 0.73, 0.48);
337.1851; (0.20, 0.73, 0.48);
337.1957; (0.20, 0.73, 0.48);
337.1957; (0.20, 0.73, 0.48);
337.2000; (0.20, 0.73, 0.48);
337.2065; (0.20, 0.72, 0.48);
337.2065; (0.20, 0.72, 0.48);
337.2177; (0.20, 0.72, 0.48);
337.2177; (0.20, 0.72, 0.48);
337.2200; (0.20, 0.72, 0.48);
337.2292; (0.20, 0.72, 0.48);
337.2292; (0.20, 0.72, 0.48);
337.2400; (0.20, 0.72, 0.48);
337.2401; (0.20, 0.72, 0.48);
337.2401; (0.20, 0.72, 0.48);
337.2509; (0.20, 0.72, 0.48);
337.2509; (0.20, 0.72, 0.48);
337.2600; (0.20, 0.72, 0.48);
337.2620; (0.20, 0.72, 0.48);
337.2620; (0.20, 0.72, 0.48);
337.2731; (0.20, 0.72, 0.48);
337.2731; (0.20, 0.72, 0.48);
337.2800; (0.20, 0.72, 0.49);
337.2843; (0.20, 0.72, 0.49);
337.2843; (0.20, 0.72, 0.49);
337.2953; (0.20, 0.72, 0.49);
337.2953; (0.20, 0.72, 0.49);
337.3000; (0.20, 0.72, 0.49);
337.3065; (0.20, 0.72, 0.49);
337.3065; (0.20, 0.72, 0.49);
337.3175; (0.20, 0.72, 0.49);
337.3175; (0.20, 0.72, 0.49);
337.3200; (0.20, 0.72, 0.49);
337.3288; (0.20, 0.72, 0.49);
337.3288; (0.20, 0.72, 0.49);
337.3398; (0.20, 0.72, 0.49);
337.3398; (0.20, 0.72, 0.49);
337.3400; (0.20, 0.72, 0.49);
337.3509; (0.20, 0.72, 0.49);
337.3509; (0.20, 0.72, 0.49);
337.3600; (0.20, 0.72, 0.49);
337.3625; (0.20, 0.72, 0.49);
337.3625; (0.20, 0.72, 0.49);
337.3733; (0.20, 0.72, 0.49);
337.3733; (0.20, 0.72, 0.49);
337.3800; (0.20, 0.72, 0.49);
337.3843; (0.20, 0.72, 0.49);
337.3843; (0.20, 0.72, 0.49);
337.3954; (0.20, 0.73, 0.49);
337.3954; (0.20, 0.73, 0.49);
337.4000; (0.20, 0.73, 0.49);
337.4068; (0.20, 0.73, 0.49);
337.4068; (0.20, 0.73, 0.49);
337.4177; (0.19, 0.73, 0.49);
337.4177; (0.19, 0.73, 0.50);
337.4200; (0.19, 0.73, 0.50);
337.4291; (0.19, 0.72, 0.50);
337.4291; (0.19, 0.72, 0.50);
337.4399; (0.19, 0.72, 0.50);
337.4399; (0.19, 0.72, 0.50);
337.4400; (0.19, 0.72, 0.50);
337.4509; (0.19, 0.72, 0.50);
337.4509; (0.19, 0.72, 0.50);
337.4600; (0.19, 0.72, 0.50);
337.4620; (0.19, 0.72, 0.50);
337.4620; (0.19, 0.72, 0.50);
337.4731; (0.19, 0.72, 0.50);
337.4731; (0.19, 0.73, 0.50);
337.4800; (0.19, 0.72, 0.50);
337.4843; (0.19, 0.72, 0.50);
337.4843; (0.19, 0.72, 0.50);
337.4957; (0.19, 0.72, 0.50);
337.4957; (0.19, 0.72, 0.50);
337.5000; (0.19, 0.72, 0.50);
337.5065; (0.19, 0.72, 0.50);
337.5065; (0.19, 0.72, 0.50);
337.5176; (0.19, 0.72, 0.50);
337.5176; (0.20, 0.72, 0.50);
337.5200; (0.20, 0.72, 0.50);
337.5287; (0.20, 0.72, 0.50);
337.5287; (0.20, 0.72, 0.50);
337.5398; (0.20, 0.72, 0.50);
337.5398; (0.20, 0.72, 0.50);
337.5400; (0.20, 0.72, 0.50);
337.5508; (0.20, 0.72, 0.51);
337.5508; (0.20, 0.72, 0.51);
337.5600; (0.20, 0.72, 0.51);
337.5621; (0.20, 0.72, 0.51);
337.5621; (0.20, 0.72, 0.51);
337.5731; (0.20, 0.72, 0.51);
337.5731; (0.20, 0.72, 0.51);
337.5800; (0.20, 0.72, 0.51);
337.5843; (0.20, 0.72, 0.51);
337.5843; (0.20, 0.72, 0.51);
337.5953; (0.20, 0.72, 0.51);
337.5953; (0.20, 0.72, 0.51);
337.6000; (0.20, 0.72, 0.51);
337.6065; (0.20, 0.72, 0.51);
337.6065; (0.20, 0.72, 0.51);
337.6176; (0.20, 0.72, 0.51);
337.6176; (0.20, 0.72, 0.51);
337.6200; (0.20, 0.72, 0.51);
337.6286; (0.20, 0.72, 0.51);
337.6286; (0.20, 0.72, 0.51);
337.6398; (0.20, 0.72, 0.51);
337.6398; (0.20, 0.72, 0.51);
337.6400; (0.20, 0.72, 0.51);
337.6508; (0.20, 0.72, 0.51);
337.6508; (0.20, 0.72, 0.51);
337.6600; (0.20, 0.72, 0.51);
337.6623; (0.20, 0.72, 0.52);
337.6623; (0.20, 0.72, 0.52);
337.6736; (0.20, 0.72, 0.52);
337.6736; (0.20, 0.72, 0.52);
337.6800; (0.20, 0.73, 0.52);
337.6843; (0.21, 0.73, 0.52);
337.6843; (0.21, 0.73, 0.52);
337.6953; (0.21, 0.73, 0.52);
337.6953; (0.21, 0.73, 0.52);
337.7000; (0.21, 0.73, 0.52);
337.7065; (0.21, 0.73, 0.52);
337.7065; (0.21, 0.73, 0.52);
337.7176; (0.21, 0.73, 0.52);
337.7176; (0.21, 0.73, 0.52);
337.7200; (0.21, 0.73, 0.52);
337.7286; (0.21, 0.73, 0.52);
337.7286; (0.21, 0.73, 0.52);
337.7398; (0.21, 0.73, 0.52);
337.7398; (0.21, 0.73, 0.52);
337.7400; (0.21, 0.73, 0.52);
337.7508; (0.21, 0.73, 0.51);
337.7508; (0.21, 0.73, 0.51);
337.7600; (0.21, 0.73, 0.51);
337.7620; (0.21, 0.73, 0.51);
337.7620; (0.21, 0.73, 0.51);
337.7733; (0.21, 0.73, 0.51);
337.7733; (0.21, 0.73, 0.52);
337.7800; (0.21, 0.73, 0.52);
337.7843; (0.21, 0.73, 0.52);
337.7843; (0.21, 0.73, 0.52);
337.7956; (0.21, 0.73, 0.52);
337.7956; (0.21, 0.73, 0.52);
337.8000; (0.21, 0.73, 0.52);
337.8065; (0.22, 0.73, 0.52);
337.8065; (0.22, 0.73, 0.52);
337.8176; (0.21, 0.73, 0.51);
337.8176; (0.22, 0.73, 0.51);
337.8200; (0.22, 0.73, 0.51);
337.8286; (0.22, 0.73, 0.51);
337.8286; (0.22, 0.72, 0.51);
337.8398; (0.22, 0.72, 0.51);
337.8398; (0.22, 0.72, 0.51);
337.8400; (0.22, 0.72, 0.51);
337.8509; (0.22, 0.72, 0.51);
337.8509; (0.22, 0.72, 0.51);
337.8600; (0.22, 0.72, 0.51);
337.8622; (0.22, 0.72, 0.51);
337.8622; (0.22, 0.72, 0.51);
337.8732; (0.22, 0.72, 0.51);
337.8732; (0.23, 0.72, 0.51);
337.8800; (0.23, 0.72, 0.51);
337.8842; (0.23, 0.72, 0.51);
337.8842; (0.23, 0.72, 0.51);
337.8959; (0.23, 0.72, 0.51);
337.8959; (0.24, 0.71, 0.51);
337.9000; (0.24, 0.71, 0.51);
337.9065; (0.24, 0.71, 0.51);
337.9065; (0.24, 0.71, 0.51);
337.9175; (0.24, 0.71, 0.51);
337.9175; (0.25, 0.71, 0.51);
337.9200; (0.25, 0.71, 0.51);
337.9287; (0.25, 0.71, 0.51);
337.9287; (0.25, 0.70, 0.51);
337.9398; (0.25, 0.70, 0.51);
337.9398; (0.26, 0.70, 0.51);
337.9400; (0.26, 0.70, 0.51);
337.9510; (0.26, 0.70, 0.51);
337.9510; (0.27, 0.70, 0.51);
337.9600; (0.27, 0.70, 0.51);
337.9620; (0.27, 0.70, 0.51);
337.9620; (0.27, 0.70, 0.51);
337.9732; (0.27, 0.69, 0.51);
337.9732; (0.28, 0.69, 0.51);
337.9800; (0.28, 0.69, 0.51);
337.9843; (0.29, 0.68, 0.50);
337.9843; (0.29, 0.68, 0.50);
337.9956; (0.29, 0.68, 0.51);
337.9956; (0.30, 0.68, 0.50);
338.0000; (0.30, 0.68, 0.50);
338.0066; (0.30, 0.68, 0.51);
338.0066; (0.31, 0.67, 0.50);
338.0175; (0.31, 0.67, 0.51);
338.0175; (0.32, 0.66, 0.50);
338.0200; (0.32, 0.66, 0.50);
338.0286; (0.32, 0.66, 0.51);
338.0286; (0.33, 0.65, 0.50);
338.0400; (0.33, 0.65, 0.51);
338.0400; (0.34, 0.65, 0.50);
338.0400; (0.34, 0.65, 0.50);
338.0508; (0.33, 0.65, 0.50);
338.0508; (0.34, 0.64, 0.50);
338.0600; (0.35, 0.64, 0.50);
338.0620; (0.36, 0.63, 0.50);
338.0620; (0.36, 0.63, 0.50);
338.0732; (0.36, 0.63, 0.50);
338.0732; (0.37, 0.62, 0.50);
338.0800; (0.37, 0.62, 0.50);
338.0845; (0.38, 0.62, 0.50);
338.0845; (0.38, 0.62, 0.50);
338.0956; (0.38, 0.61, 0.50);
338.0956; (0.39, 0.61, 0.50);
338.1000; (0.39, 0.60, 0.50);
338.1065; (0.40, 0.59, 0.50);
338.1065; (0.40, 0.59, 0.50);
338.1179; (0.40, 0.59, 0.50);
338.1179; (0.41, 0.58, 0.50);
338.1200; (0.41, 0.58, 0.50);
338.1288; (0.41, 0.58, 0.50);
338.1288; (0.42, 0.57, 0.50);
338.1400; (0.42, 0.57, 0.50);
338.1402; (0.44, 0.56, 0.50);
338.1402; (0.44, 0.56, 0.50);
338.1510; (0.44, 0.56, 0.50);
338.1510; (0.45, 0.55, 0.50);
338.1600; (0.45, 0.55, 0.50);
338.1624; (0.46, 0.54, 0.50);
338.1624; (0.46, 0.54, 0.50);
338.1732; (0.46, 0.54, 0.50);
338.1732; (0.47, 0.53, 0.50);
338.1800; (0.47, 0.53, 0.51);
338.1844; (0.49, 0.52, 0.51);
338.1844; (0.49, 0.52, 0.51);
338.1956; (0.49, 0.52, 0.51);
338.1956; (0.50, 0.50, 0.51);
338.2000; (0.50, 0.50, 0.51);
338.2066; (0.52, 0.49, 0.51);
338.2066; (0.52, 0.49, 0.51);
338.2177; (0.52, 0.49, 0.51);
338.2177; (0.53, 0.48, 0.51);
338.2200; (0.53, 0.48, 0.51);
338.2289; (0.53, 0.47, 0.51);
338.2289; (0.55, 0.46, 0.51);
338.2400; (0.55, 0.46, 0.51);
338.2400; (0.57, 0.45, 0.51);
338.2400; (0.57, 0.45, 0.51);
338.2510; (0.57, 0.45, 0.51);
338.2510; (0.58, 0.43, 0.51);
338.2600; (0.58, 0.44, 0.52);
338.2622; (0.59, 0.42, 0.51);
338.2622; (0.59, 0.42, 0.51);
338.2734; (0.59, 0.43, 0.51);
338.2734; (0.61, 0.41, 0.51);
338.2800; (0.61, 0.42, 0.51);
338.2843; (0.62, 0.40, 0.51);
338.2843; (0.62, 0.40, 0.51);
338.2953; (0.61, 0.41, 0.51);
338.2953; (0.63, 0.40, 0.51);
338.3000; (0.62, 0.40, 0.51);
338.3065; (0.64, 0.39, 0.51);
338.3065; (0.64, 0.39, 0.51);
338.3176; (0.64, 0.39, 0.51);
338.3176; (0.65, 0.38, 0.51);
338.3200; (0.65, 0.38, 0.51);
338.3287; (0.65, 0.38, 0.51);
338.3287; (0.67, 0.37, 0.51);
338.3397; (0.67, 0.37, 0.51);
338.3397; (0.68, 0.36, 0.51);
338.3400; (0.68, 0.36, 0.51);
338.3511; (0.68, 0.36, 0.51);
338.3511; (0.69, 0.35, 0.51);
338.3600; (0.69, 0.35, 0.51);
338.3621; (0.70, 0.34, 0.51);
338.3621; (0.70, 0.34, 0.51);
338.3732; (0.70, 0.34, 0.51);
338.3732; (0.71, 0.34, 0.50);
338.3800; (0.71, 0.34, 0.51);
338.3842; (0.72, 0.33, 0.50);
338.3842; (0.72, 0.33, 0.50);
338.3957; (0.72, 0.33, 0.51);
338.3957; (0.73, 0.33, 0.50);
338.4000; (0.73, 0.33, 0.50);
338.4066; (0.74, 0.32, 0.50);
338.4066; (0.74, 0.32, 0.50);
338.4177; (0.73, 0.33, 0.50);
338.4177; (0.74, 0.32, 0.50);
338.4200; (0.74, 0.32, 0.50);
338.4288; (0.74, 0.32, 0.50);
338.4288; (0.75, 0.32, 0.50);
338.4398; (0.75, 0.32, 0.49);
338.4398; (0.76, 0.32, 0.49);
338.4400; (0.76, 0.32, 0.49);
338.4510; (0.76, 0.32, 0.49);
338.4510; (0.76, 0.32, 0.49);
338.4600; (0.76, 0.32, 0.49);
338.4622; (0.77, 0.31, 0.48);
338.4622; (0.77, 0.31, 0.48);
338.4732; (0.77, 0.31, 0.48);
338.4732; (0.77, 0.31, 0.48);
338.4800; (0.77, 0.31, 0.48);
338.4843; (0.78, 0.31, 0.48);
338.4843; (0.78, 0.31, 0.48);
338.4954; (0.77, 0.31, 0.47);
338.4954; (0.78, 0.31, 0.47);
338.5000; (0.77, 0.31, 0.47);
338.5064; (0.78, 0.31, 0.47);
338.5064; (0.78, 0.31, 0.47);
338.5176; (0.78, 0.31, 0.47);
338.5176; (0.78, 0.31, 0.47);
338.5200; (0.78, 0.31, 0.47);
338.5287; (0.78, 0.32, 0.47);
338.5287; (0.78, 0.32, 0.46);
338.5398; (0.78, 0.31, 0.46);
338.5398; (0.78, 0.32, 0.46);
338.5400; (0.78, 0.32, 0.46);
338.5510; (0.78, 0.32, 0.46);
338.5510; (0.78, 0.32, 0.46);
338.5600; (0.78, 0.32, 0.46);
338.5620; (0.78, 0.32, 0.46);
338.5620; (0.78, 0.32, 0.46);
338.5731; (0.78, 0.32, 0.46);
338.5731; (0.78, 0.32, 0.46);
338.5800; (0.78, 0.31, 0.46);
338.5843; (0.78, 0.32, 0.45);
338.5843; (0.78, 0.32, 0.45);
338.5954; (0.78, 0.31, 0.46);
338.5954; (0.78, 0.31, 0.45);
338.6000; (0.78, 0.31, 0.45);
338.6065; (0.78, 0.31, 0.45);
338.6065; (0.78, 0.31, 0.45);
338.6177; (0.78, 0.31, 0.45);
338.6177; (0.78, 0.31, 0.45);
338.6200; (0.78, 0.31, 0.45);
338.6287; (0.78, 0.31, 0.45);
338.6287; (0.78, 0.31, 0.45);
338.6397; (0.78, 0.31, 0.45);
338.6397; (0.78, 0.31, 0.45);
338.6400; (0.78, 0.31, 0.45);
338.6510; (0.78, 0.31, 0.45);
338.6510; (0.78, 0.31, 0.45);
338.6600; (0.78, 0.31, 0.45);
338.6619; (0.78, 0.31, 0.45);
338.6619; (0.78, 0.31, 0.45);
338.6731; (0.78, 0.31, 0.45);
338.6731; (0.78, 0.31, 0.45);
338.6800; (0.78, 0.31, 0.45);
338.6843; (0.78, 0.31, 0.45);
338.6843; (0.78, 0.31, 0.45);
338.6953; (0.78, 0.31, 0.45);
338.6953; (0.78, 0.31, 0.45);
338.7000; (0.78, 0.31, 0.45);
338.7064; (0.78, 0.31, 0.45);
338.7064; (0.78, 0.31, 0.45);
338.7177; (0.78, 0.31, 0.45);
338.7177; (0.78, 0.31, 0.45);
338.7200; (0.78, 0.31, 0.45);
338.7288; (0.78, 0.31, 0.45);
338.7288; (0.78, 0.31, 0.45);
338.7400; (0.78, 0.31, 0.45);
338.7400; (0.78, 0.31, 0.45);
338.7400; (0.78, 0.31, 0.45);
338.7511; (0.78, 0.31, 0.45);
338.7511; (0.78, 0.31, 0.45);
338.7600; (0.78, 0.31, 0.45);
338.7620; (0.78, 0.31, 0.45);
338.7620; (0.78, 0.31, 0.45);
338.7732; (0.78, 0.31, 0.45);
338.7732; (0.78, 0.31, 0.45);
338.7800; (0.78, 0.31, 0.45);
338.7842; (0.78, 0.31, 0.45);
338.7842; (0.78, 0.31, 0.45);
338.7953; (0.78, 0.31, 0.45);
338.7953; (0.78, 0.31, 0.45);
338.8000; (0.78, 0.31, 0.45);
338.8065; (0.78, 0.31, 0.45);
338.8065; (0.78, 0.31, 0.45);
338.8175; (0.78, 0.31, 0.45);
338.8175; (0.78, 0.31, 0.45);
338.8200; (0.78, 0.31, 0.45);
338.8287; (0.78, 0.30, 0.45);
338.8287; (0.78, 0.30, 0.45);
338.8398; (0.78, 0.31, 0.44);
338.8398; (0.78, 0.31, 0.44);
338.8400; (0.78, 0.31, 0.44);
338.8509; (0.78, 0.31, 0.44);
338.8509; (0.79, 0.31, 0.44);
338.8600; (0.78, 0.31, 0.44);
338.8620; (0.79, 0.31, 0.44);
338.8620; (0.79, 0.31, 0.44);
338.8733; (0.79, 0.31, 0.44);
338.8733; (0.79, 0.31, 0.44);
338.8800; (0.79, 0.31, 0.44);
338.8843; (0.79, 0.31, 0.44);
338.8843; (0.79, 0.31, 0.44);
338.8954; (0.79, 0.31, 0.44);
338.8954; (0.79, 0.31, 0.44);
338.9000; (0.79, 0.31, 0.44);
338.9065; (0.79, 0.31, 0.44);
338.9065; (0.79, 0.31, 0.44);
338.9176; (0.79, 0.31, 0.44);
338.9176; (0.79, 0.31, 0.44);
338.9200; (0.79, 0.31, 0.44);
338.9287; (0.79, 0.31, 0.44);
338.9287; (0.79, 0.31, 0.44);
338.9398; (0.79, 0.31, 0.44);
338.9398; (0.79, 0.31, 0.44);
338.9400; (0.79, 0.31, 0.44);
338.9509; (0.79, 0.31, 0.44);
338.9509; (0.79, 0.31, 0.44);
338.9600; (0.79, 0.31, 0.44);
338.9620; (0.79, 0.31, 0.44);
338.9620; (0.79, 0.31, 0.44);
338.9732; (0.79, 0.31, 0.44);
338.9732; (0.78, 0.31, 0.44);
338.9800; (0.78, 0.31, 0.44);
338.9842; (0.78, 0.31, 0.44);
338.9842; (0.78, 0.31, 0.44);
338.9954; (0.78, 0.31, 0.44);
338.9954; (0.78, 0.31, 0.44);
339.0000; (0.79, 0.31, 0.44);
339.0064; (0.79, 0.31, 0.44);
339.0064; (0.79, 0.31, 0.44);
339.0175; (0.79, 0.31, 0.44);
339.0175; (0.79, 0.31, 0.44);
339.0200; (0.79, 0.31, 0.44);
339.0287; (0.79, 0.31, 0.44);
339.0287; (0.79, 0.31, 0.44);
339.0398; (0.79, 0.31, 0.44);
339.0398; (0.79, 0.31, 0.44);
339.0400; (0.79, 0.31, 0.44);
339.0508; (0.79, 0.31, 0.44);
339.0508; (0.79, 0.31, 0.44);
339.0600; (0.79, 0.31, 0.43);
339.0620; (0.79, 0.31, 0.43);
339.0620; (0.79, 0.31, 0.43);
339.0732; (0.79, 0.31, 0.43);
339.0732; (0.79, 0.31, 0.43);
339.0800; (0.79, 0.31, 0.43);
339.0843; (0.79, 0.31, 0.43);
339.0843; (0.79, 0.31, 0.43);
339.0954; (0.79, 0.31, 0.43);
339.0954; (0.79, 0.30, 0.43);
339.1000; (0.79, 0.31, 0.43);
339.1069; (0.79, 0.30, 0.43);
339.1069; (0.79, 0.30, 0.43);
339.1176; (0.79, 0.31, 0.43);
339.1176; (0.79, 0.30, 0.43);
339.1200; (0.79, 0.30, 0.43);
339.1288; (0.79, 0.30, 0.43);
339.1288; (0.79, 0.30, 0.43);
339.1399; (0.79, 0.30, 0.43);
339.1399; (0.79, 0.30, 0.43);
339.1400; (0.79, 0.30, 0.43);
339.1509; (0.79, 0.30, 0.43);
339.1509; (0.79, 0.30, 0.43);
339.1600; (0.79, 0.30, 0.43);
339.1621; (0.79, 0.30, 0.43);
339.1621; (0.79, 0.30, 0.43);
339.1733; (0.79, 0.30, 0.43);
339.1733; (0.79, 0.30, 0.43);
339.1800; (0.79, 0.30, 0.43);
339.1845; (0.79, 0.30, 0.43);
339.1845; (0.79, 0.30, 0.43);
339.1955; (0.79, 0.30, 0.43);
339.1955; (0.79, 0.30, 0.43);
339.2000; (0.79, 0.30, 0.43);
339.2065; (0.79, 0.30, 0.43);
339.2065; (0.79, 0.30, 0.43);
339.2179; (0.79, 0.30, 0.43);
339.2179; (0.79, 0.30, 0.43);
339.2200; (0.79, 0.30, 0.43);
339.2289; (0.79, 0.30, 0.43);
339.2289; (0.79, 0.30, 0.43);
339.2398; (0.79, 0.30, 0.43);
339.2398; (0.79, 0.30, 0.43);
339.2400; (0.79, 0.30, 0.43);
339.2509; (0.79, 0.30, 0.43);
339.2509; (0.79, 0.31, 0.43);
339.2600; (0.79, 0.30, 0.43);
339.2624; (0.79, 0.31, 0.43);
339.2624; (0.79, 0.31, 0.43);
339.2733; (0.79, 0.30, 0.43);
339.2733; (0.79, 0.30, 0.43);
339.2800; (0.79, 0.30, 0.43);
339.2845; (0.79, 0.30, 0.43);
339.2845; (0.79, 0.30, 0.43);
339.2955; (0.79, 0.30, 0.43);
339.2955; (0.79, 0.30, 0.43);
339.3000; (0.79, 0.30, 0.43);
339.3067; (0.79, 0.30, 0.43);
339.3067; (0.79, 0.30, 0.43);
339.3177; (0.79, 0.30, 0.43);
339.3177; (0.79, 0.30, 0.43);
339.3200; (0.79, 0.30, 0.43);
339.3288; (0.79, 0.31, 0.43);
339.3288; (0.79, 0.31, 0.43);
339.3398; (0.79, 0.31, 0.43);
339.3398; (0.79, 0.31, 0.43);
339.3400; (0.79, 0.31, 0.43);
339.3509; (0.79, 0.31, 0.43);
339.3509; (0.79, 0.31, 0.43);
339.3600; (0.79, 0.31, 0.43);
339.3620; (0.79, 0.31, 0.43);
339.3620; (0.79, 0.31, 0.43);
339.3731; (0.79, 0.31, 0.43);
339.3731; (0.79, 0.31, 0.43);
339.3800; (0.79, 0.31, 0.43);
339.3843; (0.79, 0.31, 0.43);
339.3843; (0.79, 0.31, 0.43);
339.3954; (0.79, 0.31, 0.43);
339.3954; (0.79, 0.31, 0.43);
339.4000; (0.79, 0.31, 0.43);
339.4065; (0.79, 0.31, 0.43);
339.4065; (0.79, 0.31, 0.43);
339.4176; (0.79, 0.31, 0.43);
339.4176; (0.79, 0.31, 0.43);
339.4200; (0.79, 0.31, 0.43);
339.4287; (0.79, 0.31, 0.43);
339.4287; (0.79, 0.31, 0.43);
339.4398; (0.79, 0.31, 0.43);
339.4398; (0.79, 0.31, 0.43);
339.4400; (0.79, 0.31, 0.43);
339.4510; (0.79, 0.31, 0.43);
339.4510; (0.79, 0.31, 0.43);
339.4600; (0.79, 0.31, 0.43);
339.4621; (0.79, 0.31, 0.43);
339.4621; (0.79, 0.31, 0.43);
339.4731; (0.79, 0.31, 0.43);
339.4731; (0.79, 0.31, 0.43);
339.4800; (0.79, 0.31, 0.43);
339.4842; (0.79, 0.31, 0.43);
339.4842; (0.79, 0.31, 0.43);
339.4954; (0.79, 0.31, 0.43);
339.4954; (0.79, 0.31, 0.43);
339.5000; (0.79, 0.31, 0.43);
339.5064; (0.79, 0.31, 0.43);
339.5064; (0.79, 0.31, 0.43);
339.5176; (0.79, 0.31, 0.43);
339.5176; (0.79, 0.31, 0.43);
339.5200; (0.79, 0.31, 0.43);
339.5287; (0.79, 0.31, 0.43);
339.5287; (0.79, 0.31, 0.43);
339.5398; (0.79, 0.31, 0.43);
339.5398; (0.79, 0.31, 0.43);
339.5400; (0.79, 0.31, 0.43);
339.5509; (0.79, 0.31, 0.43);
339.5509; (0.79, 0.31, 0.43);
339.5600; (0.79, 0.31, 0.43);
339.5620; (0.79, 0.31, 0.43);
339.5620; (0.79, 0.31, 0.43);
339.5731; (0.79, 0.31, 0.43);
339.5731; (0.79, 0.31, 0.43);
339.5800; (0.79, 0.31, 0.43);
339.5843; (0.79, 0.30, 0.43);
339.5843; (0.79, 0.30, 0.43);
339.5954; (0.79, 0.30, 0.43);
339.5954; (0.79, 0.30, 0.43);
339.6000; (0.79, 0.30, 0.43);
339.6065; (0.79, 0.30, 0.44);
339.6065; (0.79, 0.30, 0.44);
339.6176; (0.79, 0.30, 0.44);
339.6176; (0.79, 0.30, 0.44);
339.6200; (0.79, 0.30, 0.44);
339.6287; (0.79, 0.30, 0.44);
339.6287; (0.79, 0.30, 0.44);
339.6398; (0.79, 0.30, 0.44);
339.6398; (0.80, 0.30, 0.44);
339.6400; (0.80, 0.30, 0.44);
339.6509; (0.80, 0.30, 0.44);
339.6509; (0.80, 0.30, 0.44);
339.6600; (0.80, 0.30, 0.44);
339.6621; (0.80, 0.30, 0.44);
339.6621; (0.80, 0.30, 0.44);
339.6731; (0.80, 0.30, 0.44);
339.6731; (0.80, 0.30, 0.44);
339.6800; (0.80, 0.30, 0.44);
339.6843; (0.80, 0.30, 0.44);
339.6843; (0.80, 0.30, 0.44);
339.6953; (0.80, 0.30, 0.44);
339.6953; (0.80, 0.30, 0.45);
339.7000; (0.80, 0.29, 0.45);
339.7065; (0.80, 0.29, 0.45);
339.7065; (0.80, 0.29, 0.45);
339.7175; (0.80, 0.29, 0.45);
339.7175; (0.80, 0.29, 0.45);
339.7200; (0.80, 0.29, 0.45);
339.7286; (0.80, 0.29, 0.45);
339.7286; (0.80, 0.29, 0.45);
339.7398; (0.80, 0.29, 0.45);
339.7398; (0.80, 0.28, 0.45);
339.7400; (0.80, 0.28, 0.45);
339.7509; (0.80, 0.28, 0.45);
339.7509; (0.80, 0.28, 0.45);
339.7600; (0.80, 0.28, 0.45);
339.7619; (0.80, 0.28, 0.46);
339.7619; (0.80, 0.28, 0.46);
339.7731; (0.80, 0.28, 0.46);
339.7731; (0.80, 0.28, 0.46);
339.7800; (0.80, 0.28, 0.46);
339.7844; (0.81, 0.28, 0.46);
339.7844; (0.81, 0.28, 0.46);
339.7953; (0.80, 0.27, 0.46);
339.7953; (0.81, 0.27, 0.46);
339.8000; (0.81, 0.27, 0.46);
339.8064; (0.81, 0.27, 0.46);
339.8064; (0.81, 0.27, 0.46);
339.8176; (0.81, 0.27, 0.46);
339.8176; (0.81, 0.26, 0.47);
339.8200; (0.81, 0.26, 0.47);
339.8287; (0.81, 0.26, 0.47);
339.8287; (0.81, 0.26, 0.47);
339.8398; (0.81, 0.26, 0.47);
339.8398; (0.81, 0.25, 0.47);
339.8400; (0.81, 0.25, 0.47);
339.8510; (0.81, 0.25, 0.47);
339.8510; (0.81, 0.25, 0.47);
339.8600; (0.81, 0.25, 0.47);
339.8620; (0.81, 0.25, 0.47);
339.8620; (0.81, 0.25, 0.47);
339.8731; (0.81, 0.25, 0.47);
339.8731; (0.81, 0.24, 0.48);
339.8800; (0.81, 0.24, 0.48);
339.8843; (0.81, 0.24, 0.48);
339.8843; (0.81, 0.24, 0.48);
339.8954; (0.81, 0.24, 0.48);
339.8954; (0.81, 0.23, 0.48);
339.9000; (0.81, 0.24, 0.48);
339.9066; (0.82, 0.23, 0.48);
339.9066; (0.82, 0.23, 0.48);
339.9176; (0.81, 0.23, 0.48);
339.9176; (0.82, 0.23, 0.48);
339.9200; (0.82, 0.23, 0.48);
339.9287; (0.81, 0.23, 0.48);
339.9287; (0.82, 0.22, 0.48);
339.9398; (0.82, 0.22, 0.48);
339.9398; (0.82, 0.22, 0.48);
339.9400; (0.82, 0.22, 0.48);
339.9509; (0.82, 0.22, 0.48);
339.9509; (0.82, 0.22, 0.49);
339.9600; (0.82, 0.22, 0.48);
339.9621; (0.82, 0.22, 0.49);
339.9621; (0.82, 0.22, 0.49);
339.9731; (0.82, 0.22, 0.49);
339.9731; (0.82, 0.21, 0.49);
339.9800; (0.82, 0.21, 0.49);
339.9843; (0.82, 0.21, 0.49);
339.9843; (0.82, 0.21, 0.49);
339.9954; (0.82, 0.21, 0.49);
339.9954; (0.82, 0.21, 0.49);
340.0000; (0.82, 0.21, 0.49);
340.0065; (0.82, 0.21, 0.49);
340.0065; (0.82, 0.21, 0.49);
340.0175; (0.82, 0.21, 0.49);
340.0175; (0.82, 0.20, 0.49);
340.0200; (0.82, 0.20, 0.49);
340.0287; (0.82, 0.20, 0.49);
340.0287; (0.82, 0.20, 0.49);
340.0397; (0.82, 0.20, 0.49);
340.0397; (0.82, 0.20, 0.49);
340.0400; (0.82, 0.20, 0.49);
340.0509; (0.82, 0.20, 0.49);
340.0509; (0.82, 0.20, 0.49);
340.0600; (0.82, 0.20, 0.49);
340.0621; (0.82, 0.20, 0.49);
340.0621; (0.82, 0.20, 0.49);
340.0733; (0.82, 0.20, 0.50);
340.0733; (0.82, 0.19, 0.50);
340.0800; (0.82, 0.19, 0.50);
340.0844; (0.82, 0.19, 0.50);
340.0844; (0.82, 0.19, 0.50);
340.0955; (0.82, 0.19, 0.50);
340.0955; (0.82, 0.19, 0.50);
340.1000; (0.82, 0.19, 0.50);
340.1066; (0.82, 0.19, 0.50);
340.1066; (0.82, 0.19, 0.50);
340.1181; (0.82, 0.19, 0.50);
340.1181; (0.82, 0.19, 0.50);
340.1200; (0.82, 0.19, 0.50);
340.1289; (0.82, 0.19, 0.50);
340.1289; (0.82, 0.19, 0.50);
340.1400; (0.82, 0.18, 0.51);
340.1403; (0.82, 0.18, 0.51);
340.1403; (0.82, 0.18, 0.51);
340.1511; (0.82, 0.18, 0.51);
340.1511; (0.82, 0.18, 0.51);
340.1600; (0.82, 0.18, 0.51);
340.1622; (0.82, 0.18, 0.51);
340.1622; (0.82, 0.18, 0.51);
340.1735; (0.82, 0.18, 0.51);
340.1735; (0.82, 0.18, 0.51);
340.1800; (0.82, 0.18, 0.51);
340.1845; (0.82, 0.18, 0.51);
340.1845; (0.82, 0.18, 0.51);
340.1956; (0.82, 0.18, 0.51);
340.1956; (0.82, 0.18, 0.51);
340.2000; (0.82, 0.18, 0.51);
340.2066; (0.82, 0.18, 0.51);
340.2066; (0.82, 0.18, 0.51);
340.2179; (0.82, 0.18, 0.51);
340.2179; (0.82, 0.18, 0.51);
340.2200; (0.82, 0.18, 0.51);
340.2290; (0.82, 0.18, 0.51);
340.2290; (0.82, 0.17, 0.52);
340.2400; (0.82, 0.18, 0.51);
340.2400; (0.82, 0.18, 0.51);
340.2400; (0.82, 0.18, 0.51);
340.2512; (0.82, 0.18, 0.51);
340.2512; (0.82, 0.18, 0.51);
340.2600; (0.82, 0.18, 0.51);
340.2621; (0.82, 0.18, 0.51);
340.2621; (0.82, 0.18, 0.51);
340.2733; (0.82, 0.18, 0.51);
340.2733; (0.82, 0.18, 0.51);
340.2800; (0.82, 0.18, 0.51);
340.2844; (0.82, 0.18, 0.52);
340.2844; (0.82, 0.18, 0.52);
340.2954; (0.82, 0.18, 0.52);
340.2954; (0.82, 0.18, 0.52);
340.3000; (0.82, 0.18, 0.52);
340.3064; (0.82, 0.18, 0.52);
340.3064; (0.82, 0.18, 0.52);
340.3177; (0.82, 0.18, 0.52);
340.3177; (0.82, 0.18, 0.52);
340.3200; (0.82, 0.18, 0.52);
340.3290; (0.82, 0.18, 0.52);
340.3290; (0.82, 0.18, 0.52);
340.3399; (0.82, 0.17, 0.52);
340.3399; (0.82, 0.17, 0.52);
340.3400; (0.82, 0.17, 0.52);
340.3509; (0.82, 0.17, 0.52);
340.3509; (0.82, 0.17, 0.52);
340.3600; (0.82, 0.18, 0.52);
340.3621; (0.82, 0.18, 0.52);
340.3621; (0.82, 0.18, 0.52);
340.3732; (0.82, 0.18, 0.52);
340.3732; (0.82, 0.17, 0.52);
340.3800; (0.82, 0.17, 0.52);
340.3842; (0.82, 0.17, 0.52);
340.3842; (0.82, 0.17, 0.52);
340.3954; (0.82, 0.17, 0.52);
340.3954; (0.82, 0.17, 0.52);
340.4000; (0.82, 0.18, 0.52);
340.4065; (0.82, 0.18, 0.53);
340.4065; (0.82, 0.18, 0.53);
340.4175; (0.82, 0.18, 0.53);
340.4175; (0.82, 0.18, 0.53);
340.4200; (0.82, 0.18, 0.53);
340.4287; (0.82, 0.18, 0.53);
340.4287; (0.82, 0.18, 0.53);
340.4398; (0.82, 0.18, 0.53);
340.4398; (0.82, 0.18, 0.53);
340.4400; (0.82, 0.18, 0.53);
340.4510; (0.82, 0.17, 0.53);
340.4510; (0.82, 0.17, 0.53);
340.4600; (0.82, 0.17, 0.53);
340.4620; (0.82, 0.17, 0.53);
340.4620; (0.82, 0.17, 0.53);
340.4731; (0.82, 0.17, 0.53);
340.4731; (0.82, 0.17, 0.53);
340.4800; (0.82, 0.17, 0.53);
340.4843; (0.82, 0.17, 0.53);
340.4843; (0.82, 0.17, 0.53);
340.4955; (0.82, 0.18, 0.53);
340.4955; (0.82, 0.18, 0.53);
340.5000; (0.82, 0.18, 0.53);
340.5065; (0.82, 0.17, 0.53);
340.5065; (0.82, 0.17, 0.53);
340.5176; (0.82, 0.18, 0.53);
340.5176; (0.82, 0.18, 0.53);
340.5200; (0.82, 0.18, 0.53);
340.5287; (0.83, 0.18, 0.53);
340.5287; (0.83, 0.18, 0.54);
340.5398; (0.82, 0.18, 0.54);
340.5398; (0.82, 0.18, 0.54);
340.5400; (0.82, 0.18, 0.54);
340.5509; (0.82, 0.18, 0.54);
340.5509; (0.82, 0.18, 0.54);
340.5600; (0.82, 0.18, 0.54);
340.5620; (0.82, 0.18, 0.54);
340.5620; (0.82, 0.18, 0.54);
340.5732; (0.82, 0.18, 0.54);
340.5732; (0.82, 0.18, 0.54);
340.5800; (0.82, 0.18, 0.54);
340.5844; (0.82, 0.18, 0.54);
340.5844; (0.82, 0.18, 0.54);
340.5954; (0.82, 0.18, 0.54);
340.5954; (0.82, 0.18, 0.54);
340.6000; (0.82, 0.18, 0.54);
340.6065; (0.82, 0.18, 0.54);
340.6065; (0.82, 0.18, 0.54);
340.6176; (0.82, 0.18, 0.54);
340.6176; (0.82, 0.18, 0.54);
340.6200; (0.82, 0.18, 0.54);
340.6287; (0.82, 0.19, 0.53);
340.6287; (0.82, 0.19, 0.53);
340.6398; (0.82, 0.19, 0.53);
340.6398; (0.82, 0.19, 0.53);
340.6400; (0.82, 0.19, 0.53);
340.6509; (0.82, 0.19, 0.53);
340.6509; (0.82, 0.19, 0.53);
340.6600; (0.82, 0.19, 0.53);
340.6620; (0.82, 0.19, 0.53);
340.6620; (0.82, 0.19, 0.53);
340.6731; (0.82, 0.19, 0.53);
340.6731; (0.82, 0.19, 0.53);
340.6800; (0.82, 0.19, 0.53);
340.6843; (0.82, 0.19, 0.54);
340.6843; (0.82, 0.19, 0.54);
340.6954; (0.81, 0.19, 0.54);
340.6954; (0.81, 0.19, 0.54);
340.7000; (0.81, 0.19, 0.54);
340.7065; (0.81, 0.19, 0.54);
340.7065; (0.81, 0.19, 0.54);
340.7176; (0.81, 0.19, 0.54);
340.7176; (0.81, 0.19, 0.54);
340.7200; (0.81, 0.19, 0.54);
340.7287; (0.81, 0.19, 0.54);
340.7287; (0.81, 0.19, 0.54);
340.7398; (0.81, 0.19, 0.54);
340.7398; (0.81, 0.19, 0.54);
340.7400; (0.81, 0.19, 0.54);
340.7509; (0.81, 0.19, 0.54);
340.7509; (0.81, 0.19, 0.54);
340.7600; (0.81, 0.19, 0.54);
340.7621; (0.81, 0.19, 0.54);
340.7621; (0.81, 0.19, 0.54);
340.7731; (0.81, 0.19, 0.54);
340.7731; (0.81, 0.19, 0.54);
340.7800; (0.81, 0.19, 0.54);
340.7843; (0.81, 0.19, 0.54);
340.7843; (0.81, 0.19, 0.54);
340.7954; (0.81, 0.19, 0.54);
340.7954; (0.81, 0.19, 0.54);
340.8000; (0.81, 0.19, 0.54);
340.8065; (0.81, 0.19, 0.54);
340.8065; (0.81, 0.19, 0.54);
340.8177; (0.81, 0.19, 0.54);
340.8177; (0.81, 0.19, 0.54);
340.8200; (0.81, 0.19, 0.54);
340.8286; (0.81, 0.19, 0.54);
340.8286; (0.81, 0.19, 0.54);
340.8398; (0.81, 0.19, 0.54);
340.8398; (0.81, 0.19, 0.54);
340.8400; (0.81, 0.19, 0.54);
340.8509; (0.81, 0.20, 0.54);
340.8509; (0.81, 0.20, 0.54);
340.8600; (0.81, 0.20, 0.54);
340.8620; (0.81, 0.20, 0.54);
340.8620; (0.81, 0.20, 0.54);
340.8730; (0.81, 0.20, 0.54);
340.8730; (0.81, 0.20, 0.54);
340.8800; (0.81, 0.20, 0.54);
340.8843; (0.81, 0.21, 0.54);
340.8843; (0.81, 0.21, 0.54);
340.8955; (0.81, 0.20, 0.54);
340.8955; (0.80, 0.21, 0.54);
340.9000; (0.80, 0.21, 0.54);
340.9065; (0.80, 0.21, 0.54);
340.9065; (0.80, 0.21, 0.54);
340.9177; (0.80, 0.21, 0.54);
340.9177; (0.80, 0.21, 0.54);
340.9200; (0.80, 0.21, 0.54);
340.9287; (0.80, 0.21, 0.54);
340.9287; (0.80, 0.21, 0.54);
340.9400; (0.80, 0.21, 0.54);
340.9400; (0.80, 0.22, 0.54);
340.9400; (0.80, 0.22, 0.54);
340.9510; (0.80, 0.22, 0.54);
340.9510; (0.80, 0.22, 0.54);
340.9600; (0.80, 0.22, 0.54);
340.9621; (0.80, 0.22, 0.53);
340.9621; (0.80, 0.22, 0.53);
340.9732; (0.80, 0.22, 0.53);
340.9732; (0.80, 0.23, 0.53);
340.9800; (0.80, 0.23, 0.53);
340.9843; (0.80, 0.23, 0.53);
340.9843; (0.80, 0.23, 0.53);
340.9954; (0.80, 0.23, 0.53);
340.9954; (0.80, 0.23, 0.53);
341.0000; (0.80, 0.23, 0.53);
341.0065; (0.80, 0.23, 0.53);
341.0065; (0.80, 0.23, 0.53);
341.0178; (0.80, 0.23, 0.53);
341.0178; (0.80, 0.23, 0.53);
341.0200; (0.80, 0.23, 0.53);
341.0287; (0.80, 0.23, 0.53);
341.0287; (0.80, 0.24, 0.53);
341.0399; (0.80, 0.24, 0.53);
341.0399; (0.80, 0.24, 0.53);
341.0400; (0.80, 0.24, 0.53);
341.0509; (0.80, 0.24, 0.53);
341.0509; (0.80, 0.24, 0.53);
341.0600; (0.80, 0.24, 0.53);
341.0621; (0.80, 0.24, 0.53);
341.0621; (0.80, 0.24, 0.53);
341.0731; (0.80, 0.24, 0.53);
341.0731; (0.80, 0.25, 0.53);
341.0800; (0.80, 0.25, 0.53);
341.0843; (0.80, 0.25, 0.53);
341.0843; (0.80, 0.25, 0.53);
341.0955; (0.80, 0.25, 0.52);
341.0955; (0.80, 0.25, 0.52);
341.1000; (0.80, 0.25, 0.52);
341.1071; (0.80, 0.26, 0.52);
341.1071; (0.80, 0.26, 0.52);
341.1177; (0.80, 0.26, 0.52);
341.1177; (0.80, 0.26, 0.52);
341.1200; (0.80, 0.26, 0.52);
341.1288; (0.80, 0.26, 0.52);
341.1288; (0.80, 0.26, 0.52);
341.1398; (0.80, 0.26, 0.52);
341.1398; (0.80, 0.26, 0.52);
341.1400; (0.80, 0.26, 0.52);
341.1512; (0.80, 0.26, 0.52);
341.1512; (0.80, 0.26, 0.52);
341.1600; (0.80, 0.26, 0.52);
341.1621; (0.80, 0.26, 0.52);
341.1621; (0.80, 0.26, 0.52);
341.1732; (0.80, 0.26, 0.52);
341.1732; (0.79, 0.26, 0.52);
341.1800; (0.80, 0.26, 0.52);
341.1847; (0.79, 0.27, 0.51);
341.1847; (0.79, 0.27, 0.51);
341.1956; (0.79, 0.27, 0.51);
341.1956; (0.79, 0.27, 0.51);
341.2000; (0.79, 0.27, 0.51);
341.2066; (0.79, 0.27, 0.51);
341.2066; (0.79, 0.27, 0.51);
341.2177; (0.79, 0.27, 0.51);
341.2177; (0.79, 0.27, 0.51);
341.2200; (0.79, 0.27, 0.51);
341.2288; (0.79, 0.27, 0.51);
341.2288; (0.79, 0.27, 0.51);
341.2400; (0.79, 0.27, 0.51);
341.2401; (0.79, 0.28, 0.51);
341.2401; (0.79, 0.28, 0.51);
341.2513; (0.79, 0.28, 0.51);
341.2513; (0.79, 0.28, 0.51);
341.2600; (0.79, 0.28, 0.51);
341.2622; (0.79, 0.28, 0.50);
341.2622; (0.79, 0.28, 0.50);
341.2732; (0.79, 0.28, 0.50);
341.2732; (0.79, 0.28, 0.50);
341.2800; (0.79, 0.28, 0.50);
341.2844; (0.79, 0.28, 0.50);
341.2844; (0.79, 0.28, 0.50);
341.2961; (0.79, 0.28, 0.50);
