Experiment: 5
Latency: 150
Source: (0.75, 0.48, 0.50)
SourceSize: 0.0750
Target: (0.25, 0.52, 0.50)
TargetSize: 0.1250

Trace:
time; position; button;
154.4724; (0.75, 0.49, 0.49);
154.4800; (0.75, 0.49, 0.49);
154.4832; (0.75, 0.49, 0.49);
154.4832; (0.75, 0.49, 0.49);
154.4939; (0.75, 0.49, 0.49);
154.4939; (0.75, 0.49, 0.49);
154.5000; (0.75, 0.49, 0.49);
154.5047; (0.75, 0.49, 0.49);
154.5047; (0.75, 0.49, 0.49);
154.5163; (0.75, 0.49, 0.49);
154.5163; (0.75, 0.49, 0.49);
154.5200; (0.75, 0.49, 0.49);
154.5274; (0.75, 0.49, 0.49);
154.5274; (0.75, 0.49, 0.49);
154.5385; (0.75, 0.49, 0.49);
154.5385; (0.75, 0.49, 0.49);
154.5400; (0.75, 0.49, 0.49);
154.5497; (0.75, 0.49, 0.49);
154.5497; (0.75, 0.49, 0.49);
154.5600; (0.75, 0.49, 0.49);
154.5611; (0.75, 0.49, 0.49);
154.5611; (0.75, 0.49, 0.49);
154.5718; (0.75, 0.49, 0.49);
154.5718; (0.75, 0.49, 0.49);
154.5800; (0.75, 0.49, 0.49);
154.5828; (0.75, 0.49, 0.49);
154.5828; (0.75, 0.49, 0.49);
154.5937; (0.75, 0.49, 0.49);
154.5937; (0.75, 0.49, 0.49);
154.6000; (0.75, 0.49, 0.49);
154.6055; (0.76, 0.49, 0.49);
154.6055; (0.76, 0.49, 0.49);
154.6166; (0.76, 0.48, 0.49);
154.6166; (0.76, 0.48, 0.49);
154.6200; (0.76, 0.48, 0.49);
154.6274; (0.76, 0.48, 0.49);
154.6274; (0.76, 0.48, 0.49);
154.6386; (0.76, 0.48, 0.49);
154.6386; (0.76, 0.48, 0.49);
154.6400; (0.76, 0.48, 0.49);
154.6495; (0.76, 0.48, 0.49);
154.6495; (0.76, 0.48, 0.49);
154.6600; (0.76, 0.48, 0.49);
154.6607; (0.76, 0.48, 0.49);
154.6607; (0.76, 0.48, 0.49);
154.6716; (0.76, 0.48, 0.49);
154.6716; (0.76, 0.48, 0.49);
154.6800; (0.75, 0.48, 0.49);
154.6831; (0.75, 0.47, 0.50);
154.6831; (0.75, 0.47, 0.50);
154.6941; (0.75, 0.47, 0.49);
154.6941; (0.75, 0.47, 0.50);
154.7000; (0.76, 0.47, 0.50);
154.7050; (0.76, 0.47, 0.50);
154.7050; (0.76, 0.47, 0.50);
154.7162; (0.76, 0.47, 0.50);
154.7162; (0.76, 0.47, 0.50);
154.7200; (0.76, 0.47, 0.50);
154.7272; (0.76, 0.47, 0.50);
154.7272; (0.76, 0.47, 0.50);
154.7384; (0.76, 0.47, 0.50);
154.7384; (0.76, 0.47, 0.50);
154.7400; (0.76, 0.47, 0.50);
154.7497; (0.76, 0.47, 0.50);
154.7497; (0.76, 0.47, 0.50);
154.7600; (0.76, 0.47, 0.50);
154.7606; (0.76, 0.47, 0.50);
154.7606; (0.76, 0.47, 0.50);
154.7720; (0.76, 0.47, 0.50);
154.7720; (0.77, 0.47, 0.50);
154.7800; (0.76, 0.47, 0.50);
154.7827; (0.77, 0.47, 0.50);
154.7827; (0.77, 0.47, 0.50);
154.7937; (0.76, 0.47, 0.50);
154.7937; (0.77, 0.47, 0.50);
154.8000; (0.76, 0.47, 0.50);
154.8051; (0.76, 0.46, 0.50);
154.8051; (0.76, 0.46, 0.50);
154.8161; (0.76, 0.46, 0.50);
154.8161; (0.76, 0.46, 0.50);
154.8200; (0.76, 0.46, 0.50);
154.8273; (0.76, 0.47, 0.50);
154.8273; (0.76, 0.47, 0.50);
154.8385; (0.76, 0.47, 0.50);
154.8385; (0.76, 0.47, 0.50);
154.8400; (0.76, 0.47, 0.50);
154.8494; (0.76, 0.47, 0.50);
154.8494; (0.76, 0.47, 0.50);
154.8600; (0.76, 0.47, 0.50);
154.8609; (0.76, 0.47, 0.50);
154.8609; (0.76, 0.47, 0.50);
154.8719; (0.76, 0.47, 0.50);
154.8719; (0.75, 0.47, 0.49);
154.8800; (0.75, 0.47, 0.49);
154.8828; (0.75, 0.47, 0.49);
154.8828; (0.75, 0.47, 0.49);
154.8938; (0.74, 0.47, 0.49);
154.8938; (0.74, 0.48, 0.49);
154.9000; (0.74, 0.47, 0.49);
154.9053; (0.73, 0.48, 0.49);
154.9053; (0.73, 0.48, 0.49);
154.9167; (0.73, 0.48, 0.48);
154.9167; (0.72, 0.48, 0.48);
154.9200; (0.72, 0.48, 0.48);
154.9273; (0.71, 0.48, 0.48);
154.9273; (0.71, 0.48, 0.47);
154.9382; (0.70, 0.48, 0.47);
154.9382; (0.69, 0.48, 0.47);
154.9400; (0.69, 0.48, 0.47);
154.9497; (0.69, 0.48, 0.47);
154.9497; (0.68, 0.48, 0.46);
154.9600; (0.67, 0.48, 0.46);
154.9608; (0.66, 0.49, 0.46);
154.9608; (0.66, 0.49, 0.46);
154.9722; (0.66, 0.49, 0.46);
154.9722; (0.64, 0.49, 0.45);
154.9800; (0.64, 0.49, 0.46);
154.9829; (0.63, 0.49, 0.45);
154.9829; (0.63, 0.49, 0.45);
154.9940; (0.63, 0.49, 0.45);
154.9940; (0.61, 0.49, 0.45);
155.0000; (0.61, 0.49, 0.45);
155.0051; (0.60, 0.49, 0.45);
155.0051; (0.60, 0.49, 0.45);
155.0160; (0.60, 0.49, 0.45);
155.0160; (0.58, 0.49, 0.44);
155.0200; (0.58, 0.49, 0.44);
155.0277; (0.58, 0.50, 0.44);
155.0277; (0.57, 0.50, 0.44);
155.0387; (0.57, 0.50, 0.44);
155.0387; (0.55, 0.50, 0.43);
155.0400; (0.55, 0.50, 0.43);
155.0498; (0.55, 0.50, 0.44);
155.0498; (0.54, 0.50, 0.43);
155.0600; (0.54, 0.50, 0.43);
155.0608; (0.52, 0.51, 0.43);
155.0608; (0.52, 0.51, 0.43);
155.0721; (0.52, 0.51, 0.43);
155.0721; (0.51, 0.51, 0.42);
155.0800; (0.51, 0.51, 0.42);
155.0832; (0.49, 0.51, 0.42);
155.0832; (0.49, 0.51, 0.42);
155.0941; (0.49, 0.51, 0.42);
155.0941; (0.48, 0.51, 0.42);
155.1000; (0.48, 0.52, 0.42);
155.1049; (0.46, 0.52, 0.41);
155.1049; (0.46, 0.52, 0.41);
155.1160; (0.46, 0.52, 0.41);
155.1160; (0.45, 0.52, 0.41);
155.1200; (0.45, 0.52, 0.41);
155.1275; (0.45, 0.52, 0.41);
155.1275; (0.44, 0.53, 0.41);
155.1386; (0.44, 0.53, 0.41);
155.1386; (0.42, 0.53, 0.41);
155.1400; (0.42, 0.53, 0.41);
155.1497; (0.43, 0.53, 0.41);
155.1497; (0.41, 0.53, 0.40);
155.1600; (0.41, 0.53, 0.41);
155.1608; (0.40, 0.54, 0.40);
155.1608; (0.40, 0.54, 0.40);
155.1718; (0.40, 0.54, 0.41);
155.1718; (0.39, 0.54, 0.40);
155.1800; (0.39, 0.54, 0.40);
155.1830; (0.38, 0.54, 0.40);
155.1830; (0.38, 0.54, 0.40);
155.1939; (0.38, 0.54, 0.40);
155.1939; (0.37, 0.55, 0.40);
155.2000; (0.37, 0.54, 0.40);
155.2049; (0.36, 0.55, 0.40);
155.2049; (0.36, 0.55, 0.40);
155.2169; (0.36, 0.55, 0.40);
155.2169; (0.35, 0.55, 0.40);
155.2200; (0.35, 0.55, 0.40);
155.2274; (0.35, 0.55, 0.40);
155.2274; (0.34, 0.55, 0.40);
155.2382; (0.35, 0.55, 0.40);
155.2382; (0.34, 0.55, 0.40);
155.2400; (0.34, 0.55, 0.40);
155.2498; (0.34, 0.55, 0.40);
155.2498; (0.33, 0.55, 0.40);
155.2600; (0.33, 0.55, 0.41);
155.2610; (0.32, 0.55, 0.41);
155.2610; (0.32, 0.55, 0.41);
155.2720; (0.32, 0.55, 0.41);
155.2720; (0.32, 0.55, 0.41);
155.2800; (0.32, 0.55, 0.41);
155.2829; (0.31, 0.55, 0.41);
155.2829; (0.31, 0.55, 0.41);
155.2940; (0.31, 0.55, 0.41);
155.2940; (0.30, 0.55, 0.41);
155.3000; (0.31, 0.55, 0.41);
155.3050; (0.30, 0.56, 0.42);
155.3050; (0.30, 0.56, 0.42);
155.3160; (0.30, 0.56, 0.42);
155.3160; (0.29, 0.56, 0.42);
155.3200; (0.29, 0.56, 0.42);
155.3277; (0.29, 0.56, 0.42);
155.3277; (0.29, 0.56, 0.42);
155.3387; (0.29, 0.56, 0.42);
155.3387; (0.28, 0.56, 0.42);
155.3400; (0.28, 0.56, 0.42);
155.3494; (0.28, 0.56, 0.42);
155.3494; (0.28, 0.56, 0.43);
155.3600; (0.28, 0.56, 0.43);
155.3610; (0.28, 0.56, 0.43);
155.3610; (0.28, 0.56, 0.43);
155.3720; (0.27, 0.55, 0.43);
155.3720; (0.27, 0.55, 0.43);
155.3800; (0.27, 0.55, 0.43);
155.3827; (0.27, 0.55, 0.43);
155.3827; (0.27, 0.55, 0.43);
155.3938; (0.26, 0.55, 0.43);
155.3938; (0.26, 0.55, 0.44);
155.4000; (0.26, 0.55, 0.44);
