Experiment: 6
Latency: 750
Source: (0.45, 0.87, 0.50)
SourceSize: 0.0750
Target: (0.55, 0.13, 0.50)
TargetSize: 0.0250

Trace:
time; position; button;
264.9977; (0.47, 0.87, 0.48);
265.0000; (0.47, 0.87, 0.48);
265.0089; (0.47, 0.87, 0.48);
265.0089; (0.47, 0.87, 0.48);
265.0200; (0.47, 0.87, 0.48);
265.0200; (0.47, 0.87, 0.48);
265.0200; (0.47, 0.87, 0.48);
265.0307; (0.47, 0.87, 0.48);
265.0307; (0.46, 0.87, 0.48);
265.0400; (0.46, 0.87, 0.48);
265.0424; (0.46, 0.87, 0.48);
265.0424; (0.46, 0.87, 0.48);
265.0533; (0.46, 0.87, 0.48);
265.0533; (0.46, 0.87, 0.48);
265.0600; (0.46, 0.87, 0.48);
265.0644; (0.46, 0.87, 0.48);
265.0644; (0.46, 0.87, 0.48);
265.0754; (0.46, 0.87, 0.48);
265.0754; (0.46, 0.87, 0.48);
265.0800; (0.46, 0.87, 0.48);
265.0865; (0.46, 0.87, 0.48);
265.0865; (0.46, 0.87, 0.48);
265.0977; (0.46, 0.87, 0.48);
265.0977; (0.46, 0.87, 0.48);
265.1000; (0.46, 0.87, 0.48);
265.1085; (0.46, 0.87, 0.48);
265.1085; (0.46, 0.87, 0.48);
265.1198; (0.46, 0.87, 0.48);
265.1198; (0.46, 0.87, 0.48);
265.1200; (0.46, 0.87, 0.48);
265.1308; (0.46, 0.87, 0.47);
265.1308; (0.45, 0.87, 0.47);
265.1400; (0.45, 0.87, 0.47);
265.1425; (0.45, 0.87, 0.47);
265.1425; (0.45, 0.87, 0.47);
265.1536; (0.45, 0.87, 0.47);
265.1536; (0.45, 0.87, 0.47);
265.1600; (0.45, 0.87, 0.47);
265.1646; (0.45, 0.87, 0.47);
265.1646; (0.45, 0.87, 0.47);
265.1758; (0.45, 0.87, 0.47);
265.1758; (0.45, 0.87, 0.47);
265.1800; (0.45, 0.87, 0.47);
265.1868; (0.45, 0.87, 0.47);
265.1868; (0.45, 0.87, 0.47);
265.1979; (0.45, 0.87, 0.47);
265.1979; (0.45, 0.87, 0.47);
265.2000; (0.45, 0.87, 0.47);
265.2091; (0.45, 0.87, 0.47);
265.2091; (0.45, 0.87, 0.47);
265.2200; (0.45, 0.87, 0.47);
265.2201; (0.45, 0.87, 0.47);
265.2201; (0.45, 0.87, 0.47);
265.2311; (0.45, 0.87, 0.47);
265.2311; (0.45, 0.87, 0.47);
265.2400; (0.45, 0.87, 0.47);
265.2423; (0.45, 0.87, 0.47);
265.2423; (0.45, 0.87, 0.47);
265.2534; (0.45, 0.87, 0.47);
265.2534; (0.45, 0.87, 0.47);
265.2600; (0.45, 0.87, 0.47);
265.2644; (0.45, 0.87, 0.47);
265.2644; (0.45, 0.87, 0.47);
265.2755; (0.45, 0.87, 0.47);
265.2755; (0.45, 0.87, 0.47);
265.2800; (0.45, 0.87, 0.47);
265.2865; (0.45, 0.87, 0.47);
265.2865; (0.45, 0.88, 0.47);
265.2983; (0.45, 0.88, 0.47);
265.2983; (0.45, 0.88, 0.47);
265.3000; (0.45, 0.88, 0.47);
265.3091; (0.45, 0.88, 0.47);
265.3091; (0.45, 0.88, 0.47);
265.3200; (0.45, 0.88, 0.47);
265.3201; (0.45, 0.88, 0.46);
265.3201; (0.45, 0.88, 0.46);
265.3311; (0.45, 0.88, 0.46);
265.3311; (0.45, 0.88, 0.46);
265.3400; (0.45, 0.88, 0.46);
265.3423; (0.45, 0.88, 0.46);
265.3423; (0.45, 0.88, 0.46);
265.3534; (0.45, 0.88, 0.46);
265.3534; (0.45, 0.88, 0.46);
265.3600; (0.45, 0.88, 0.47);
265.3646; (0.45, 0.88, 0.47);
265.3646; (0.45, 0.88, 0.47);
265.3757; (0.45, 0.88, 0.47);
265.3757; (0.45, 0.88, 0.47);
265.3800; (0.45, 0.88, 0.47);
265.3867; (0.45, 0.88, 0.46);
265.3867; (0.45, 0.88, 0.46);
265.3979; (0.45, 0.88, 0.47);
265.3979; (0.45, 0.88, 0.47);
265.4000; (0.45, 0.88, 0.47);
265.4089; (0.45, 0.88, 0.47);
265.4089; (0.45, 0.88, 0.46);
265.4197; (0.45, 0.88, 0.47);
265.4197; (0.45, 0.88, 0.47);
265.4200; (0.45, 0.88, 0.47);
265.4309; (0.45, 0.88, 0.47);
265.4309; (0.45, 0.88, 0.47);
265.4400; (0.45, 0.88, 0.47);
265.4419; (0.45, 0.88, 0.47);
265.4419; (0.45, 0.88, 0.47);
265.4531; (0.45, 0.88, 0.47);
265.4531; (0.45, 0.88, 0.47);
265.4600; (0.45, 0.89, 0.47);
265.4648; (0.45, 0.89, 0.47);
265.4648; (0.45, 0.89, 0.47);
265.4759; (0.45, 0.89, 0.47);
265.4759; (0.45, 0.89, 0.47);
265.4800; (0.45, 0.89, 0.47);
265.4868; (0.45, 0.89, 0.47);
265.4868; (0.45, 0.89, 0.47);
265.4978; (0.45, 0.89, 0.47);
265.4978; (0.45, 0.89, 0.47);
265.5000; (0.45, 0.89, 0.47);
265.5090; (0.45, 0.89, 0.47);
265.5090; (0.45, 0.89, 0.47);
265.5200; (0.45, 0.89, 0.47);
265.5201; (0.45, 0.89, 0.47);
265.5201; (0.45, 0.89, 0.47);
265.5311; (0.45, 0.89, 0.47);
265.5311; (0.45, 0.89, 0.47);
265.5400; (0.45, 0.89, 0.47);
265.5422; (0.45, 0.89, 0.47);
265.5422; (0.45, 0.89, 0.47);
265.5535; (0.45, 0.89, 0.47);
265.5535; (0.45, 0.89, 0.47);
265.5600; (0.45, 0.89, 0.47);
265.5644; (0.45, 0.89, 0.47);
265.5644; (0.45, 0.89, 0.47);
265.5753; (0.45, 0.89, 0.47);
265.5753; (0.45, 0.89, 0.47);
265.5800; (0.45, 0.89, 0.47);
265.5864; (0.45, 0.89, 0.47);
265.5864; (0.45, 0.89, 0.47);
265.5982; (0.45, 0.89, 0.47);
265.5982; (0.45, 0.89, 0.47);
265.6000; (0.45, 0.89, 0.47);
265.6091; (0.45, 0.89, 0.47);
265.6091; (0.45, 0.88, 0.47);
265.6200; (0.45, 0.88, 0.47);
265.6203; (0.45, 0.88, 0.47);
265.6203; (0.45, 0.88, 0.47);
265.6308; (0.45, 0.88, 0.47);
265.6308; (0.45, 0.88, 0.47);
265.6400; (0.45, 0.88, 0.47);
265.6420; (0.45, 0.88, 0.47);
265.6420; (0.45, 0.88, 0.47);
265.6534; (0.45, 0.88, 0.47);
265.6534; (0.45, 0.88, 0.47);
265.6600; (0.45, 0.88, 0.47);
265.6645; (0.44, 0.88, 0.47);
265.6645; (0.44, 0.88, 0.47);
265.6755; (0.44, 0.88, 0.47);
265.6755; (0.44, 0.88, 0.47);
265.6800; (0.44, 0.88, 0.47);
265.6865; (0.44, 0.88, 0.47);
265.6865; (0.44, 0.88, 0.47);
265.6979; (0.44, 0.88, 0.47);
265.6979; (0.44, 0.88, 0.47);
265.7000; (0.44, 0.88, 0.47);
265.7090; (0.44, 0.88, 0.47);
265.7090; (0.44, 0.88, 0.47);
265.7200; (0.44, 0.88, 0.47);
265.7203; (0.44, 0.88, 0.47);
265.7203; (0.44, 0.88, 0.47);
265.7312; (0.44, 0.88, 0.47);
265.7312; (0.44, 0.88, 0.47);
265.7400; (0.44, 0.88, 0.46);
265.7425; (0.44, 0.88, 0.46);
265.7425; (0.44, 0.88, 0.46);
265.7535; (0.44, 0.88, 0.47);
265.7535; (0.44, 0.87, 0.47);
265.7600; (0.44, 0.87, 0.47);
265.7645; (0.44, 0.87, 0.47);
265.7645; (0.44, 0.87, 0.47);
265.7756; (0.44, 0.87, 0.47);
265.7756; (0.44, 0.87, 0.47);
265.7800; (0.44, 0.87, 0.47);
265.7866; (0.44, 0.88, 0.47);
265.7866; (0.44, 0.88, 0.47);
265.7982; (0.44, 0.88, 0.46);
265.7982; (0.44, 0.88, 0.46);
265.8000; (0.44, 0.88, 0.46);
265.8090; (0.44, 0.88, 0.46);
265.8090; (0.44, 0.88, 0.46);
265.8197; (0.44, 0.87, 0.46);
265.8197; (0.44, 0.87, 0.46);
265.8200; (0.44, 0.87, 0.46);
265.8313; (0.44, 0.87, 0.46);
265.8313; (0.44, 0.87, 0.46);
265.8400; (0.44, 0.88, 0.46);
265.8423; (0.44, 0.88, 0.46);
265.8423; (0.44, 0.88, 0.46);
265.8530; (0.44, 0.88, 0.46);
265.8530; (0.44, 0.88, 0.46);
265.8600; (0.44, 0.88, 0.46);
265.8647; (0.45, 0.88, 0.46);
265.8647; (0.45, 0.88, 0.46);
265.8751; (0.45, 0.87, 0.46);
265.8751; (0.45, 0.87, 0.46);
265.8800; (0.45, 0.87, 0.46);
265.8867; (0.45, 0.87, 0.46);
265.8867; (0.45, 0.87, 0.46);
265.8976; (0.45, 0.87, 0.46);
265.8976; (0.45, 0.87, 0.46);
265.9000; (0.45, 0.87, 0.46);
265.9086; (0.45, 0.87, 0.46);
265.9086; (0.45, 0.87, 0.46);
265.9197; (0.45, 0.87, 0.46);
265.9197; (0.46, 0.86, 0.46);
265.9200; (0.46, 0.86, 0.46);
265.9308; (0.46, 0.86, 0.46);
265.9308; (0.46, 0.86, 0.45);
265.9400; (0.46, 0.86, 0.45);
265.9424; (0.46, 0.86, 0.45);
265.9424; (0.46, 0.86, 0.45);
265.9534; (0.46, 0.86, 0.45);
265.9534; (0.46, 0.85, 0.45);
265.9600; (0.46, 0.85, 0.45);
265.9641; (0.47, 0.85, 0.45);
265.9641; (0.47, 0.85, 0.45);
265.9756; (0.47, 0.85, 0.45);
265.9756; (0.47, 0.84, 0.45);
265.9800; (0.47, 0.84, 0.45);
265.9865; (0.47, 0.84, 0.45);
265.9865; (0.47, 0.84, 0.45);
265.9980; (0.47, 0.84, 0.45);
265.9980; (0.47, 0.83, 0.44);
266.0000; (0.47, 0.83, 0.44);
266.0088; (0.47, 0.83, 0.45);
266.0088; (0.48, 0.83, 0.44);
266.0198; (0.48, 0.82, 0.44);
266.0198; (0.48, 0.82, 0.44);
266.0200; (0.48, 0.82, 0.44);
266.0311; (0.48, 0.82, 0.44);
266.0311; (0.48, 0.81, 0.44);
266.0400; (0.48, 0.81, 0.44);
266.0423; (0.48, 0.80, 0.44);
266.0423; (0.48, 0.80, 0.44);
266.0535; (0.48, 0.80, 0.44);
266.0535; (0.49, 0.79, 0.44);
266.0600; (0.49, 0.79, 0.44);
266.0646; (0.49, 0.78, 0.44);
266.0646; (0.49, 0.78, 0.44);
266.0756; (0.49, 0.78, 0.44);
266.0756; (0.49, 0.77, 0.44);
266.0800; (0.49, 0.77, 0.44);
266.0863; (0.49, 0.77, 0.44);
266.0863; (0.50, 0.76, 0.44);
266.0979; (0.50, 0.76, 0.44);
266.0979; (0.50, 0.75, 0.44);
266.1000; (0.50, 0.75, 0.44);
266.1090; (0.50, 0.75, 0.44);
266.1090; (0.50, 0.74, 0.44);
266.1198; (0.50, 0.74, 0.43);
266.1198; (0.51, 0.73, 0.43);
266.1200; (0.51, 0.73, 0.43);
266.1311; (0.51, 0.73, 0.43);
266.1311; (0.51, 0.72, 0.43);
266.1400; (0.51, 0.72, 0.43);
266.1422; (0.52, 0.71, 0.43);
266.1422; (0.52, 0.71, 0.43);
266.1532; (0.52, 0.71, 0.43);
266.1532; (0.52, 0.70, 0.43);
266.1600; (0.52, 0.70, 0.43);
266.1644; (0.52, 0.69, 0.43);
266.1644; (0.52, 0.69, 0.43);
266.1757; (0.52, 0.69, 0.43);
266.1757; (0.52, 0.67, 0.43);
266.1800; (0.52, 0.68, 0.43);
266.1868; (0.53, 0.66, 0.43);
266.1868; (0.53, 0.66, 0.43);
266.1979; (0.53, 0.67, 0.43);
266.1979; (0.53, 0.66, 0.43);
266.2000; (0.53, 0.66, 0.43);
266.2088; (0.53, 0.66, 0.43);
266.2088; (0.53, 0.65, 0.43);
266.2200; (0.53, 0.65, 0.43);
266.2202; (0.54, 0.64, 0.43);
266.2202; (0.54, 0.64, 0.43);
266.2310; (0.54, 0.64, 0.43);
266.2310; (0.54, 0.63, 0.43);
266.2400; (0.54, 0.63, 0.43);
266.2422; (0.54, 0.62, 0.43);
266.2422; (0.54, 0.62, 0.43);
266.2539; (0.54, 0.62, 0.43);
266.2539; (0.54, 0.61, 0.43);
266.2600; (0.54, 0.61, 0.43);
266.2648; (0.54, 0.60, 0.43);
266.2648; (0.54, 0.60, 0.43);
266.2765; (0.54, 0.60, 0.43);
266.2765; (0.55, 0.59, 0.43);
266.2800; (0.55, 0.59, 0.43);
266.2869; (0.55, 0.59, 0.43);
266.2869; (0.55, 0.58, 0.43);
266.2979; (0.55, 0.58, 0.43);
266.2979; (0.55, 0.58, 0.43);
266.3000; (0.55, 0.58, 0.43);
266.3092; (0.55, 0.58, 0.43);
266.3092; (0.55, 0.57, 0.43);
266.3200; (0.55, 0.57, 0.43);
266.3203; (0.55, 0.56, 0.43);
266.3203; (0.55, 0.56, 0.43);
266.3313; (0.56, 0.56, 0.43);
266.3313; (0.56, 0.55, 0.42);
266.3400; (0.56, 0.55, 0.42);
266.3425; (0.56, 0.55, 0.42);
266.3425; (0.56, 0.55, 0.42);
266.3535; (0.56, 0.55, 0.42);
266.3535; (0.56, 0.54, 0.42);
266.3600; (0.56, 0.54, 0.42);
266.3647; (0.56, 0.53, 0.42);
266.3647; (0.56, 0.53, 0.42);
266.3758; (0.56, 0.54, 0.42);
266.3758; (0.56, 0.53, 0.42);
266.3800; (0.56, 0.53, 0.42);
266.3874; (0.56, 0.53, 0.42);
266.3874; (0.56, 0.52, 0.42);
266.3986; (0.56, 0.52, 0.42);
266.3986; (0.56, 0.52, 0.42);
266.4000; (0.56, 0.52, 0.42);
266.4094; (0.56, 0.52, 0.41);
266.4094; (0.57, 0.51, 0.41);
266.4200; (0.57, 0.51, 0.41);
266.4202; (0.57, 0.51, 0.41);
266.4202; (0.57, 0.51, 0.41);
266.4317; (0.57, 0.51, 0.41);
266.4317; (0.57, 0.50, 0.41);
266.4400; (0.57, 0.50, 0.41);
266.4422; (0.57, 0.50, 0.41);
266.4422; (0.57, 0.50, 0.41);
266.4535; (0.57, 0.50, 0.41);
266.4535; (0.57, 0.49, 0.41);
266.4600; (0.57, 0.49, 0.41);
266.4650; (0.57, 0.48, 0.41);
266.4650; (0.57, 0.48, 0.41);
266.4761; (0.57, 0.49, 0.41);
266.4761; (0.57, 0.48, 0.41);
266.4800; (0.57, 0.48, 0.41);
266.4869; (0.57, 0.48, 0.41);
266.4869; (0.57, 0.47, 0.41);
266.4980; (0.57, 0.47, 0.41);
266.4980; (0.57, 0.47, 0.41);
266.5000; (0.57, 0.47, 0.41);
266.5093; (0.57, 0.47, 0.41);
266.5093; (0.57, 0.46, 0.41);
266.5200; (0.57, 0.46, 0.41);
266.5205; (0.57, 0.46, 0.41);
266.5205; (0.57, 0.46, 0.41);
266.5313; (0.57, 0.46, 0.41);
266.5313; (0.57, 0.45, 0.41);
266.5400; (0.57, 0.45, 0.41);
266.5428; (0.57, 0.45, 0.41);
266.5428; (0.57, 0.45, 0.41);
266.5535; (0.57, 0.45, 0.41);
266.5535; (0.57, 0.44, 0.41);
266.5600; (0.57, 0.44, 0.41);
266.5646; (0.57, 0.44, 0.41);
266.5646; (0.57, 0.44, 0.41);
266.5757; (0.57, 0.43, 0.41);
266.5757; (0.57, 0.43, 0.41);
266.5800; (0.57, 0.43, 0.41);
266.5865; (0.57, 0.42, 0.41);
266.5865; (0.57, 0.42, 0.41);
266.5979; (0.57, 0.42, 0.41);
266.5979; (0.57, 0.42, 0.41);
266.6000; (0.57, 0.42, 0.41);
266.6089; (0.57, 0.42, 0.41);
266.6089; (0.57, 0.41, 0.41);
266.6198; (0.57, 0.41, 0.41);
266.6198; (0.57, 0.41, 0.41);
266.6200; (0.57, 0.41, 0.41);
266.6314; (0.57, 0.41, 0.41);
266.6314; (0.57, 0.41, 0.41);
266.6400; (0.57, 0.41, 0.41);
266.6426; (0.57, 0.40, 0.41);
266.6426; (0.57, 0.40, 0.41);
266.6535; (0.57, 0.40, 0.41);
266.6535; (0.57, 0.40, 0.41);
266.6600; (0.57, 0.40, 0.41);
266.6645; (0.57, 0.39, 0.41);
266.6645; (0.57, 0.39, 0.41);
266.6755; (0.57, 0.39, 0.41);
266.6755; (0.57, 0.39, 0.41);
266.6800; (0.57, 0.39, 0.41);
266.6865; (0.57, 0.38, 0.41);
266.6865; (0.57, 0.38, 0.41);
266.6976; (0.57, 0.38, 0.41);
266.6976; (0.57, 0.38, 0.41);
266.7000; (0.57, 0.38, 0.41);
266.7088; (0.57, 0.38, 0.41);
266.7088; (0.57, 0.37, 0.41);
266.7200; (0.58, 0.37, 0.41);
266.7201; (0.58, 0.37, 0.41);
266.7201; (0.58, 0.37, 0.41);
266.7311; (0.57, 0.37, 0.41);
266.7311; (0.57, 0.37, 0.41);
266.7400; (0.57, 0.37, 0.41);
266.7422; (0.57, 0.37, 0.41);
266.7422; (0.57, 0.37, 0.41);
266.7532; (0.58, 0.37, 0.41);
266.7532; (0.58, 0.36, 0.41);
266.7600; (0.58, 0.36, 0.41);
266.7643; (0.58, 0.36, 0.41);
266.7643; (0.58, 0.36, 0.41);
266.7754; (0.58, 0.36, 0.41);
266.7754; (0.58, 0.36, 0.41);
266.7800; (0.58, 0.36, 0.41);
266.7864; (0.58, 0.36, 0.41);
266.7864; (0.58, 0.36, 0.41);
266.7980; (0.58, 0.36, 0.41);
266.7980; (0.58, 0.35, 0.41);
266.8000; (0.58, 0.35, 0.41);
266.8091; (0.58, 0.35, 0.41);
266.8091; (0.58, 0.35, 0.41);
266.8200; (0.58, 0.35, 0.41);
266.8203; (0.58, 0.35, 0.41);
266.8203; (0.58, 0.35, 0.41);
266.8309; (0.58, 0.35, 0.41);
266.8309; (0.58, 0.35, 0.41);
266.8400; (0.58, 0.35, 0.41);
266.8421; (0.58, 0.34, 0.41);
266.8421; (0.58, 0.34, 0.41);
266.8533; (0.58, 0.34, 0.41);
266.8533; (0.57, 0.34, 0.41);
266.8600; (0.58, 0.34, 0.41);
266.8643; (0.57, 0.34, 0.41);
266.8643; (0.57, 0.34, 0.41);
266.8754; (0.58, 0.34, 0.41);
266.8754; (0.58, 0.34, 0.41);
266.8800; (0.58, 0.33, 0.41);
266.8863; (0.57, 0.33, 0.41);
266.8863; (0.57, 0.33, 0.41);
266.8979; (0.57, 0.33, 0.41);
266.8979; (0.57, 0.33, 0.41);
266.9000; (0.57, 0.33, 0.41);
266.9089; (0.57, 0.33, 0.41);
266.9089; (0.57, 0.33, 0.41);
266.9200; (0.57, 0.33, 0.41);
266.9200; (0.57, 0.32, 0.41);
266.9200; (0.57, 0.32, 0.41);
266.9312; (0.57, 0.32, 0.41);
266.9312; (0.57, 0.32, 0.41);
266.9400; (0.57, 0.32, 0.41);
266.9424; (0.57, 0.32, 0.41);
266.9424; (0.57, 0.32, 0.41);
266.9529; (0.57, 0.32, 0.41);
266.9529; (0.57, 0.31, 0.41);
266.9600; (0.57, 0.31, 0.41);
266.9645; (0.57, 0.31, 0.41);
266.9645; (0.57, 0.31, 0.41);
266.9752; (0.57, 0.31, 0.41);
266.9752; (0.57, 0.31, 0.41);
266.9800; (0.57, 0.31, 0.41);
266.9868; (0.57, 0.31, 0.41);
266.9868; (0.57, 0.31, 0.41);
266.9977; (0.57, 0.31, 0.41);
266.9977; (0.57, 0.31, 0.41);
267.0000; (0.57, 0.31, 0.41);
267.0089; (0.57, 0.31, 0.41);
267.0089; (0.57, 0.30, 0.41);
267.0198; (0.57, 0.30, 0.41);
267.0198; (0.57, 0.30, 0.41);
267.0200; (0.57, 0.30, 0.41);
267.0310; (0.57, 0.30, 0.41);
267.0310; (0.56, 0.30, 0.41);
267.0400; (0.56, 0.30, 0.41);
267.0419; (0.56, 0.30, 0.41);
267.0419; (0.56, 0.30, 0.41);
267.0530; (0.56, 0.30, 0.41);
267.0530; (0.56, 0.30, 0.41);
267.0600; (0.56, 0.30, 0.41);
267.0641; (0.56, 0.29, 0.41);
267.0641; (0.56, 0.29, 0.41);
267.0756; (0.56, 0.29, 0.41);
267.0756; (0.56, 0.29, 0.41);
267.0800; (0.56, 0.29, 0.41);
267.0865; (0.56, 0.29, 0.41);
267.0865; (0.56, 0.29, 0.41);
267.0976; (0.56, 0.29, 0.41);
267.0976; (0.56, 0.29, 0.41);
267.1000; (0.56, 0.29, 0.41);
267.1088; (0.56, 0.29, 0.41);
267.1088; (0.56, 0.29, 0.41);
267.1199; (0.56, 0.29, 0.41);
267.1199; (0.56, 0.28, 0.41);
267.1200; (0.56, 0.28, 0.41);
267.1308; (0.56, 0.28, 0.41);
267.1308; (0.56, 0.28, 0.41);
267.1400; (0.56, 0.28, 0.41);
267.1418; (0.56, 0.28, 0.41);
267.1418; (0.56, 0.28, 0.41);
267.1529; (0.56, 0.28, 0.41);
267.1529; (0.55, 0.28, 0.41);
267.1600; (0.55, 0.28, 0.41);
267.1648; (0.55, 0.28, 0.41);
267.1648; (0.55, 0.28, 0.41);
267.1756; (0.55, 0.28, 0.41);
267.1756; (0.55, 0.28, 0.41);
267.1800; (0.55, 0.28, 0.41);
267.1866; (0.55, 0.28, 0.41);
267.1866; (0.55, 0.28, 0.41);
267.1975; (0.55, 0.28, 0.41);
267.1975; (0.55, 0.28, 0.41);
267.2000; (0.55, 0.28, 0.41);
267.2093; (0.55, 0.27, 0.41);
267.2093; (0.55, 0.27, 0.41);
267.2200; (0.55, 0.27, 0.41);
267.2203; (0.55, 0.27, 0.41);
267.2203; (0.55, 0.27, 0.41);
267.2311; (0.55, 0.27, 0.41);
267.2311; (0.55, 0.27, 0.41);
267.2400; (0.55, 0.27, 0.41);
267.2421; (0.55, 0.27, 0.41);
267.2421; (0.55, 0.27, 0.41);
267.2531; (0.55, 0.27, 0.41);
267.2531; (0.54, 0.27, 0.41);
267.2600; (0.54, 0.27, 0.41);
267.2648; (0.54, 0.27, 0.41);
267.2648; (0.54, 0.27, 0.41);
267.2757; (0.54, 0.27, 0.41);
267.2757; (0.54, 0.27, 0.41);
267.2800; (0.54, 0.27, 0.41);
267.2867; (0.54, 0.27, 0.41);
267.2867; (0.54, 0.27, 0.41);
267.2978; (0.54, 0.27, 0.41);
267.2978; (0.54, 0.27, 0.41);
267.3000; (0.54, 0.27, 0.41);
267.3090; (0.54, 0.27, 0.42);
267.3090; (0.54, 0.27, 0.42);
267.3198; (0.54, 0.27, 0.42);
267.3198; (0.54, 0.27, 0.42);
267.3200; (0.54, 0.27, 0.42);
267.3314; (0.54, 0.27, 0.42);
267.3314; (0.54, 0.27, 0.42);
267.3400; (0.54, 0.27, 0.41);
267.3424; (0.54, 0.27, 0.41);
267.3424; (0.54, 0.27, 0.41);
267.3534; (0.54, 0.27, 0.41);
267.3534; (0.54, 0.27, 0.41);
267.3600; (0.54, 0.27, 0.41);
267.3648; (0.54, 0.27, 0.41);
267.3648; (0.54, 0.27, 0.41);
267.3756; (0.54, 0.27, 0.41);
267.3756; (0.54, 0.27, 0.41);
267.3800; (0.54, 0.27, 0.41);
267.3869; (0.54, 0.27, 0.41);
267.3869; (0.54, 0.27, 0.41);
267.3976; (0.54, 0.27, 0.41);
267.3976; (0.54, 0.27, 0.41);
267.4000; (0.54, 0.27, 0.41);
267.4089; (0.54, 0.27, 0.41);
267.4089; (0.54, 0.27, 0.41);
267.4198; (0.54, 0.27, 0.41);
267.4198; (0.54, 0.27, 0.41);
267.4200; (0.54, 0.27, 0.41);
267.4308; (0.54, 0.27, 0.41);
267.4308; (0.54, 0.27, 0.41);
267.4400; (0.54, 0.27, 0.41);
267.4424; (0.54, 0.27, 0.41);
267.4424; (0.54, 0.27, 0.41);
267.4536; (0.54, 0.27, 0.41);
267.4536; (0.54, 0.27, 0.41);
267.4600; (0.54, 0.27, 0.41);
267.4645; (0.54, 0.27, 0.41);
267.4645; (0.54, 0.27, 0.41);
267.4756; (0.54, 0.27, 0.41);
267.4756; (0.54, 0.27, 0.41);
267.4800; (0.54, 0.27, 0.41);
267.4867; (0.54, 0.27, 0.41);
267.4867; (0.54, 0.27, 0.41);
267.4979; (0.54, 0.27, 0.41);
267.4979; (0.54, 0.27, 0.41);
267.5000; (0.54, 0.27, 0.41);
267.5087; (0.54, 0.27, 0.40);
267.5087; (0.54, 0.27, 0.40);
267.5200; (0.54, 0.27, 0.40);
267.5203; (0.54, 0.27, 0.40);
267.5203; (0.54, 0.27, 0.40);
267.5313; (0.54, 0.27, 0.40);
267.5313; (0.54, 0.27, 0.40);
267.5400; (0.54, 0.27, 0.40);
267.5422; (0.54, 0.27, 0.40);
267.5422; (0.54, 0.27, 0.40);
267.5534; (0.54, 0.27, 0.40);
267.5534; (0.54, 0.27, 0.40);
267.5600; (0.54, 0.27, 0.40);
267.5647; (0.54, 0.27, 0.40);
267.5647; (0.54, 0.27, 0.40);
267.5768; (0.54, 0.27, 0.40);
267.5768; (0.54, 0.27, 0.40);
267.5800; (0.54, 0.27, 0.40);
267.5882; (0.54, 0.27, 0.40);
267.5882; (0.54, 0.27, 0.40);
267.5980; (0.54, 0.27, 0.41);
267.5980; (0.54, 0.27, 0.40);
267.6000; (0.54, 0.27, 0.40);
267.6093; (0.54, 0.27, 0.40);
267.6093; (0.54, 0.27, 0.40);
267.6200; (0.54, 0.26, 0.41);
267.6205; (0.54, 0.26, 0.41);
267.6205; (0.54, 0.26, 0.41);
267.6312; (0.54, 0.26, 0.41);
267.6312; (0.53, 0.26, 0.41);
267.6400; (0.54, 0.26, 0.41);
267.6421; (0.53, 0.26, 0.41);
267.6421; (0.53, 0.26, 0.41);
267.6535; (0.54, 0.26, 0.41);
267.6535; (0.53, 0.26, 0.41);
267.6600; (0.54, 0.26, 0.41);
267.6650; (0.54, 0.26, 0.41);
267.6650; (0.54, 0.26, 0.41);
267.6760; (0.53, 0.25, 0.41);
267.6760; (0.53, 0.25, 0.41);
267.6800; (0.53, 0.25, 0.41);
267.6870; (0.54, 0.25, 0.41);
267.6870; (0.54, 0.25, 0.42);
267.6983; (0.54, 0.24, 0.42);
267.6983; (0.54, 0.24, 0.42);
267.7000; (0.54, 0.24, 0.42);
267.7092; (0.54, 0.24, 0.42);
267.7092; (0.54, 0.24, 0.42);
267.7200; (0.54, 0.24, 0.42);
267.7201; (0.54, 0.23, 0.42);
267.7201; (0.54, 0.23, 0.42);
267.7317; (0.54, 0.23, 0.42);
267.7317; (0.54, 0.23, 0.42);
267.7400; (0.54, 0.23, 0.42);
267.7426; (0.54, 0.22, 0.43);
267.7426; (0.54, 0.22, 0.43);
267.7538; (0.54, 0.22, 0.43);
267.7538; (0.54, 0.22, 0.43);
267.7600; (0.54, 0.22, 0.43);
267.7646; (0.54, 0.22, 0.43);
267.7646; (0.54, 0.22, 0.43);
267.7758; (0.54, 0.22, 0.43);
267.7758; (0.54, 0.21, 0.43);
267.7800; (0.54, 0.21, 0.43);
267.7868; (0.54, 0.21, 0.43);
267.7868; (0.54, 0.21, 0.43);
267.7977; (0.54, 0.21, 0.43);
267.7977; (0.54, 0.21, 0.44);
267.8000; (0.54, 0.21, 0.44);
267.8092; (0.54, 0.20, 0.44);
267.8092; (0.54, 0.20, 0.44);
267.8200; (0.54, 0.20, 0.44);
267.8204; (0.54, 0.20, 0.44);
267.8204; (0.54, 0.20, 0.44);
267.8309; (0.54, 0.20, 0.44);
267.8309; (0.54, 0.19, 0.44);
267.8400; (0.54, 0.19, 0.44);
267.8420; (0.54, 0.19, 0.44);
267.8420; (0.54, 0.19, 0.44);
267.8530; (0.54, 0.19, 0.44);
267.8530; (0.54, 0.19, 0.45);
267.8600; (0.54, 0.19, 0.45);
267.8641; (0.54, 0.18, 0.45);
267.8641; (0.54, 0.18, 0.45);
267.8756; (0.54, 0.18, 0.45);
267.8756; (0.54, 0.18, 0.45);
267.8800; (0.54, 0.18, 0.45);
267.8866; (0.54, 0.18, 0.45);
267.8866; (0.54, 0.18, 0.45);
267.8976; (0.54, 0.18, 0.45);
267.8976; (0.54, 0.17, 0.45);
267.9000; (0.54, 0.17, 0.45);
267.9089; (0.54, 0.17, 0.45);
267.9089; (0.54, 0.17, 0.46);
267.9198; (0.54, 0.17, 0.46);
267.9198; (0.54, 0.16, 0.46);
267.9200; (0.54, 0.16, 0.46);
267.9310; (0.54, 0.16, 0.46);
267.9310; (0.54, 0.16, 0.46);
267.9400; (0.54, 0.16, 0.46);
267.9421; (0.54, 0.16, 0.46);
267.9421; (0.54, 0.16, 0.46);
267.9532; (0.54, 0.16, 0.46);
267.9532; (0.54, 0.15, 0.46);
267.9600; (0.54, 0.16, 0.46);
267.9643; (0.54, 0.15, 0.46);
267.9643; (0.54, 0.15, 0.46);
267.9759; (0.54, 0.15, 0.46);
267.9759; (0.54, 0.15, 0.46);
267.9800; (0.54, 0.15, 0.46);
267.9867; (0.54, 0.15, 0.46);
267.9867; (0.54, 0.14, 0.47);
267.9976; (0.54, 0.14, 0.47);
267.9976; (0.54, 0.14, 0.47);
268.0000; (0.54, 0.14, 0.47);
268.0089; (0.54, 0.14, 0.47);
268.0089; (0.54, 0.14, 0.47);
268.0200; (0.54, 0.14, 0.47);
268.0200; (0.54, 0.13, 0.47);
268.0200; (0.54, 0.13, 0.47);
268.0307; (0.54, 0.13, 0.47);
268.0307; (0.54, 0.13, 0.47);
268.0400; (0.54, 0.13, 0.47);
268.0425; (0.54, 0.13, 0.48);
268.0425; (0.54, 0.13, 0.48);
268.0534; (0.54, 0.13, 0.48);
268.0534; (0.54, 0.12, 0.48);
268.0600; (0.54, 0.12, 0.48);
268.0645; (0.54, 0.12, 0.48);
268.0645; (0.54, 0.12, 0.48);
268.0752; (0.54, 0.12, 0.48);
268.0752; (0.55, 0.12, 0.48);
268.0800; (0.55, 0.12, 0.48);
268.0863; (0.55, 0.11, 0.49);
268.0863; (0.55, 0.11, 0.49);
268.0977; (0.55, 0.11, 0.49);
268.0977; (0.55, 0.11, 0.49);
268.1000; (0.55, 0.11, 0.49);
268.1087; (0.55, 0.11, 0.49);
268.1087; (0.55, 0.10, 0.49);
268.1200; (0.55, 0.11, 0.49);
268.1200; (0.55, 0.10, 0.49);
268.1200; (0.55, 0.10, 0.49);
268.1309; (0.55, 0.10, 0.49);
268.1309; (0.55, 0.10, 0.49);
268.1400; (0.55, 0.10, 0.49);
268.1423; (0.55, 0.10, 0.49);
268.1423; (0.55, 0.10, 0.49);
268.1536; (0.55, 0.10, 0.49);
268.1536; (0.55, 0.10, 0.50);
268.1600; (0.55, 0.10, 0.50);
268.1643; (0.55, 0.09, 0.50);
268.1643; (0.55, 0.09, 0.50);
268.1753; (0.55, 0.09, 0.50);
268.1753; (0.55, 0.09, 0.50);
268.1800; (0.55, 0.09, 0.50);
268.1865; (0.55, 0.09, 0.50);
268.1865; (0.55, 0.09, 0.50);
268.1980; (0.55, 0.09, 0.50);
268.1980; (0.55, 0.09, 0.50);
268.2000; (0.55, 0.09, 0.50);
268.2089; (0.55, 0.09, 0.50);
268.2089; (0.55, 0.08, 0.50);
268.2195; (0.55, 0.08, 0.50);
268.2195; (0.56, 0.08, 0.50);
268.2200; (0.56, 0.08, 0.50);
268.2309; (0.55, 0.08, 0.50);
268.2309; (0.56, 0.08, 0.50);
268.2400; (0.55, 0.08, 0.50);
268.2422; (0.55, 0.08, 0.50);
268.2422; (0.55, 0.08, 0.50);
268.2533; (0.55, 0.08, 0.50);
268.2533; (0.55, 0.08, 0.50);
268.2600; (0.55, 0.08, 0.50);
268.2641; (0.55, 0.07, 0.50);
268.2641; (0.55, 0.07, 0.50);
268.2755; (0.55, 0.07, 0.50);
268.2755; (0.55, 0.07, 0.50);
268.2800; (0.55, 0.07, 0.50);
268.2866; (0.55, 0.07, 0.50);
268.2866; (0.55, 0.07, 0.50);
268.2978; (0.55, 0.07, 0.50);
268.2978; (0.55, 0.07, 0.50);
268.3000; (0.55, 0.07, 0.50);
268.3087; (0.55, 0.07, 0.50);
268.3087; (0.56, 0.06, 0.50);
268.3197; (0.56, 0.06, 0.50);
268.3197; (0.56, 0.06, 0.51);
268.3200; (0.56, 0.06, 0.51);
268.3309; (0.56, 0.06, 0.51);
268.3309; (0.56, 0.06, 0.51);
268.3400; (0.56, 0.06, 0.50);
268.3419; (0.56, 0.06, 0.51);
268.3419; (0.56, 0.06, 0.51);
268.3534; (0.55, 0.06, 0.50);
268.3534; (0.55, 0.05, 0.50);
268.3600; (0.55, 0.07, 0.50);
268.3644; (0.55, 0.06, 0.50);
268.3644; (0.55, 0.06, 0.50);
268.3757; (0.55, 0.07, 0.50);
268.3757; (0.55, 0.07, 0.50);
268.3800; (0.55, 0.07, 0.50);
268.3864; (0.55, 0.07, 0.50);
268.3864; (0.55, 0.07, 0.50);
268.3975; (0.55, 0.06, 0.50);
268.3975; (0.55, 0.06, 0.50);
268.4000; (0.55, 0.06, 0.50);
268.4087; (0.55, 0.06, 0.50);
268.4087; (0.55, 0.06, 0.50);
268.4200; (0.55, 0.06, 0.50);
268.4200; (0.55, 0.06, 0.50);
268.4200; (0.55, 0.06, 0.50);
268.4312; (0.55, 0.06, 0.50);
268.4312; (0.55, 0.06, 0.50);
268.4400; (0.55, 0.06, 0.50);
268.4422; (0.55, 0.06, 0.50);
268.4422; (0.55, 0.06, 0.50);
268.4532; (0.55, 0.06, 0.50);
268.4532; (0.55, 0.06, 0.50);
268.4600; (0.55, 0.06, 0.50);
268.4642; (0.55, 0.06, 0.50);
268.4642; (0.55, 0.06, 0.50);
268.4753; (0.55, 0.06, 0.50);
268.4753; (0.55, 0.06, 0.50);
268.4800; (0.55, 0.06, 0.50);
268.4865; (0.55, 0.06, 0.50);
268.4865; (0.55, 0.06, 0.50);
268.4978; (0.55, 0.06, 0.50);
268.4978; (0.55, 0.06, 0.50);
268.5000; (0.55, 0.06, 0.50);
268.5089; (0.55, 0.06, 0.50);
268.5089; (0.55, 0.06, 0.50);
268.5200; (0.55, 0.06, 0.50);
268.5201; (0.55, 0.06, 0.50);
268.5201; (0.55, 0.06, 0.50);
268.5312; (0.55, 0.06, 0.50);
268.5312; (0.55, 0.06, 0.50);
268.5400; (0.55, 0.06, 0.50);
268.5423; (0.55, 0.06, 0.50);
268.5423; (0.55, 0.06, 0.50);
268.5531; (0.55, 0.06, 0.50);
268.5531; (0.55, 0.06, 0.50);
268.5600; (0.55, 0.06, 0.51);
268.5642; (0.55, 0.06, 0.51);
268.5642; (0.55, 0.06, 0.51);
268.5753; (0.55, 0.06, 0.51);
268.5753; (0.55, 0.06, 0.51);
268.5800; (0.55, 0.06, 0.51);
268.5863; (0.55, 0.06, 0.51);
268.5863; (0.55, 0.06, 0.51);
268.5977; (0.55, 0.06, 0.51);
268.5977; (0.55, 0.06, 0.51);
268.6000; (0.55, 0.06, 0.51);
268.6087; (0.55, 0.06, 0.51);
268.6087; (0.55, 0.06, 0.51);
268.6199; (0.55, 0.06, 0.51);
268.6199; (0.55, 0.06, 0.51);
268.6200; (0.55, 0.06, 0.51);
268.6311; (0.55, 0.06, 0.51);
268.6311; (0.55, 0.06, 0.51);
268.6400; (0.55, 0.06, 0.51);
268.6422; (0.55, 0.06, 0.51);
268.6422; (0.55, 0.06, 0.51);
268.6530; (0.55, 0.06, 0.51);
268.6530; (0.55, 0.06, 0.51);
268.6600; (0.55, 0.06, 0.51);
268.6641; (0.55, 0.06, 0.51);
268.6641; (0.55, 0.06, 0.51);
268.6751; (0.55, 0.06, 0.51);
268.6751; (0.55, 0.06, 0.51);
268.6800; (0.55, 0.06, 0.51);
268.6863; (0.55, 0.06, 0.51);
268.6863; (0.55, 0.06, 0.51);
268.6978; (0.55, 0.06, 0.51);
268.6978; (0.55, 0.06, 0.51);
268.7000; (0.55, 0.06, 0.51);
268.7089; (0.55, 0.07, 0.50);
268.7089; (0.55, 0.07, 0.50);
268.7196; (0.55, 0.07, 0.50);
268.7196; (0.55, 0.07, 0.50);
268.7200; (0.55, 0.07, 0.50);
268.7308; (0.55, 0.07, 0.50);
268.7308; (0.55, 0.07, 0.50);
268.7400; (0.55, 0.07, 0.50);
268.7419; (0.55, 0.07, 0.50);
268.7419; (0.55, 0.07, 0.50);
268.7531; (0.55, 0.07, 0.50);
268.7531; (0.55, 0.08, 0.50);
268.7600; (0.55, 0.07, 0.50);
268.7641; (0.55, 0.08, 0.50);
268.7641; (0.55, 0.08, 0.50);
268.7751; (0.55, 0.07, 0.50);
268.7751; (0.55, 0.07, 0.50);
268.7800; (0.55, 0.07, 0.50);
268.7864; (0.55, 0.08, 0.50);
268.7864; (0.55, 0.08, 0.50);
268.7973; (0.55, 0.08, 0.50);
268.7973; (0.55, 0.08, 0.50);
268.8000; (0.55, 0.08, 0.50);
268.8087; (0.55, 0.08, 0.50);
268.8087; (0.55, 0.08, 0.50);
268.8197; (0.55, 0.08, 0.50);
268.8197; (0.55, 0.08, 0.50);
268.8200; (0.55, 0.08, 0.50);
268.8311; (0.55, 0.08, 0.50);
268.8311; (0.55, 0.08, 0.50);
268.8400; (0.55, 0.08, 0.50);
268.8422; (0.55, 0.08, 0.50);
268.8422; (0.55, 0.08, 0.50);
268.8528; (0.55, 0.08, 0.50);
268.8528; (0.55, 0.08, 0.50);
268.8600; (0.55, 0.08, 0.50);
268.8643; (0.55, 0.08, 0.50);
268.8643; (0.55, 0.08, 0.50);
268.8753; (0.55, 0.08, 0.50);
268.8753; (0.55, 0.08, 0.50);
268.8800; (0.55, 0.08, 0.50);
268.8864; (0.55, 0.08, 0.50);
268.8864; (0.55, 0.08, 0.50);
268.8975; (0.55, 0.08, 0.50);
268.8975; (0.55, 0.08, 0.50);
268.9000; (0.55, 0.08, 0.50);
268.9087; (0.55, 0.08, 0.50);
268.9087; (0.55, 0.08, 0.50);
268.9197; (0.55, 0.08, 0.50);
268.9197; (0.55, 0.08, 0.50);
268.9200; (0.55, 0.08, 0.50);
268.9312; (0.54, 0.08, 0.50);
268.9312; (0.54, 0.08, 0.50);
268.9400; (0.54, 0.08, 0.50);
268.9417; (0.54, 0.08, 0.50);
268.9417; (0.54, 0.08, 0.50);
268.9531; (0.54, 0.08, 0.50);
268.9531; (0.54, 0.08, 0.50);
268.9600; (0.54, 0.08, 0.50);
268.9642; (0.54, 0.08, 0.50);
268.9642; (0.54, 0.08, 0.50);
268.9753; (0.54, 0.08, 0.50);
268.9753; (0.54, 0.08, 0.50);
268.9800; (0.54, 0.09, 0.50);
268.9864; (0.54, 0.09, 0.50);
268.9864; (0.54, 0.09, 0.50);
268.9974; (0.54, 0.09, 0.50);
268.9974; (0.54, 0.09, 0.50);
269.0000; (0.54, 0.09, 0.50);
269.0089; (0.54, 0.09, 0.50);
269.0089; (0.54, 0.09, 0.50);
269.0200; (0.54, 0.09, 0.50);
269.0201; (0.54, 0.09, 0.50);
269.0201; (0.54, 0.09, 0.50);
269.0311; (0.55, 0.09, 0.50);
269.0311; (0.55, 0.09, 0.50);
269.0400; (0.55, 0.09, 0.50);
269.0422; (0.55, 0.09, 0.50);
269.0422; (0.55, 0.09, 0.50);
269.0529; (0.55, 0.09, 0.50);
269.0529; (0.55, 0.09, 0.50);
269.0600; (0.54, 0.09, 0.50);
269.0641; (0.54, 0.09, 0.50);
269.0641; (0.54, 0.09, 0.50);
269.0751; (0.54, 0.09, 0.50);
269.0751; (0.54, 0.09, 0.50);
269.0800; (0.54, 0.09, 0.50);
269.0865; (0.54, 0.09, 0.50);
269.0865; (0.54, 0.09, 0.50);
269.0976; (0.54, 0.09, 0.50);
269.0976; (0.54, 0.09, 0.50);
269.1000; (0.54, 0.09, 0.50);
269.1084; (0.54, 0.09, 0.50);
269.1084; (0.54, 0.09, 0.50);
269.1196; (0.54, 0.09, 0.50);
269.1196; (0.54, 0.09, 0.50);
269.1200; (0.54, 0.09, 0.50);
269.1308; (0.54, 0.09, 0.50);
269.1308; (0.54, 0.09, 0.50);
269.1400; (0.54, 0.09, 0.50);
269.1419; (0.54, 0.09, 0.50);
269.1419; (0.54, 0.09, 0.50);
269.1531; (0.54, 0.09, 0.50);
269.1531; (0.54, 0.09, 0.50);
269.1600; (0.54, 0.09, 0.50);
269.1647; (0.54, 0.09, 0.49);
269.1647; (0.54, 0.09, 0.49);
269.1758; (0.54, 0.09, 0.49);
269.1758; (0.53, 0.09, 0.49);
269.1800; (0.53, 0.09, 0.49);
269.1870; (0.53, 0.09, 0.49);
269.1870; (0.53, 0.09, 0.49);
269.1978; (0.53, 0.09, 0.49);
269.1978; (0.53, 0.09, 0.49);
269.2000; (0.53, 0.09, 0.49);
269.2104; (0.53, 0.09, 0.49);
269.2104; (0.53, 0.10, 0.49);
269.2200; (0.53, 0.10, 0.49);
269.2212; (0.53, 0.10, 0.49);
269.2212; (0.53, 0.10, 0.49);
269.2314; (0.53, 0.10, 0.49);
269.2314; (0.53, 0.10, 0.49);
269.2400; (0.53, 0.10, 0.49);
269.2425; (0.53, 0.10, 0.49);
269.2425; (0.53, 0.10, 0.49);
269.2537; (0.53, 0.10, 0.49);
269.2537; (0.53, 0.10, 0.49);
269.2600; (0.53, 0.10, 0.49);
269.2646; (0.53, 0.10, 0.49);
269.2646; (0.53, 0.10, 0.49);
269.2756; (0.53, 0.10, 0.49);
269.2756; (0.53, 0.10, 0.49);
269.2800; (0.53, 0.10, 0.49);
269.2867; (0.53, 0.10, 0.49);
269.2867; (0.53, 0.11, 0.48);
269.2979; (0.53, 0.11, 0.48);
269.2979; (0.52, 0.11, 0.48);
269.3000; (0.52, 0.11, 0.48);
269.3088; (0.52, 0.11, 0.48);
269.3088; (0.52, 0.11, 0.48);
269.3200; (0.52, 0.11, 0.48);
269.3203; (0.52, 0.11, 0.48);
269.3203; (0.52, 0.11, 0.48);
269.3315; (0.52, 0.12, 0.48);
269.3315; (0.52, 0.12, 0.48);
269.3400; (0.52, 0.12, 0.48);
269.3422; (0.52, 0.12, 0.48);
269.3422; (0.52, 0.12, 0.48);
269.3538; (0.52, 0.12, 0.48);
269.3538; (0.52, 0.12, 0.48);
269.3600; (0.52, 0.12, 0.48);
269.3650; (0.52, 0.12, 0.48);
269.3650; (0.52, 0.12, 0.48);
269.3756; (0.52, 0.12, 0.48);
269.3756; (0.52, 0.12, 0.48);
269.3800; (0.52, 0.12, 0.48);
269.3868; (0.52, 0.13, 0.48);
269.3868; (0.52, 0.13, 0.48);
269.3978; (0.52, 0.13, 0.48);
269.3978; (0.52, 0.13, 0.48);
269.4000; (0.52, 0.13, 0.48);
269.4092; (0.52, 0.13, 0.48);
269.4092; (0.52, 0.13, 0.48);
269.4200; (0.52, 0.13, 0.48);
269.4200; (0.52, 0.13, 0.48);
269.4200; (0.52, 0.13, 0.48);
269.4312; (0.52, 0.13, 0.48);
269.4312; (0.52, 0.14, 0.48);
269.4400; (0.52, 0.13, 0.48);
269.4421; (0.52, 0.14, 0.48);
269.4421; (0.52, 0.14, 0.48);
269.4532; (0.52, 0.13, 0.48);
269.4532; (0.52, 0.14, 0.48);
269.4600; (0.52, 0.14, 0.48);
269.4642; (0.52, 0.14, 0.48);
269.4642; (0.52, 0.14, 0.48);
269.4753; (0.52, 0.14, 0.48);
269.4753; (0.52, 0.14, 0.48);
269.4800; (0.52, 0.14, 0.48);
269.4870; (0.52, 0.14, 0.48);
269.4870; (0.52, 0.14, 0.48);
269.4977; (0.52, 0.14, 0.48);
269.4977; (0.52, 0.14, 0.48);
269.5000; (0.52, 0.14, 0.48);
269.5088; (0.52, 0.14, 0.48);
269.5088; (0.52, 0.14, 0.48);
269.5199; (0.52, 0.14, 0.48);
269.5199; (0.52, 0.14, 0.48);
269.5200; (0.52, 0.14, 0.48);
269.5309; (0.52, 0.14, 0.48);
269.5309; (0.52, 0.14, 0.48);
269.5400; (0.53, 0.14, 0.48);
269.5421; (0.53, 0.14, 0.48);
269.5421; (0.53, 0.14, 0.48);
269.5536; (0.53, 0.14, 0.48);
269.5536; (0.53, 0.14, 0.48);
269.5600; (0.53, 0.15, 0.48);
269.5642; (0.53, 0.15, 0.48);
269.5642; (0.53, 0.15, 0.48);
269.5757; (0.53, 0.15, 0.48);
269.5757; (0.53, 0.15, 0.48);
269.5800; (0.53, 0.15, 0.48);
269.5866; (0.53, 0.15, 0.48);
269.5866; (0.53, 0.15, 0.48);
269.5976; (0.53, 0.15, 0.48);
269.5976; (0.53, 0.15, 0.48);
269.6000; (0.53, 0.15, 0.48);
269.6091; (0.52, 0.15, 0.48);
269.6091; (0.52, 0.15, 0.48);
269.6197; (0.52, 0.15, 0.48);
269.6197; (0.52, 0.15, 0.48);
269.6200; (0.52, 0.15, 0.48);
269.6313; (0.52, 0.15, 0.48);
269.6313; (0.52, 0.15, 0.48);
269.6400; (0.52, 0.15, 0.48);
269.6424; (0.52, 0.15, 0.48);
269.6424; (0.52, 0.15, 0.48);
269.6532; (0.53, 0.16, 0.48);
269.6532; (0.53, 0.16, 0.48);
269.6600; (0.53, 0.16, 0.48);
269.6644; (0.53, 0.16, 0.47);
269.6644; (0.53, 0.16, 0.47);
269.6754; (0.53, 0.16, 0.48);
269.6754; (0.53, 0.16, 0.47);
269.6800; (0.53, 0.16, 0.47);
269.6867; (0.53, 0.16, 0.47);
269.6867; (0.53, 0.16, 0.47);
269.6979; (0.53, 0.16, 0.48);
269.6979; (0.53, 0.16, 0.47);
269.7000; (0.53, 0.16, 0.47);
269.7086; (0.53, 0.16, 0.47);
269.7086; (0.53, 0.16, 0.47);
269.7200; (0.53, 0.16, 0.48);
269.7201; (0.53, 0.16, 0.48);
269.7201; (0.53, 0.16, 0.48);
269.7308; (0.53, 0.16, 0.48);
269.7308; (0.53, 0.16, 0.48);
269.7400; (0.53, 0.16, 0.48);
269.7418; (0.53, 0.16, 0.48);
269.7418; (0.53, 0.16, 0.48);
269.7531; (0.53, 0.16, 0.48);
269.7531; (0.53, 0.16, 0.48);
269.7600; (0.53, 0.16, 0.48);
269.7643; (0.53, 0.16, 0.48);
269.7643; (0.53, 0.16, 0.48);
269.7754; (0.53, 0.16, 0.48);
269.7754; (0.53, 0.16, 0.48);
269.7800; (0.53, 0.16, 0.48);
269.7865; (0.53, 0.16, 0.47);
269.7865; (0.53, 0.16, 0.47);
269.7981; (0.53, 0.16, 0.47);
269.7981; (0.52, 0.16, 0.47);
269.8000; (0.52, 0.16, 0.47);
269.8087; (0.52, 0.16, 0.47);
269.8087; (0.52, 0.16, 0.47);
269.8197; (0.52, 0.17, 0.47);
269.8197; (0.52, 0.17, 0.47);
269.8200; (0.52, 0.17, 0.47);
269.8308; (0.53, 0.17, 0.48);
269.8308; (0.53, 0.17, 0.48);
269.8400; (0.53, 0.17, 0.48);
269.8421; (0.53, 0.17, 0.48);
269.8421; (0.53, 0.17, 0.48);
269.8532; (0.53, 0.17, 0.48);
269.8532; (0.53, 0.17, 0.48);
269.8600; (0.53, 0.17, 0.48);
269.8646; (0.53, 0.17, 0.48);
269.8646; (0.53, 0.17, 0.48);
269.8753; (0.53, 0.17, 0.48);
269.8753; (0.53, 0.17, 0.48);
269.8800; (0.53, 0.17, 0.48);
269.8865; (0.53, 0.17, 0.48);
269.8865; (0.53, 0.17, 0.48);
269.8976; (0.53, 0.17, 0.48);
269.8976; (0.53, 0.17, 0.48);
269.9000; (0.53, 0.17, 0.48);
269.9087; (0.53, 0.17, 0.48);
269.9087; (0.53, 0.17, 0.48);
269.9196; (0.53, 0.17, 0.48);
269.9196; (0.52, 0.17, 0.48);
269.9200; (0.52, 0.17, 0.48);
269.9308; (0.53, 0.17, 0.48);
269.9308; (0.52, 0.17, 0.48);
269.9400; (0.52, 0.17, 0.48);
269.9418; (0.52, 0.17, 0.48);
269.9418; (0.52, 0.17, 0.48);
269.9529; (0.52, 0.17, 0.48);
269.9529; (0.52, 0.17, 0.48);
269.9600; (0.52, 0.17, 0.48);
269.9643; (0.52, 0.17, 0.48);
269.9643; (0.52, 0.17, 0.48);
269.9753; (0.52, 0.17, 0.48);
269.9753; (0.52, 0.17, 0.48);
269.9800; (0.52, 0.17, 0.48);
269.9864; (0.52, 0.17, 0.48);
269.9864; (0.52, 0.17, 0.48);
269.9977; (0.52, 0.17, 0.48);
269.9977; (0.52, 0.17, 0.48);
270.0000; (0.52, 0.17, 0.48);
270.0086; (0.52, 0.17, 0.48);
270.0086; (0.52, 0.17, 0.48);
270.0196; (0.52, 0.17, 0.48);
270.0196; (0.52, 0.17, 0.48);
270.0200; (0.52, 0.17, 0.48);
270.0308; (0.52, 0.17, 0.48);
270.0308; (0.52, 0.17, 0.48);
270.0400; (0.52, 0.17, 0.48);
270.0418; (0.52, 0.17, 0.48);
270.0418; (0.52, 0.17, 0.48);
270.0534; (0.52, 0.17, 0.48);
270.0534; (0.52, 0.17, 0.48);
270.0600; (0.52, 0.17, 0.48);
270.0642; (0.52, 0.17, 0.48);
270.0642; (0.52, 0.17, 0.48);
270.0757; (0.52, 0.17, 0.48);
270.0757; (0.52, 0.17, 0.48);
270.0800; (0.52, 0.17, 0.48);
270.0862; (0.52, 0.17, 0.48);
270.0862; (0.52, 0.17, 0.48);
270.0975; (0.52, 0.17, 0.48);
270.0975; (0.52, 0.17, 0.48);
270.1000; (0.52, 0.17, 0.48);
270.1086; (0.52, 0.17, 0.48);
270.1086; (0.52, 0.17, 0.48);
270.1200; (0.52, 0.17, 0.48);
270.1201; (0.52, 0.17, 0.48);
270.1201; (0.52, 0.17, 0.48);
270.1311; (0.52, 0.17, 0.48);
270.1311; (0.52, 0.17, 0.48);
270.1400; (0.52, 0.17, 0.48);
270.1419; (0.52, 0.17, 0.48);
270.1419; (0.52, 0.17, 0.48);
270.1529; (0.52, 0.17, 0.48);
270.1529; (0.52, 0.16, 0.48);
270.1600; (0.52, 0.17, 0.48);
270.1645; (0.52, 0.17, 0.48);
270.1645; (0.52, 0.17, 0.48);
270.1753; (0.52, 0.17, 0.48);
270.1753; (0.52, 0.17, 0.48);
270.1800; (0.52, 0.17, 0.48);
270.1865; (0.52, 0.17, 0.48);
270.1865; (0.52, 0.17, 0.48);
270.1974; (0.52, 0.17, 0.48);
270.1974; (0.52, 0.17, 0.48);
270.2000; (0.52, 0.17, 0.48);
270.2086; (0.52, 0.17, 0.48);
270.2086; (0.52, 0.17, 0.48);
270.2196; (0.52, 0.17, 0.48);
270.2196; (0.52, 0.17, 0.48);
270.2200; (0.52, 0.17, 0.48);
270.2316; (0.52, 0.17, 0.48);
270.2316; (0.52, 0.17, 0.48);
270.2400; (0.52, 0.17, 0.48);
270.2423; (0.52, 0.17, 0.48);
270.2423; (0.52, 0.17, 0.48);
270.2530; (0.52, 0.17, 0.48);
270.2530; (0.52, 0.17, 0.48);
270.2600; (0.52, 0.17, 0.48);
270.2643; (0.52, 0.17, 0.48);
270.2643; (0.52, 0.17, 0.48);
270.2753; (0.53, 0.17, 0.48);
270.2753; (0.53, 0.17, 0.49);
270.2800; (0.53, 0.17, 0.49);
270.2866; (0.53, 0.17, 0.49);
270.2866; (0.53, 0.17, 0.49);
270.2979; (0.53, 0.17, 0.49);
270.2979; (0.53, 0.17, 0.49);
270.3000; (0.53, 0.17, 0.49);
270.3089; (0.53, 0.17, 0.49);
270.3089; (0.53, 0.17, 0.49);
270.3200; (0.53, 0.17, 0.49);
270.3200; (0.53, 0.17, 0.49);
270.3200; (0.53, 0.17, 0.49);
270.3307; (0.53, 0.17, 0.49);
270.3307; (0.53, 0.17, 0.49);
270.3400; (0.53, 0.17, 0.49);
270.3419; (0.53, 0.17, 0.49);
270.3419; (0.53, 0.17, 0.49);
270.3529; (0.53, 0.17, 0.49);
270.3529; (0.53, 0.17, 0.49);
270.3600; (0.53, 0.17, 0.49);
270.3648; (0.53, 0.17, 0.49);
270.3648; (0.53, 0.17, 0.49);
270.3755; (0.53, 0.17, 0.49);
270.3755; (0.53, 0.17, 0.49);
270.3800; (0.53, 0.17, 0.49);
270.3867; (0.53, 0.17, 0.49);
270.3867; (0.53, 0.17, 0.49);
270.3974; (0.53, 0.17, 0.49);
270.3974; (0.53, 0.17, 0.49);
270.4000; (0.53, 0.17, 0.49);
270.4085; (0.53, 0.17, 0.49);
270.4085; (0.53, 0.17, 0.49);
270.4197; (0.53, 0.17, 0.49);
270.4197; (0.53, 0.16, 0.49);
270.4200; (0.53, 0.16, 0.49);
270.4307; (0.53, 0.17, 0.49);
270.4307; (0.53, 0.16, 0.49);
270.4400; (0.53, 0.16, 0.49);
270.4423; (0.53, 0.16, 0.49);
270.4423; (0.53, 0.16, 0.49);
270.4529; (0.53, 0.16, 0.49);
270.4529; (0.53, 0.16, 0.49);
270.4600; (0.53, 0.16, 0.49);
270.4640; (0.53, 0.16, 0.49);
270.4640; (0.53, 0.16, 0.49);
270.4752; (0.53, 0.16, 0.49);
270.4752; (0.53, 0.16, 0.49);
270.4800; (0.53, 0.16, 0.49);
270.4868; (0.53, 0.16, 0.49);
270.4868; (0.53, 0.16, 0.49);
270.4975; (0.53, 0.16, 0.49);
270.4975; (0.53, 0.16, 0.49);
270.5000; (0.53, 0.16, 0.49);
270.5086; (0.53, 0.16, 0.49);
270.5086; (0.53, 0.16, 0.49);
270.5198; (0.53, 0.16, 0.49);
270.5198; (0.53, 0.16, 0.49);
270.5200; (0.53, 0.16, 0.49);
270.5312; (0.53, 0.16, 0.49);
270.5312; (0.53, 0.16, 0.49);
270.5400; (0.53, 0.16, 0.49);
270.5423; (0.53, 0.16, 0.49);
270.5423; (0.53, 0.16, 0.49);
270.5535; (0.53, 0.16, 0.49);
270.5535; (0.53, 0.16, 0.49);
270.5600; (0.54, 0.16, 0.49);
270.5646; (0.54, 0.16, 0.49);
270.5646; (0.54, 0.16, 0.49);
270.5756; (0.54, 0.16, 0.49);
270.5756; (0.54, 0.16, 0.49);
270.5800; (0.54, 0.16, 0.49);
270.5866; (0.54, 0.16, 0.49);
270.5866; (0.54, 0.16, 0.49);
270.5980; (0.54, 0.16, 0.49);
270.5980; (0.54, 0.15, 0.49);
270.6000; (0.54, 0.15, 0.49);
270.6091; (0.54, 0.15, 0.49);
270.6091; (0.54, 0.15, 0.49);
270.6200; (0.54, 0.15, 0.49);
270.6205; (0.54, 0.15, 0.49);
270.6205; (0.54, 0.15, 0.49);
270.6313; (0.54, 0.15, 0.49);
270.6313; (0.54, 0.15, 0.49);
270.6400; (0.54, 0.15, 0.49);
270.6423; (0.54, 0.15, 0.49);
270.6423; (0.54, 0.15, 0.49);
270.6535; (0.54, 0.15, 0.49);
270.6535; (0.54, 0.15, 0.49);
270.6600; (0.54, 0.15, 0.49);
270.6645; (0.54, 0.15, 0.49);
270.6645; (0.54, 0.15, 0.49);
270.6754; (0.54, 0.15, 0.49);
270.6754; (0.54, 0.15, 0.49);
270.6800; (0.54, 0.15, 0.49);
270.6866; (0.54, 0.15, 0.49);
270.6866; (0.54, 0.15, 0.49);
270.6977; (0.54, 0.15, 0.49);
270.6977; (0.54, 0.15, 0.49);
270.7000; (0.54, 0.15, 0.49);
270.7086; (0.54, 0.15, 0.49);
270.7086; (0.54, 0.15, 0.49);
270.7198; (0.54, 0.15, 0.49);
270.7198; (0.54, 0.15, 0.49);
270.7200; (0.54, 0.15, 0.49);
270.7310; (0.54, 0.15, 0.49);
270.7310; (0.53, 0.15, 0.49);
270.7400; (0.54, 0.15, 0.49);
270.7420; (0.54, 0.15, 0.49);
270.7420; (0.54, 0.15, 0.49);
270.7529; (0.54, 0.15, 0.49);
270.7529; (0.54, 0.15, 0.49);
270.7600; (0.54, 0.15, 0.49);
270.7645; (0.54, 0.15, 0.49);
270.7645; (0.54, 0.15, 0.49);
270.7753; (0.54, 0.15, 0.49);
270.7753; (0.54, 0.14, 0.49);
270.7800; (0.54, 0.14, 0.49);
270.7866; (0.54, 0.14, 0.49);
270.7866; (0.54, 0.14, 0.49);
270.7976; (0.54, 0.14, 0.49);
270.7976; (0.54, 0.14, 0.49);
270.8000; (0.54, 0.14, 0.49);
270.8087; (0.54, 0.14, 0.49);
270.8087; (0.54, 0.14, 0.50);
270.8200; (0.54, 0.14, 0.49);
270.8200; (0.54, 0.14, 0.50);
270.8200; (0.54, 0.14, 0.50);
270.8311; (0.54, 0.14, 0.50);
270.8311; (0.54, 0.14, 0.50);
270.8400; (0.54, 0.14, 0.50);
270.8420; (0.54, 0.14, 0.50);
270.8420; (0.54, 0.14, 0.50);
270.8530; (0.54, 0.14, 0.50);
270.8530; (0.54, 0.14, 0.50);
270.8600; (0.54, 0.14, 0.50);
270.8640; (0.54, 0.14, 0.50);
270.8640; (0.54, 0.14, 0.50);
270.8753; (0.54, 0.14, 0.50);
270.8753; (0.54, 0.13, 0.50);
270.8800; (0.54, 0.13, 0.50);
270.8863; (0.54, 0.14, 0.50);
270.8863; (0.54, 0.13, 0.50);
270.8979; (0.54, 0.13, 0.50);
270.8979; (0.54, 0.13, 0.50);
270.9000; (0.54, 0.13, 0.50);
270.9089; (0.54, 0.13, 0.50);
270.9089; (0.54, 0.13, 0.50);
270.9200; (0.54, 0.13, 0.50);
270.9200; (0.54, 0.13, 0.50);
270.9200; (0.54, 0.13, 0.50);
270.9309; (0.54, 0.13, 0.50);
270.9309; (0.54, 0.13, 0.50);
270.9400; (0.54, 0.13, 0.50);
270.9424; (0.54, 0.13, 0.50);
270.9424; (0.54, 0.13, 0.50);
270.9529; (0.54, 0.13, 0.50);
270.9529; (0.55, 0.13, 0.50);
270.9600; (0.54, 0.13, 0.50);
270.9645; (0.55, 0.13, 0.50);
270.9645; (0.55, 0.13, 0.50);
270.9759; (0.55, 0.13, 0.50);
270.9759; (0.55, 0.13, 0.50);
270.9800; (0.55, 0.13, 0.50);
270.9865; (0.55, 0.13, 0.50);
270.9865; (0.55, 0.13, 0.50);
270.9978; (0.55, 0.13, 0.50);
270.9978; (0.55, 0.13, 0.50);
271.0000; (0.55, 0.13, 0.50);
271.0089; (0.55, 0.13, 0.50);
271.0089; (0.55, 0.13, 0.50);
271.0200; (0.55, 0.13, 0.50);
271.0201; (0.55, 0.13, 0.50);
271.0201; (0.55, 0.13, 0.50);
271.0309; (0.55, 0.13, 0.50);
271.0309; (0.55, 0.13, 0.50);
271.0400; (0.55, 0.13, 0.50);
271.0420; (0.55, 0.13, 0.50);
271.0420; (0.55, 0.13, 0.50);
271.0532; (0.55, 0.13, 0.50);
