Experiment: 4
Latency: 750
Source: (0.94, 0.86, 0.50)
SourceSize: 0.0750
Target: (0.06, 0.14, 0.50)
TargetSize: 0.1250

Trace:
time; position; button;
252.0753; (0.95, 0.85, 0.50);
252.0800; (0.95, 0.85, 0.50);
252.0867; (0.95, 0.85, 0.50);
252.0867; (0.95, 0.85, 0.50);
252.0977; (0.95, 0.85, 0.50);
252.0977; (0.95, 0.85, 0.50);
252.1000; (0.95, 0.85, 0.50);
252.1090; (0.95, 0.85, 0.50);
252.1090; (0.95, 0.85, 0.50);
252.1199; (0.95, 0.85, 0.50);
252.1199; (0.95, 0.85, 0.50);
252.1200; (0.95, 0.85, 0.50);
252.1310; (0.95, 0.85, 0.50);
252.1310; (0.95, 0.85, 0.50);
252.1400; (0.94, 0.85, 0.50);
252.1421; (0.94, 0.85, 0.50);
252.1421; (0.94, 0.85, 0.50);
252.1531; (0.94, 0.85, 0.50);
252.1531; (0.94, 0.85, 0.50);
252.1600; (0.94, 0.85, 0.51);
252.1641; (0.94, 0.85, 0.51);
252.1641; (0.94, 0.85, 0.51);
252.1757; (0.94, 0.85, 0.51);
252.1757; (0.94, 0.85, 0.51);
252.1800; (0.94, 0.85, 0.51);
252.1867; (0.94, 0.85, 0.51);
252.1867; (0.94, 0.85, 0.51);
252.1978; (0.94, 0.85, 0.51);
252.1978; (0.94, 0.85, 0.51);
252.2000; (0.94, 0.85, 0.51);
252.2088; (0.94, 0.85, 0.51);
252.2088; (0.94, 0.85, 0.51);
252.2199; (0.94, 0.85, 0.51);
252.2199; (0.94, 0.85, 0.51);
252.2200; (0.94, 0.85, 0.51);
252.2310; (0.94, 0.85, 0.51);
252.2310; (0.94, 0.85, 0.51);
252.2400; (0.94, 0.85, 0.51);
252.2420; (0.94, 0.85, 0.51);
252.2420; (0.94, 0.85, 0.51);
252.2531; (0.94, 0.85, 0.51);
252.2531; (0.94, 0.85, 0.51);
252.2600; (0.94, 0.85, 0.51);
252.2641; (0.94, 0.85, 0.51);
252.2641; (0.94, 0.85, 0.51);
252.2752; (0.94, 0.85, 0.51);
252.2752; (0.94, 0.85, 0.51);
252.2800; (0.94, 0.85, 0.51);
252.2869; (0.94, 0.85, 0.51);
252.2869; (0.94, 0.85, 0.51);
252.2979; (0.94, 0.85, 0.51);
252.2979; (0.94, 0.85, 0.51);
252.3000; (0.94, 0.85, 0.51);
252.3090; (0.94, 0.85, 0.51);
252.3090; (0.94, 0.85, 0.51);
252.3200; (0.94, 0.85, 0.51);
252.3202; (0.94, 0.85, 0.51);
252.3202; (0.94, 0.85, 0.51);
252.3307; (0.94, 0.85, 0.51);
252.3307; (0.94, 0.85, 0.51);
252.3400; (0.94, 0.85, 0.51);
252.3423; (0.94, 0.85, 0.51);
252.3423; (0.94, 0.85, 0.51);
252.3530; (0.93, 0.85, 0.51);
252.3530; (0.93, 0.85, 0.51);
252.3600; (0.93, 0.85, 0.51);
252.3641; (0.93, 0.85, 0.51);
252.3641; (0.93, 0.85, 0.51);
252.3752; (0.93, 0.85, 0.51);
252.3752; (0.93, 0.85, 0.51);
252.3800; (0.93, 0.85, 0.51);
252.3868; (0.93, 0.85, 0.51);
252.3868; (0.93, 0.85, 0.51);
252.3973; (0.93, 0.85, 0.51);
252.3973; (0.93, 0.86, 0.51);
252.4000; (0.93, 0.86, 0.51);
252.4086; (0.93, 0.86, 0.51);
252.4086; (0.93, 0.86, 0.51);
252.4196; (0.93, 0.86, 0.51);
252.4196; (0.93, 0.86, 0.51);
252.4200; (0.93, 0.86, 0.51);
252.4310; (0.93, 0.86, 0.51);
252.4310; (0.93, 0.86, 0.52);
252.4400; (0.93, 0.86, 0.52);
252.4419; (0.93, 0.86, 0.52);
252.4419; (0.93, 0.86, 0.52);
252.4534; (0.93, 0.86, 0.52);
252.4534; (0.93, 0.86, 0.52);
252.4600; (0.93, 0.86, 0.52);
252.4645; (0.93, 0.86, 0.52);
252.4645; (0.93, 0.86, 0.52);
252.4756; (0.93, 0.86, 0.52);
252.4756; (0.93, 0.86, 0.52);
252.4800; (0.93, 0.86, 0.52);
252.4867; (0.93, 0.86, 0.52);
252.4867; (0.93, 0.86, 0.52);
252.4977; (0.93, 0.86, 0.52);
252.4977; (0.93, 0.86, 0.52);
252.5000; (0.93, 0.86, 0.52);
252.5090; (0.93, 0.86, 0.52);
252.5090; (0.93, 0.86, 0.52);
252.5200; (0.93, 0.86, 0.52);
252.5211; (0.93, 0.86, 0.52);
252.5211; (0.93, 0.86, 0.52);
252.5314; (0.93, 0.86, 0.52);
252.5314; (0.93, 0.86, 0.52);
252.5400; (0.93, 0.86, 0.52);
252.5429; (0.93, 0.86, 0.52);
252.5429; (0.93, 0.86, 0.52);
252.5538; (0.93, 0.86, 0.52);
252.5538; (0.93, 0.86, 0.53);
252.5600; (0.93, 0.86, 0.53);
252.5645; (0.93, 0.86, 0.53);
252.5645; (0.93, 0.86, 0.53);
252.5761; (0.93, 0.86, 0.53);
252.5761; (0.93, 0.86, 0.53);
252.5800; (0.93, 0.86, 0.53);
252.5870; (0.93, 0.86, 0.53);
252.5870; (0.93, 0.86, 0.53);
252.5983; (0.93, 0.86, 0.53);
252.5983; (0.93, 0.86, 0.53);
252.6000; (0.93, 0.86, 0.53);
252.6093; (0.93, 0.86, 0.53);
252.6093; (0.93, 0.86, 0.53);
252.6200; (0.93, 0.86, 0.53);
252.6202; (0.92, 0.86, 0.53);
252.6202; (0.92, 0.86, 0.53);
252.6315; (0.92, 0.86, 0.53);
252.6315; (0.92, 0.86, 0.53);
252.6400; (0.92, 0.86, 0.53);
252.6426; (0.92, 0.86, 0.53);
252.6426; (0.92, 0.86, 0.53);
252.6536; (0.92, 0.86, 0.53);
252.6536; (0.92, 0.86, 0.53);
252.6600; (0.92, 0.86, 0.52);
252.6645; (0.92, 0.86, 0.52);
252.6645; (0.92, 0.86, 0.52);
252.6760; (0.92, 0.86, 0.52);
252.6760; (0.92, 0.86, 0.52);
252.6800; (0.92, 0.86, 0.52);
252.6871; (0.92, 0.86, 0.52);
252.6871; (0.92, 0.86, 0.52);
252.6982; (0.92, 0.86, 0.52);
252.6982; (0.92, 0.86, 0.52);
252.7000; (0.92, 0.86, 0.52);
252.7092; (0.92, 0.86, 0.52);
252.7092; (0.92, 0.86, 0.52);
252.7200; (0.92, 0.86, 0.52);
252.7202; (0.92, 0.86, 0.52);
252.7202; (0.92, 0.86, 0.52);
252.7314; (0.92, 0.86, 0.52);
252.7314; (0.92, 0.86, 0.52);
252.7400; (0.92, 0.86, 0.53);
252.7423; (0.92, 0.86, 0.52);
252.7423; (0.92, 0.86, 0.52);
252.7533; (0.92, 0.86, 0.52);
252.7533; (0.92, 0.86, 0.52);
252.7600; (0.92, 0.86, 0.53);
252.7644; (0.92, 0.86, 0.52);
252.7644; (0.92, 0.86, 0.52);
252.7755; (0.92, 0.86, 0.53);
252.7755; (0.92, 0.86, 0.53);
252.7800; (0.92, 0.86, 0.53);
252.7865; (0.92, 0.86, 0.52);
252.7865; (0.92, 0.86, 0.52);
252.7977; (0.92, 0.85, 0.52);
252.7977; (0.91, 0.85, 0.52);
252.8000; (0.91, 0.85, 0.52);
252.8088; (0.92, 0.86, 0.52);
252.8088; (0.91, 0.86, 0.52);
252.8199; (0.92, 0.86, 0.52);
252.8199; (0.91, 0.86, 0.52);
252.8200; (0.91, 0.86, 0.52);
252.8309; (0.92, 0.86, 0.52);
252.8309; (0.92, 0.86, 0.52);
252.8400; (0.91, 0.86, 0.52);
252.8419; (0.91, 0.85, 0.52);
252.8419; (0.91, 0.85, 0.52);
252.8535; (0.91, 0.85, 0.52);
252.8535; (0.91, 0.85, 0.52);
252.8600; (0.91, 0.85, 0.52);
252.8647; (0.91, 0.85, 0.52);
252.8647; (0.91, 0.85, 0.52);
252.8759; (0.91, 0.85, 0.52);
252.8759; (0.91, 0.85, 0.52);
252.8800; (0.91, 0.85, 0.52);
252.8863; (0.91, 0.85, 0.52);
252.8863; (0.91, 0.85, 0.52);
252.8979; (0.91, 0.85, 0.52);
252.8979; (0.91, 0.85, 0.52);
252.9000; (0.91, 0.85, 0.52);
252.9090; (0.91, 0.85, 0.52);
252.9090; (0.91, 0.85, 0.52);
252.9200; (0.91, 0.85, 0.52);
252.9201; (0.91, 0.85, 0.52);
252.9201; (0.91, 0.85, 0.52);
252.9307; (0.91, 0.85, 0.52);
252.9307; (0.90, 0.85, 0.52);
252.9400; (0.90, 0.85, 0.52);
252.9424; (0.90, 0.85, 0.52);
252.9424; (0.90, 0.85, 0.52);
252.9533; (0.90, 0.85, 0.52);
252.9533; (0.90, 0.85, 0.52);
252.9600; (0.90, 0.85, 0.52);
252.9645; (0.90, 0.85, 0.52);
252.9645; (0.90, 0.85, 0.52);
252.9758; (0.90, 0.85, 0.52);
252.9758; (0.89, 0.84, 0.52);
252.9800; (0.89, 0.84, 0.52);
252.9868; (0.89, 0.84, 0.52);
252.9868; (0.89, 0.84, 0.52);
252.9978; (0.89, 0.84, 0.52);
252.9978; (0.88, 0.84, 0.52);
253.0000; (0.88, 0.84, 0.52);
253.0089; (0.88, 0.84, 0.52);
253.0089; (0.87, 0.83, 0.51);
253.0200; (0.87, 0.83, 0.52);
253.0201; (0.87, 0.83, 0.51);
253.0201; (0.87, 0.83, 0.51);
253.0309; (0.87, 0.83, 0.51);
253.0309; (0.86, 0.82, 0.51);
253.0400; (0.86, 0.82, 0.51);
253.0424; (0.85, 0.82, 0.51);
253.0424; (0.85, 0.82, 0.51);
253.0532; (0.85, 0.82, 0.51);
253.0532; (0.84, 0.81, 0.51);
253.0600; (0.84, 0.81, 0.51);
253.0644; (0.83, 0.81, 0.51);
253.0644; (0.83, 0.81, 0.51);
253.0756; (0.83, 0.81, 0.51);
253.0756; (0.82, 0.80, 0.51);
253.0800; (0.82, 0.80, 0.51);
253.0865; (0.82, 0.80, 0.51);
253.0865; (0.81, 0.79, 0.51);
253.0977; (0.81, 0.79, 0.51);
253.0977; (0.80, 0.78, 0.50);
253.1000; (0.80, 0.78, 0.50);
253.1089; (0.80, 0.78, 0.51);
253.1089; (0.79, 0.78, 0.50);
253.1198; (0.79, 0.78, 0.50);
253.1198; (0.78, 0.77, 0.50);
253.1200; (0.78, 0.77, 0.50);
253.1308; (0.78, 0.77, 0.50);
253.1308; (0.77, 0.76, 0.49);
253.1400; (0.77, 0.76, 0.49);
253.1424; (0.76, 0.76, 0.49);
253.1424; (0.76, 0.76, 0.49);
253.1532; (0.76, 0.76, 0.49);
253.1532; (0.75, 0.75, 0.49);
253.1600; (0.75, 0.75, 0.49);
253.1643; (0.74, 0.74, 0.49);
253.1643; (0.74, 0.74, 0.49);
253.1757; (0.74, 0.73, 0.49);
253.1757; (0.73, 0.73, 0.49);
253.1800; (0.73, 0.72, 0.49);
253.1863; (0.72, 0.71, 0.48);
253.1863; (0.72, 0.71, 0.48);
253.1979; (0.72, 0.71, 0.49);
253.1979; (0.70, 0.70, 0.48);
253.2000; (0.70, 0.70, 0.48);
253.2087; (0.70, 0.70, 0.48);
253.2087; (0.69, 0.69, 0.48);
253.2197; (0.69, 0.69, 0.48);
253.2197; (0.67, 0.68, 0.47);
253.2200; (0.67, 0.68, 0.47);
253.2316; (0.67, 0.68, 0.47);
253.2316; (0.66, 0.67, 0.47);
253.2400; (0.66, 0.67, 0.47);
253.2421; (0.65, 0.65, 0.47);
253.2421; (0.65, 0.65, 0.47);
253.2532; (0.65, 0.65, 0.47);
253.2532; (0.64, 0.64, 0.47);
253.2600; (0.64, 0.64, 0.47);
253.2643; (0.63, 0.63, 0.47);
253.2643; (0.63, 0.63, 0.47);
253.2753; (0.63, 0.63, 0.47);
253.2753; (0.62, 0.62, 0.47);
253.2800; (0.62, 0.62, 0.47);
253.2874; (0.62, 0.62, 0.47);
253.2874; (0.61, 0.61, 0.47);
253.2980; (0.61, 0.61, 0.47);
253.2980; (0.59, 0.59, 0.47);
253.3000; (0.59, 0.59, 0.47);
253.3091; (0.59, 0.59, 0.47);
253.3091; (0.58, 0.58, 0.47);
253.3200; (0.58, 0.58, 0.47);
253.3200; (0.57, 0.57, 0.47);
253.3200; (0.57, 0.57, 0.47);
253.3309; (0.57, 0.57, 0.47);
253.3309; (0.56, 0.56, 0.47);
253.3400; (0.56, 0.56, 0.47);
253.3425; (0.55, 0.55, 0.47);
253.3425; (0.55, 0.55, 0.47);
253.3536; (0.55, 0.55, 0.47);
253.3536; (0.54, 0.54, 0.47);
253.3600; (0.54, 0.54, 0.47);
253.3648; (0.53, 0.53, 0.47);
253.3648; (0.53, 0.53, 0.47);
253.3756; (0.53, 0.53, 0.47);
253.3756; (0.52, 0.52, 0.47);
253.3800; (0.52, 0.52, 0.47);
253.3870; (0.52, 0.52, 0.47);
253.3870; (0.51, 0.51, 0.47);
253.3978; (0.51, 0.51, 0.47);
253.3978; (0.50, 0.50, 0.47);
253.4000; (0.50, 0.50, 0.47);
253.4087; (0.50, 0.50, 0.47);
253.4087; (0.49, 0.49, 0.47);
253.4197; (0.49, 0.49, 0.47);
253.4197; (0.48, 0.48, 0.47);
253.4200; (0.48, 0.48, 0.47);
253.4307; (0.48, 0.48, 0.47);
253.4307; (0.47, 0.48, 0.47);
253.4400; (0.47, 0.48, 0.47);
253.4424; (0.46, 0.47, 0.47);
253.4424; (0.46, 0.47, 0.47);
253.4530; (0.47, 0.47, 0.47);
253.4530; (0.46, 0.46, 0.47);
253.4600; (0.46, 0.46, 0.47);
253.4645; (0.45, 0.46, 0.47);
253.4645; (0.45, 0.46, 0.47);
253.4756; (0.45, 0.46, 0.47);
253.4756; (0.44, 0.45, 0.47);
253.4800; (0.44, 0.45, 0.47);
253.4868; (0.44, 0.45, 0.47);
253.4868; (0.43, 0.45, 0.47);
253.4979; (0.43, 0.45, 0.47);
253.4979; (0.43, 0.44, 0.47);
253.5000; (0.43, 0.44, 0.47);
253.5092; (0.43, 0.44, 0.47);
253.5092; (0.42, 0.43, 0.47);
253.5200; (0.42, 0.43, 0.47);
253.5201; (0.41, 0.43, 0.47);
253.5201; (0.41, 0.43, 0.47);
253.5313; (0.41, 0.43, 0.47);
253.5313; (0.40, 0.42, 0.47);
253.5400; (0.40, 0.42, 0.47);
253.5419; (0.39, 0.42, 0.47);
253.5419; (0.39, 0.42, 0.47);
253.5530; (0.39, 0.42, 0.47);
253.5530; (0.39, 0.42, 0.47);
253.5600; (0.39, 0.42, 0.47);
253.5645; (0.38, 0.41, 0.47);
253.5645; (0.38, 0.41, 0.47);
253.5754; (0.38, 0.41, 0.47);
253.5754; (0.38, 0.41, 0.47);
253.5800; (0.38, 0.41, 0.47);
253.5865; (0.37, 0.40, 0.47);
253.5865; (0.37, 0.40, 0.47);
253.5976; (0.37, 0.40, 0.47);
253.5976; (0.36, 0.40, 0.47);
253.6000; (0.36, 0.40, 0.47);
253.6088; (0.36, 0.40, 0.47);
253.6088; (0.35, 0.40, 0.47);
253.6199; (0.35, 0.40, 0.47);
253.6199; (0.35, 0.39, 0.47);
253.6200; (0.35, 0.39, 0.47);
253.6309; (0.35, 0.39, 0.47);
253.6309; (0.34, 0.39, 0.47);
253.6400; (0.34, 0.39, 0.47);
253.6426; (0.33, 0.39, 0.47);
253.6426; (0.33, 0.39, 0.47);
253.6537; (0.33, 0.39, 0.47);
253.6537; (0.33, 0.38, 0.47);
253.6600; (0.33, 0.38, 0.47);
253.6646; (0.32, 0.38, 0.48);
253.6646; (0.32, 0.38, 0.48);
253.6758; (0.32, 0.38, 0.48);
253.6758; (0.32, 0.38, 0.48);
253.6800; (0.32, 0.38, 0.48);
253.6865; (0.32, 0.38, 0.48);
253.6865; (0.31, 0.37, 0.48);
253.6976; (0.31, 0.37, 0.48);
253.6976; (0.31, 0.37, 0.48);
253.7000; (0.31, 0.37, 0.48);
253.7089; (0.31, 0.37, 0.48);
253.7089; (0.30, 0.37, 0.48);
253.7200; (0.30, 0.37, 0.48);
253.7200; (0.29, 0.37, 0.48);
253.7200; (0.29, 0.37, 0.48);
253.7308; (0.29, 0.37, 0.48);
253.7308; (0.29, 0.36, 0.48);
253.7400; (0.29, 0.36, 0.48);
253.7421; (0.28, 0.36, 0.48);
253.7421; (0.28, 0.36, 0.48);
253.7535; (0.29, 0.36, 0.48);
253.7535; (0.28, 0.36, 0.48);
253.7600; (0.28, 0.36, 0.48);
253.7646; (0.28, 0.35, 0.48);
253.7646; (0.28, 0.35, 0.48);
253.7756; (0.28, 0.35, 0.48);
253.7756; (0.27, 0.35, 0.48);
253.7800; (0.27, 0.35, 0.48);
253.7866; (0.27, 0.35, 0.48);
253.7866; (0.27, 0.35, 0.48);
253.7977; (0.27, 0.35, 0.48);
253.7977; (0.26, 0.35, 0.48);
253.8000; (0.26, 0.35, 0.48);
253.8088; (0.26, 0.35, 0.48);
253.8088; (0.26, 0.35, 0.49);
253.8200; (0.26, 0.35, 0.49);
253.8201; (0.25, 0.35, 0.49);
253.8201; (0.25, 0.35, 0.49);
253.8313; (0.25, 0.35, 0.49);
253.8313; (0.25, 0.35, 0.49);
253.8400; (0.25, 0.35, 0.49);
253.8421; (0.25, 0.35, 0.49);
253.8421; (0.25, 0.35, 0.49);
253.8531; (0.25, 0.35, 0.49);
253.8531; (0.24, 0.35, 0.49);
253.8600; (0.24, 0.34, 0.49);
253.8643; (0.24, 0.34, 0.49);
253.8643; (0.24, 0.34, 0.49);
253.8756; (0.24, 0.34, 0.49);
253.8756; (0.23, 0.34, 0.49);
253.8800; (0.23, 0.34, 0.49);
253.8865; (0.23, 0.34, 0.49);
253.8865; (0.23, 0.34, 0.49);
253.8976; (0.23, 0.34, 0.49);
253.8976; (0.22, 0.34, 0.49);
253.9000; (0.22, 0.34, 0.49);
253.9087; (0.23, 0.34, 0.48);
253.9087; (0.23, 0.34, 0.49);
253.9198; (0.23, 0.34, 0.48);
253.9198; (0.22, 0.34, 0.48);
253.9200; (0.22, 0.34, 0.48);
253.9310; (0.22, 0.34, 0.48);
253.9310; (0.22, 0.34, 0.49);
253.9400; (0.22, 0.34, 0.48);
253.9419; (0.22, 0.34, 0.48);
253.9419; (0.22, 0.34, 0.48);
253.9530; (0.22, 0.34, 0.48);
253.9530; (0.21, 0.34, 0.48);
253.9600; (0.21, 0.34, 0.48);
253.9647; (0.21, 0.33, 0.48);
253.9647; (0.21, 0.33, 0.48);
253.9755; (0.21, 0.33, 0.48);
253.9755; (0.20, 0.33, 0.48);
253.9800; (0.20, 0.33, 0.48);
253.9866; (0.20, 0.33, 0.48);
253.9866; (0.20, 0.33, 0.48);
253.9975; (0.20, 0.33, 0.48);
253.9975; (0.20, 0.33, 0.48);
254.0000; (0.20, 0.33, 0.48);
254.0090; (0.20, 0.33, 0.48);
254.0090; (0.19, 0.32, 0.48);
254.0200; (0.19, 0.32, 0.48);
254.0200; (0.19, 0.32, 0.48);
254.0200; (0.19, 0.32, 0.48);
254.0307; (0.19, 0.32, 0.48);
254.0307; (0.19, 0.32, 0.48);
254.0400; (0.19, 0.32, 0.48);
254.0424; (0.19, 0.32, 0.48);
254.0424; (0.19, 0.32, 0.48);
254.0535; (0.19, 0.32, 0.48);
254.0535; (0.19, 0.32, 0.48);
254.0600; (0.19, 0.32, 0.48);
254.0645; (0.18, 0.31, 0.48);
254.0645; (0.18, 0.31, 0.48);
254.0755; (0.18, 0.31, 0.48);
254.0755; (0.18, 0.31, 0.48);
254.0800; (0.18, 0.31, 0.48);
254.0865; (0.18, 0.31, 0.48);
254.0865; (0.18, 0.31, 0.48);
254.0975; (0.18, 0.31, 0.48);
254.0975; (0.18, 0.31, 0.48);
254.1000; (0.18, 0.31, 0.48);
254.1090; (0.18, 0.31, 0.48);
254.1090; (0.17, 0.30, 0.48);
254.1196; (0.17, 0.30, 0.48);
254.1196; (0.17, 0.30, 0.48);
254.1200; (0.17, 0.30, 0.48);
254.1308; (0.17, 0.30, 0.48);
254.1308; (0.17, 0.30, 0.48);
254.1400; (0.17, 0.30, 0.48);
254.1424; (0.16, 0.29, 0.48);
254.1424; (0.16, 0.29, 0.48);
254.1536; (0.16, 0.29, 0.48);
254.1536; (0.16, 0.29, 0.48);
254.1600; (0.16, 0.29, 0.48);
254.1647; (0.16, 0.29, 0.48);
254.1647; (0.16, 0.29, 0.48);
254.1754; (0.16, 0.29, 0.48);
254.1754; (0.16, 0.29, 0.48);
254.1800; (0.16, 0.29, 0.48);
254.1865; (0.16, 0.29, 0.48);
254.1865; (0.16, 0.29, 0.48);
254.1977; (0.16, 0.29, 0.48);
254.1977; (0.16, 0.29, 0.48);
254.2000; (0.16, 0.29, 0.48);
254.2086; (0.16, 0.28, 0.48);
254.2086; (0.15, 0.28, 0.48);
254.2200; (0.15, 0.28, 0.48);
254.2202; (0.15, 0.28, 0.48);
254.2202; (0.15, 0.28, 0.48);
254.2314; (0.15, 0.28, 0.48);
254.2314; (0.15, 0.28, 0.48);
254.2400; (0.15, 0.28, 0.48);
254.2423; (0.14, 0.28, 0.48);
254.2423; (0.14, 0.28, 0.48);
254.2534; (0.14, 0.27, 0.48);
254.2534; (0.14, 0.27, 0.48);
254.2600; (0.14, 0.27, 0.48);
254.2645; (0.14, 0.27, 0.48);
254.2645; (0.14, 0.27, 0.48);
254.2756; (0.14, 0.27, 0.48);
254.2756; (0.14, 0.27, 0.48);
254.2800; (0.14, 0.27, 0.48);
254.2867; (0.14, 0.27, 0.48);
254.2867; (0.13, 0.27, 0.48);
254.2980; (0.13, 0.27, 0.48);
254.2980; (0.13, 0.26, 0.48);
254.3000; (0.13, 0.26, 0.48);
254.3087; (0.13, 0.26, 0.48);
254.3087; (0.13, 0.26, 0.48);
254.3200; (0.13, 0.26, 0.48);
254.3203; (0.12, 0.26, 0.48);
254.3203; (0.12, 0.26, 0.48);
254.3312; (0.13, 0.26, 0.48);
254.3312; (0.12, 0.26, 0.48);
254.3400; (0.12, 0.26, 0.48);
254.3422; (0.12, 0.26, 0.48);
254.3422; (0.12, 0.26, 0.48);
254.3535; (0.12, 0.26, 0.48);
254.3535; (0.12, 0.26, 0.48);
254.3600; (0.12, 0.26, 0.48);
254.3645; (0.11, 0.25, 0.48);
254.3645; (0.11, 0.25, 0.48);
254.3755; (0.11, 0.25, 0.48);
254.3755; (0.11, 0.25, 0.48);
254.3800; (0.11, 0.25, 0.48);
254.3866; (0.11, 0.25, 0.48);
254.3866; (0.11, 0.25, 0.48);
254.3976; (0.11, 0.25, 0.48);
254.3976; (0.10, 0.25, 0.48);
254.4000; (0.10, 0.25, 0.48);
254.4087; (0.10, 0.25, 0.48);
254.4087; (0.10, 0.25, 0.48);
254.4200; (0.10, 0.25, 0.48);
254.4203; (0.10, 0.25, 0.48);
254.4203; (0.10, 0.25, 0.48);
254.4311; (0.10, 0.24, 0.48);
254.4311; (0.10, 0.24, 0.48);
254.4400; (0.10, 0.24, 0.48);
254.4420; (0.09, 0.24, 0.48);
254.4420; (0.09, 0.24, 0.48);
254.4530; (0.09, 0.24, 0.48);
254.4530; (0.09, 0.24, 0.48);
254.4600; (0.09, 0.24, 0.48);
254.4645; (0.09, 0.24, 0.48);
254.4645; (0.09, 0.24, 0.48);
254.4757; (0.09, 0.24, 0.48);
254.4757; (0.09, 0.24, 0.48);
254.4800; (0.09, 0.24, 0.48);
254.4866; (0.09, 0.24, 0.48);
254.4866; (0.08, 0.24, 0.48);
254.4975; (0.09, 0.24, 0.48);
254.4975; (0.08, 0.24, 0.48);
254.5000; (0.08, 0.24, 0.48);
254.5086; (0.08, 0.24, 0.48);
254.5086; (0.08, 0.24, 0.48);
254.5197; (0.08, 0.24, 0.48);
254.5197; (0.08, 0.24, 0.48);
254.5200; (0.08, 0.24, 0.48);
254.5309; (0.08, 0.24, 0.48);
254.5309; (0.07, 0.24, 0.48);
254.5400; (0.07, 0.24, 0.48);
254.5419; (0.07, 0.23, 0.48);
254.5419; (0.07, 0.23, 0.48);
254.5531; (0.07, 0.23, 0.48);
254.5531; (0.07, 0.23, 0.47);
254.5600; (0.07, 0.23, 0.47);
254.5642; (0.07, 0.23, 0.47);
254.5642; (0.07, 0.23, 0.47);
254.5751; (0.07, 0.23, 0.47);
254.5751; (0.06, 0.23, 0.47);
254.5800; (0.06, 0.23, 0.47);
254.5865; (0.06, 0.23, 0.47);
254.5865; (0.06, 0.23, 0.47);
254.5976; (0.06, 0.23, 0.47);
254.5976; (0.06, 0.23, 0.47);
254.6000; (0.06, 0.23, 0.47);
254.6087; (0.06, 0.23, 0.47);
254.6087; (0.06, 0.22, 0.47);
254.6197; (0.06, 0.22, 0.47);
254.6197; (0.06, 0.22, 0.47);
254.6200; (0.06, 0.22, 0.47);
254.6308; (0.06, 0.22, 0.47);
254.6308; (0.05, 0.22, 0.47);
254.6400; (0.05, 0.22, 0.47);
254.6422; (0.05, 0.22, 0.47);
254.6422; (0.05, 0.22, 0.47);
254.6534; (0.05, 0.22, 0.47);
254.6534; (0.05, 0.22, 0.47);
254.6600; (0.05, 0.22, 0.47);
254.6644; (0.05, 0.22, 0.47);
254.6644; (0.05, 0.22, 0.47);
254.6756; (0.05, 0.22, 0.47);
254.6756; (0.05, 0.21, 0.47);
254.6800; (0.05, 0.21, 0.47);
254.6863; (0.04, 0.21, 0.47);
254.6863; (0.04, 0.21, 0.47);
254.6980; (0.04, 0.21, 0.47);
254.6980; (0.04, 0.21, 0.47);
254.7000; (0.04, 0.21, 0.47);
254.7091; (0.04, 0.21, 0.47);
254.7091; (0.04, 0.21, 0.47);
254.7197; (0.04, 0.21, 0.47);
254.7197; (0.04, 0.20, 0.46);
254.7200; (0.04, 0.20, 0.46);
254.7309; (0.04, 0.20, 0.46);
254.7309; (0.03, 0.20, 0.46);
254.7400; (0.04, 0.21, 0.46);
254.7421; (0.04, 0.20, 0.46);
254.7421; (0.04, 0.20, 0.46);
254.7531; (0.03, 0.21, 0.46);
254.7531; (0.03, 0.20, 0.46);
254.7600; (0.03, 0.20, 0.46);
254.7644; (0.03, 0.20, 0.46);
254.7644; (0.03, 0.20, 0.46);
254.7754; (0.03, 0.20, 0.46);
254.7754; (0.03, 0.20, 0.46);
254.7800; (0.03, 0.20, 0.46);
254.7865; (0.03, 0.20, 0.46);
254.7865; (0.03, 0.19, 0.46);
254.7978; (0.03, 0.19, 0.46);
254.7978; (0.03, 0.19, 0.45);
254.8000; (0.03, 0.19, 0.45);
254.8087; (0.03, 0.19, 0.45);
254.8087; (0.02, 0.19, 0.45);
254.8198; (0.02, 0.19, 0.45);
254.8198; (0.02, 0.18, 0.45);
254.8200; (0.02, 0.18, 0.45);
254.8308; (0.02, 0.18, 0.45);
254.8308; (0.02, 0.18, 0.45);
254.8400; (0.02, 0.18, 0.45);
254.8423; (0.02, 0.18, 0.45);
254.8423; (0.02, 0.18, 0.45);
254.8530; (0.02, 0.18, 0.45);
254.8530; (0.02, 0.17, 0.45);
254.8600; (0.02, 0.17, 0.45);
254.8641; (0.02, 0.17, 0.45);
254.8641; (0.02, 0.17, 0.45);
254.8754; (0.02, 0.17, 0.46);
254.8754; (0.02, 0.17, 0.46);
254.8800; (0.02, 0.17, 0.46);
254.8864; (0.01, 0.16, 0.46);
254.8864; (0.01, 0.16, 0.46);
254.8974; (0.01, 0.16, 0.46);
254.8974; (0.01, 0.16, 0.46);
254.9000; (0.01, 0.16, 0.46);
254.9086; (0.01, 0.16, 0.46);
254.9086; (0.01, 0.16, 0.46);
254.9200; (0.01, 0.16, 0.46);
254.9200; (0.01, 0.15, 0.46);
254.9200; (0.01, 0.15, 0.46);
254.9310; (0.01, 0.16, 0.46);
254.9310; (0.01, 0.15, 0.46);
254.9400; (0.01, 0.15, 0.46);
254.9420; (0.01, 0.15, 0.46);
254.9420; (0.01, 0.15, 0.46);
254.9530; (0.01, 0.15, 0.46);
254.9530; (0.01, 0.14, 0.46);
254.9600; (0.01, 0.14, 0.46);
254.9645; (0.01, 0.14, 0.46);
254.9645; (0.01, 0.14, 0.46);
254.9752; (0.01, 0.14, 0.46);
254.9752; (0.01, 0.14, 0.46);
254.9800; (0.01, 0.14, 0.46);
254.9867; (0.01, 0.14, 0.46);
254.9867; (0.01, 0.14, 0.46);
254.9978; (0.01, 0.14, 0.46);
254.9978; (0.00, 0.14, 0.47);
255.0000; (0.00, 0.14, 0.47);
255.0089; (0.00, 0.13, 0.47);
255.0089; (0.00, 0.13, 0.47);
255.0200; (0.00, 0.13, 0.47);
255.0201; (0.00, 0.13, 0.47);
255.0201; (0.00, 0.13, 0.47);
255.0311; (0.00, 0.13, 0.47);
255.0311; (0.00, 0.13, 0.47);
255.0400; (0.00, 0.13, 0.47);
255.0419; (0.00, 0.13, 0.47);
255.0419; (0.00, 0.13, 0.47);
255.0532; (0.00, 0.13, 0.47);
255.0532; (0.00, 0.12, 0.47);
255.0600; (0.00, 0.12, 0.47);
255.0645; (0.00, 0.12, 0.47);
255.0645; (0.00, 0.12, 0.47);
255.0759; (0.00, 0.12, 0.47);
255.0759; (-0.01, 0.12, 0.47);
255.0800; (-0.01, 0.12, 0.47);
255.0864; (-0.01, 0.12, 0.47);
255.0864; (-0.01, 0.11, 0.47);
255.0979; (-0.01, 0.11, 0.47);
255.0979; (-0.01, 0.11, 0.47);
255.1000; (-0.01, 0.11, 0.47);
255.1085; (-0.01, 0.11, 0.47);
255.1085; (-0.01, 0.11, 0.47);
255.1200; (-0.01, 0.11, 0.47);
255.1201; (-0.01, 0.11, 0.47);
255.1201; (-0.01, 0.11, 0.47);
255.1313; (-0.01, 0.11, 0.47);
255.1313; (-0.01, 0.11, 0.47);
255.1400; (-0.01, 0.11, 0.47);
255.1422; (-0.01, 0.10, 0.48);
255.1422; (-0.01, 0.10, 0.48);
255.1531; (-0.01, 0.10, 0.47);
255.1531; (-0.01, 0.10, 0.48);
255.1600; (-0.01, 0.10, 0.48);
255.1642; (-0.01, 0.10, 0.48);
255.1642; (-0.01, 0.10, 0.48);
255.1754; (-0.01, 0.10, 0.47);
255.1754; (-0.01, 0.10, 0.47);
255.1800; (-0.01, 0.10, 0.47);
255.1864; (-0.01, 0.10, 0.47);
255.1864; (-0.01, 0.10, 0.47);
255.1974; (-0.01, 0.10, 0.47);
255.1974; (-0.01, 0.10, 0.48);
255.2000; (-0.01, 0.10, 0.48);
255.2090; (-0.01, 0.10, 0.48);
255.2090; (-0.01, 0.10, 0.48);
255.2200; (-0.01, 0.10, 0.48);
255.2203; (-0.01, 0.10, 0.48);
255.2203; (-0.01, 0.10, 0.48);
255.2307; (-0.01, 0.10, 0.48);
255.2307; (-0.01, 0.10, 0.48);
255.2400; (-0.01, 0.10, 0.48);
255.2419; (-0.01, 0.09, 0.48);
255.2419; (-0.01, 0.09, 0.48);
255.2536; (-0.01, 0.09, 0.48);
255.2536; (-0.01, 0.09, 0.48);
255.2600; (-0.01, 0.09, 0.48);
255.2648; (-0.01, 0.09, 0.48);
255.2648; (-0.01, 0.09, 0.48);
255.2756; (-0.01, 0.09, 0.48);
255.2756; (-0.01, 0.09, 0.48);
255.2800; (-0.01, 0.09, 0.48);
255.2863; (-0.01, 0.09, 0.48);
255.2863; (-0.01, 0.09, 0.48);
255.2979; (-0.01, 0.09, 0.48);
255.2979; (-0.01, 0.09, 0.48);
255.3000; (-0.01, 0.09, 0.48);
255.3086; (-0.01, 0.09, 0.48);
255.3086; (-0.01, 0.09, 0.48);
255.3200; (-0.01, 0.09, 0.48);
255.3204; (-0.01, 0.09, 0.48);
255.3204; (-0.01, 0.09, 0.48);
255.3313; (0.00, 0.09, 0.48);
255.3313; (0.00, 0.08, 0.48);
255.3400; (0.00, 0.09, 0.48);
255.3419; (0.00, 0.08, 0.48);
255.3419; (0.00, 0.08, 0.48);
255.3532; (0.00, 0.08, 0.48);
255.3532; (0.00, 0.08, 0.48);
255.3600; (0.00, 0.08, 0.48);
255.3642; (0.00, 0.08, 0.48);
255.3642; (0.00, 0.08, 0.48);
255.3754; (0.00, 0.08, 0.48);
255.3754; (0.00, 0.08, 0.48);
255.3800; (0.00, 0.08, 0.48);
255.3865; (0.00, 0.08, 0.48);
255.3865; (0.00, 0.08, 0.48);
255.3978; (0.00, 0.08, 0.48);
255.3978; (0.01, 0.07, 0.48);
255.4000; (0.01, 0.07, 0.48);
255.4086; (0.01, 0.07, 0.48);
255.4086; (0.01, 0.07, 0.48);
255.4200; (0.01, 0.07, 0.48);
255.4202; (0.01, 0.07, 0.49);
255.4202; (0.01, 0.07, 0.49);
255.4315; (0.01, 0.07, 0.49);
255.4315; (0.01, 0.07, 0.49);
255.4400; (0.01, 0.07, 0.49);
255.4421; (0.01, 0.07, 0.49);
255.4421; (0.01, 0.07, 0.49);
255.4532; (0.01, 0.06, 0.49);
255.4532; (0.02, 0.06, 0.49);
255.4600; (0.01, 0.06, 0.49);
255.4646; (0.02, 0.06, 0.49);
255.4646; (0.02, 0.06, 0.49);
255.4754; (0.02, 0.06, 0.49);
255.4754; (0.02, 0.06, 0.49);
255.4800; (0.02, 0.06, 0.49);
255.4868; (0.02, 0.06, 0.49);
255.4868; (0.02, 0.06, 0.49);
255.4982; (0.02, 0.06, 0.49);
255.4982; (0.02, 0.06, 0.49);
255.5000; (0.02, 0.06, 0.49);
255.5087; (0.02, 0.06, 0.50);
255.5087; (0.02, 0.06, 0.50);
255.5198; (0.02, 0.06, 0.50);
255.5198; (0.03, 0.06, 0.50);
255.5200; (0.03, 0.06, 0.50);
255.5308; (0.03, 0.06, 0.50);
255.5308; (0.03, 0.06, 0.50);
255.5400; (0.03, 0.06, 0.50);
255.5425; (0.03, 0.06, 0.50);
255.5425; (0.03, 0.06, 0.50);
255.5534; (0.03, 0.05, 0.50);
255.5534; (0.03, 0.05, 0.50);
255.5600; (0.03, 0.05, 0.50);
255.5647; (0.04, 0.05, 0.51);
255.5647; (0.04, 0.05, 0.51);
255.5760; (0.04, 0.05, 0.51);
255.5760; (0.04, 0.05, 0.51);
255.5800; (0.04, 0.05, 0.51);
255.5864; (0.04, 0.05, 0.51);
255.5864; (0.04, 0.05, 0.51);
255.5979; (0.04, 0.05, 0.51);
255.5979; (0.04, 0.05, 0.51);
255.6000; (0.04, 0.05, 0.51);
255.6090; (0.04, 0.05, 0.51);
255.6090; (0.05, 0.05, 0.51);
255.6198; (0.04, 0.05, 0.51);
255.6198; (0.05, 0.05, 0.51);
255.6200; (0.05, 0.05, 0.51);
255.6308; (0.05, 0.05, 0.51);
255.6308; (0.05, 0.05, 0.52);
255.6400; (0.05, 0.05, 0.52);
255.6423; (0.05, 0.05, 0.52);
255.6423; (0.05, 0.05, 0.52);
255.6540; (0.05, 0.05, 0.52);
255.6540; (0.05, 0.05, 0.52);
255.6600; (0.05, 0.05, 0.52);
255.6644; (0.05, 0.05, 0.52);
255.6644; (0.05, 0.05, 0.52);
255.6752; (0.05, 0.05, 0.52);
255.6752; (0.05, 0.05, 0.52);
255.6800; (0.05, 0.05, 0.52);
255.6865; (0.05, 0.05, 0.52);
255.6865; (0.05, 0.05, 0.52);
255.6975; (0.06, 0.05, 0.52);
255.6975; (0.06, 0.05, 0.52);
255.7000; (0.06, 0.05, 0.52);
255.7086; (0.06, 0.05, 0.52);
255.7086; (0.06, 0.05, 0.52);
255.7200; (0.06, 0.05, 0.52);
255.7201; (0.06, 0.05, 0.53);
255.7201; (0.06, 0.05, 0.53);
255.7308; (0.06, 0.05, 0.52);
255.7308; (0.06, 0.05, 0.53);
255.7400; (0.06, 0.05, 0.52);
255.7422; (0.06, 0.05, 0.53);
255.7422; (0.06, 0.05, 0.53);
255.7532; (0.06, 0.05, 0.53);
255.7532; (0.06, 0.05, 0.53);
255.7600; (0.06, 0.05, 0.53);
255.7647; (0.06, 0.05, 0.53);
255.7647; (0.06, 0.05, 0.53);
255.7755; (0.06, 0.05, 0.53);
255.7755; (0.06, 0.05, 0.53);
255.7800; (0.06, 0.05, 0.53);
255.7867; (0.06, 0.05, 0.53);
255.7867; (0.06, 0.05, 0.53);
255.7981; (0.06, 0.05, 0.53);
255.7981; (0.06, 0.06, 0.53);
255.8000; (0.06, 0.06, 0.53);
255.8088; (0.06, 0.06, 0.53);
255.8088; (0.06, 0.06, 0.53);
255.8197; (0.06, 0.06, 0.53);
255.8197; (0.07, 0.06, 0.53);
255.8200; (0.07, 0.06, 0.53);
255.8314; (0.07, 0.06, 0.53);
255.8314; (0.07, 0.06, 0.54);
255.8400; (0.07, 0.06, 0.54);
255.8425; (0.07, 0.06, 0.54);
255.8425; (0.07, 0.06, 0.54);
255.8534; (0.07, 0.06, 0.54);
255.8534; (0.07, 0.06, 0.54);
255.8600; (0.07, 0.06, 0.54);
255.8645; (0.07, 0.06, 0.54);
255.8645; (0.07, 0.06, 0.54);
255.8757; (0.07, 0.06, 0.54);
255.8757; (0.07, 0.06, 0.54);
255.8800; (0.07, 0.06, 0.54);
255.8868; (0.07, 0.06, 0.54);
255.8868; (0.07, 0.07, 0.54);
255.8978; (0.07, 0.07, 0.54);
255.8978; (0.07, 0.07, 0.54);
255.9000; (0.07, 0.07, 0.54);
255.9089; (0.07, 0.07, 0.54);
255.9089; (0.08, 0.07, 0.54);
255.9199; (0.08, 0.07, 0.54);
255.9199; (0.08, 0.07, 0.54);
255.9200; (0.08, 0.07, 0.54);
255.9310; (0.08, 0.07, 0.54);
255.9310; (0.08, 0.07, 0.54);
255.9400; (0.08, 0.07, 0.54);
255.9422; (0.08, 0.07, 0.54);
255.9422; (0.08, 0.07, 0.54);
255.9535; (0.08, 0.07, 0.54);
255.9535; (0.08, 0.07, 0.54);
255.9600; (0.08, 0.07, 0.54);
255.9641; (0.08, 0.08, 0.54);
255.9641; (0.08, 0.08, 0.54);
255.9752; (0.08, 0.08, 0.54);
255.9752; (0.08, 0.08, 0.54);
255.9800; (0.08, 0.08, 0.54);
255.9869; (0.08, 0.08, 0.54);
255.9869; (0.08, 0.08, 0.54);
255.9978; (0.08, 0.08, 0.54);
255.9978; (0.08, 0.08, 0.54);
256.0000; (0.08, 0.08, 0.54);
256.0088; (0.08, 0.08, 0.54);
256.0088; (0.08, 0.08, 0.54);
256.0200; (0.08, 0.08, 0.54);
256.0200; (0.09, 0.08, 0.54);
256.0200; (0.09, 0.08, 0.54);
256.0307; (0.09, 0.08, 0.54);
256.0307; (0.09, 0.08, 0.54);
256.0400; (0.09, 0.08, 0.54);
256.0419; (0.09, 0.08, 0.54);
256.0419; (0.09, 0.08, 0.54);
256.0535; (0.09, 0.08, 0.54);
256.0535; (0.09, 0.08, 0.54);
256.0600; (0.09, 0.08, 0.54);
256.0644; (0.09, 0.09, 0.54);
256.0644; (0.09, 0.09, 0.54);
256.0756; (0.09, 0.09, 0.54);
256.0756; (0.09, 0.09, 0.54);
256.0800; (0.09, 0.09, 0.54);
256.0866; (0.09, 0.09, 0.54);
256.0866; (0.09, 0.09, 0.54);
256.0975; (0.09, 0.09, 0.54);
256.0975; (0.09, 0.09, 0.54);
256.1000; (0.09, 0.09, 0.54);
256.1089; (0.09, 0.09, 0.54);
256.1089; (0.10, 0.09, 0.54);
256.1200; (0.10, 0.09, 0.54);
256.1200; (0.10, 0.09, 0.54);
256.1200; (0.10, 0.09, 0.54);
256.1308; (0.10, 0.09, 0.54);
256.1308; (0.10, 0.09, 0.53);
256.1400; (0.10, 0.09, 0.53);
256.1421; (0.10, 0.09, 0.53);
256.1421; (0.10, 0.09, 0.53);
256.1532; (0.10, 0.09, 0.53);
256.1532; (0.10, 0.10, 0.53);
256.1600; (0.10, 0.10, 0.53);
256.1643; (0.10, 0.10, 0.53);
256.1643; (0.10, 0.10, 0.53);
256.1754; (0.10, 0.10, 0.53);
256.1754; (0.10, 0.10, 0.53);
256.1800; (0.10, 0.10, 0.53);
256.1867; (0.10, 0.10, 0.53);
256.1867; (0.10, 0.10, 0.52);
256.1974; (0.10, 0.10, 0.53);
256.1974; (0.10, 0.10, 0.52);
256.2000; (0.10, 0.10, 0.52);
256.2090; (0.10, 0.10, 0.53);
256.2090; (0.10, 0.10, 0.52);
256.2200; (0.10, 0.10, 0.53);
256.2201; (0.10, 0.10, 0.52);
256.2201; (0.10, 0.10, 0.52);
256.2312; (0.10, 0.10, 0.53);
256.2312; (0.10, 0.10, 0.52);
256.2400; (0.10, 0.10, 0.53);
256.2423; (0.10, 0.10, 0.52);
256.2423; (0.10, 0.10, 0.52);
256.2532; (0.10, 0.10, 0.52);
256.2532; (0.10, 0.10, 0.52);
256.2600; (0.10, 0.10, 0.52);
256.2646; (0.10, 0.10, 0.52);
256.2646; (0.10, 0.10, 0.52);
256.2753; (0.10, 0.10, 0.52);
256.2753; (0.10, 0.10, 0.52);
256.2800; (0.10, 0.10, 0.52);
256.2866; (0.10, 0.10, 0.52);
256.2866; (0.10, 0.10, 0.52);
256.2976; (0.10, 0.11, 0.52);
256.2976; (0.10, 0.11, 0.52);
256.3000; (0.10, 0.11, 0.52);
256.3087; (0.10, 0.11, 0.52);
256.3087; (0.10, 0.11, 0.52);
256.3199; (0.10, 0.11, 0.52);
256.3199; (0.10, 0.11, 0.52);
256.3200; (0.10, 0.11, 0.52);
256.3311; (0.10, 0.11, 0.52);
256.3311; (0.10, 0.11, 0.52);
256.3400; (0.10, 0.11, 0.52);
256.3424; (0.10, 0.11, 0.52);
256.3424; (0.10, 0.11, 0.52);
256.3531; (0.10, 0.12, 0.51);
256.3531; (0.10, 0.12, 0.51);
256.3600; (0.10, 0.12, 0.51);
256.3643; (0.10, 0.12, 0.51);
256.3643; (0.10, 0.12, 0.51);
256.3753; (0.09, 0.12, 0.51);
256.3753; (0.09, 0.12, 0.51);
256.3800; (0.09, 0.12, 0.51);
256.3866; (0.09, 0.13, 0.51);
256.3866; (0.09, 0.13, 0.51);
256.3981; (0.09, 0.13, 0.51);
256.3981; (0.09, 0.13, 0.50);
256.4000; (0.09, 0.13, 0.50);
256.4091; (0.09, 0.13, 0.51);
256.4091; (0.09, 0.13, 0.50);
256.4200; (0.09, 0.13, 0.50);
256.4202; (0.09, 0.13, 0.50);
256.4202; (0.09, 0.13, 0.50);
256.4309; (0.09, 0.13, 0.50);
