Experiment: 1
Latency: 750
Source: (0.24, 1.00, 0.50)
SourceSize: 0.0750
Target: (0.76, 0.00, 0.50)
TargetSize: 0.0750

Trace:
time; position; button;
234.3088; (0.23, 1.02, 0.49);
234.3088; (0.23, 1.02, 0.49);
234.3200; (0.23, 1.02, 0.49);
234.3203; (0.23, 1.02, 0.49);
234.3203; (0.23, 1.02, 0.49);
234.3312; (0.23, 1.02, 0.49);
234.3312; (0.23, 1.02, 0.49);
234.3400; (0.23, 1.02, 0.49);
234.3424; (0.23, 1.02, 0.49);
234.3424; (0.23, 1.02, 0.49);
234.3530; (0.23, 1.02, 0.49);
234.3530; (0.22, 1.02, 0.49);
234.3600; (0.22, 1.02, 0.49);
234.3647; (0.22, 1.02, 0.49);
234.3647; (0.22, 1.02, 0.49);
234.3762; (0.22, 1.02, 0.49);
234.3762; (0.22, 1.02, 0.49);
234.3800; (0.22, 1.02, 0.49);
234.3874; (0.22, 1.02, 0.49);
234.3874; (0.22, 1.02, 0.49);
234.3978; (0.22, 1.02, 0.49);
234.3978; (0.22, 1.02, 0.49);
234.4000; (0.22, 1.02, 0.49);
234.4095; (0.22, 1.02, 0.49);
234.4095; (0.22, 1.02, 0.49);
234.4200; (0.22, 1.02, 0.49);
234.4202; (0.22, 1.02, 0.49);
234.4202; (0.22, 1.02, 0.49);
234.4313; (0.22, 1.02, 0.49);
234.4313; (0.22, 1.02, 0.49);
234.4400; (0.22, 1.02, 0.49);
234.4424; (0.22, 1.02, 0.49);
234.4424; (0.22, 1.02, 0.49);
234.4534; (0.22, 1.03, 0.49);
234.4534; (0.22, 1.03, 0.49);
234.4600; (0.22, 1.03, 0.49);
234.4644; (0.22, 1.03, 0.49);
234.4644; (0.22, 1.03, 0.49);
234.4756; (0.22, 1.03, 0.49);
234.4756; (0.22, 1.03, 0.49);
234.4800; (0.22, 1.03, 0.49);
234.4870; (0.22, 1.03, 0.49);
234.4870; (0.22, 1.03, 0.49);
234.4979; (0.22, 1.03, 0.49);
234.4979; (0.22, 1.03, 0.49);
234.5000; (0.22, 1.03, 0.49);
234.5092; (0.22, 1.03, 0.49);
234.5092; (0.22, 1.03, 0.50);
234.5200; (0.22, 1.03, 0.50);
234.5203; (0.22, 1.03, 0.50);
234.5203; (0.22, 1.03, 0.50);
234.5313; (0.22, 1.03, 0.50);
234.5313; (0.22, 1.03, 0.50);
234.5400; (0.22, 1.03, 0.50);
234.5425; (0.22, 1.03, 0.50);
234.5425; (0.22, 1.03, 0.50);
234.5534; (0.22, 1.03, 0.50);
234.5534; (0.22, 1.03, 0.50);
234.5600; (0.22, 1.03, 0.50);
234.5645; (0.22, 1.03, 0.50);
234.5645; (0.22, 1.03, 0.50);
234.5756; (0.22, 1.03, 0.50);
234.5756; (0.22, 1.03, 0.50);
234.5800; (0.22, 1.03, 0.50);
234.5866; (0.22, 1.03, 0.50);
234.5866; (0.22, 1.03, 0.50);
234.5976; (0.22, 1.03, 0.50);
234.5976; (0.22, 1.03, 0.50);
234.6000; (0.22, 1.03, 0.50);
234.6088; (0.22, 1.03, 0.50);
234.6088; (0.22, 1.03, 0.51);
234.6199; (0.22, 1.03, 0.51);
234.6199; (0.22, 1.03, 0.51);
234.6200; (0.22, 1.03, 0.51);
234.6312; (0.22, 1.03, 0.51);
234.6312; (0.22, 1.03, 0.51);
234.6400; (0.22, 1.03, 0.51);
234.6424; (0.22, 1.03, 0.51);
234.6424; (0.22, 1.03, 0.51);
234.6533; (0.22, 1.03, 0.51);
234.6533; (0.22, 1.03, 0.51);
234.6600; (0.22, 1.03, 0.51);
234.6644; (0.22, 1.04, 0.51);
234.6644; (0.22, 1.04, 0.51);
234.6754; (0.22, 1.03, 0.51);
234.6754; (0.22, 1.04, 0.51);
234.6800; (0.22, 1.04, 0.51);
234.6865; (0.22, 1.04, 0.51);
234.6865; (0.22, 1.04, 0.51);
234.6975; (0.22, 1.04, 0.51);
234.6975; (0.23, 1.04, 0.51);
234.7000; (0.23, 1.04, 0.51);
234.7087; (0.23, 1.04, 0.51);
234.7087; (0.23, 1.04, 0.51);
234.7197; (0.23, 1.04, 0.51);
234.7197; (0.23, 1.04, 0.51);
234.7200; (0.23, 1.04, 0.51);
234.7313; (0.23, 1.04, 0.51);
234.7313; (0.23, 1.04, 0.51);
234.7400; (0.23, 1.04, 0.51);
234.7424; (0.23, 1.04, 0.51);
234.7424; (0.23, 1.04, 0.51);
234.7529; (0.23, 1.04, 0.51);
234.7529; (0.23, 1.04, 0.51);
234.7600; (0.23, 1.04, 0.51);
234.7646; (0.23, 1.04, 0.51);
234.7646; (0.23, 1.04, 0.51);
234.7757; (0.23, 1.04, 0.51);
234.7757; (0.23, 1.04, 0.51);
234.7800; (0.24, 1.04, 0.51);
234.7866; (0.24, 1.05, 0.51);
234.7866; (0.24, 1.05, 0.51);
234.7978; (0.24, 1.05, 0.51);
234.7978; (0.24, 1.05, 0.51);
234.8000; (0.24, 1.05, 0.51);
234.8089; (0.24, 1.05, 0.51);
234.8089; (0.24, 1.05, 0.51);
234.8197; (0.24, 1.05, 0.51);
234.8197; (0.24, 1.05, 0.51);
234.8200; (0.24, 1.05, 0.51);
234.8308; (0.24, 1.05, 0.51);
234.8308; (0.24, 1.05, 0.51);
234.8400; (0.24, 1.05, 0.51);
234.8420; (0.24, 1.05, 0.51);
234.8420; (0.24, 1.05, 0.51);
234.8534; (0.24, 1.05, 0.51);
234.8534; (0.24, 1.05, 0.51);
234.8600; (0.24, 1.05, 0.51);
234.8642; (0.24, 1.05, 0.51);
234.8642; (0.24, 1.05, 0.51);
234.8758; (0.24, 1.05, 0.51);
234.8758; (0.24, 1.05, 0.51);
234.8800; (0.24, 1.05, 0.51);
234.8868; (0.24, 1.05, 0.51);
234.8868; (0.25, 1.05, 0.51);
234.8977; (0.25, 1.05, 0.51);
234.8977; (0.25, 1.05, 0.51);
234.9000; (0.25, 1.05, 0.51);
234.9089; (0.25, 1.05, 0.52);
234.9089; (0.25, 1.05, 0.52);
234.9200; (0.24, 1.05, 0.52);
234.9202; (0.24, 1.05, 0.52);
234.9202; (0.24, 1.05, 0.52);
234.9314; (0.24, 1.05, 0.52);
234.9314; (0.24, 1.05, 0.52);
234.9400; (0.25, 1.05, 0.52);
234.9423; (0.25, 1.05, 0.52);
234.9423; (0.25, 1.05, 0.52);
234.9534; (0.25, 1.05, 0.52);
234.9534; (0.25, 1.05, 0.52);
234.9600; (0.25, 1.05, 0.52);
234.9642; (0.25, 1.05, 0.52);
234.9642; (0.25, 1.05, 0.52);
234.9757; (0.25, 1.05, 0.52);
234.9757; (0.25, 1.05, 0.52);
234.9800; (0.25, 1.05, 0.51);
234.9866; (0.25, 1.05, 0.51);
234.9866; (0.25, 1.05, 0.51);
234.9976; (0.25, 1.05, 0.51);
234.9976; (0.25, 1.05, 0.51);
235.0000; (0.25, 1.05, 0.51);
235.0089; (0.25, 1.05, 0.51);
235.0089; (0.25, 1.05, 0.51);
235.0200; (0.25, 1.05, 0.51);
235.0201; (0.25, 1.05, 0.51);
235.0201; (0.25, 1.05, 0.51);
235.0311; (0.25, 1.05, 0.51);
235.0311; (0.25, 1.05, 0.51);
235.0400; (0.25, 1.05, 0.51);
235.0419; (0.25, 1.05, 0.51);
235.0419; (0.25, 1.05, 0.51);
235.0533; (0.25, 1.04, 0.51);
235.0533; (0.25, 1.04, 0.51);
235.0600; (0.25, 1.04, 0.51);
235.0641; (0.25, 1.04, 0.50);
235.0641; (0.25, 1.04, 0.50);
235.0752; (0.25, 1.04, 0.50);
235.0752; (0.25, 1.04, 0.50);
235.0800; (0.25, 1.04, 0.50);
235.0865; (0.25, 1.04, 0.50);
235.0865; (0.25, 1.04, 0.50);
235.0976; (0.25, 1.04, 0.50);
235.0976; (0.25, 1.04, 0.50);
235.1000; (0.25, 1.04, 0.50);
235.1087; (0.25, 1.04, 0.50);
235.1087; (0.25, 1.04, 0.50);
235.1197; (0.25, 1.04, 0.50);
235.1197; (0.25, 1.04, 0.50);
235.1200; (0.25, 1.04, 0.50);
235.1311; (0.25, 1.04, 0.50);
235.1311; (0.25, 1.04, 0.50);
235.1400; (0.25, 1.04, 0.50);
235.1418; (0.25, 1.04, 0.49);
235.1418; (0.25, 1.04, 0.49);
235.1536; (0.25, 1.04, 0.49);
235.1536; (0.25, 1.04, 0.49);
235.1600; (0.25, 1.04, 0.49);
235.1641; (0.25, 1.04, 0.49);
235.1641; (0.25, 1.04, 0.49);
235.1751; (0.25, 1.04, 0.49);
235.1751; (0.25, 1.04, 0.49);
235.1800; (0.25, 1.04, 0.49);
235.1864; (0.25, 1.04, 0.49);
235.1864; (0.25, 1.04, 0.49);
235.1974; (0.25, 1.04, 0.49);
235.1974; (0.25, 1.04, 0.49);
235.2000; (0.25, 1.04, 0.49);
235.2087; (0.25, 1.04, 0.49);
235.2087; (0.25, 1.04, 0.49);
235.2196; (0.25, 1.04, 0.49);
235.2196; (0.26, 1.04, 0.49);
235.2200; (0.26, 1.04, 0.49);
235.2313; (0.26, 1.04, 0.49);
235.2313; (0.26, 1.04, 0.49);
235.2400; (0.26, 1.03, 0.49);
235.2419; (0.26, 1.03, 0.49);
235.2419; (0.26, 1.03, 0.49);
235.2529; (0.26, 1.03, 0.49);
235.2529; (0.26, 1.03, 0.49);
235.2600; (0.26, 1.02, 0.49);
235.2645; (0.27, 1.02, 0.49);
235.2645; (0.27, 1.02, 0.49);
235.2752; (0.27, 1.02, 0.49);
235.2752; (0.27, 1.02, 0.49);
235.2800; (0.27, 1.02, 0.49);
235.2869; (0.27, 1.01, 0.49);
235.2869; (0.28, 1.01, 0.49);
235.2973; (0.28, 1.01, 0.49);
235.2973; (0.28, 1.00, 0.49);
235.3000; (0.28, 1.00, 0.49);
235.3092; (0.28, 1.00, 0.49);
235.3092; (0.29, 0.99, 0.49);
235.3200; (0.29, 0.99, 0.49);
235.3201; (0.30, 0.98, 0.49);
235.3201; (0.30, 0.98, 0.49);
235.3311; (0.30, 0.98, 0.49);
235.3311; (0.31, 0.97, 0.49);
235.3400; (0.31, 0.97, 0.49);
235.3422; (0.31, 0.96, 0.49);
235.3422; (0.31, 0.96, 0.49);
235.3532; (0.31, 0.96, 0.50);
235.3532; (0.32, 0.95, 0.50);
235.3600; (0.32, 0.95, 0.49);
235.3645; (0.33, 0.94, 0.49);
235.3645; (0.33, 0.94, 0.49);
235.3753; (0.33, 0.94, 0.50);
235.3753; (0.34, 0.93, 0.50);
235.3800; (0.34, 0.92, 0.50);
235.3863; (0.34, 0.91, 0.50);
235.3863; (0.34, 0.91, 0.50);
235.3978; (0.34, 0.91, 0.50);
235.3978; (0.35, 0.90, 0.49);
235.4000; (0.35, 0.90, 0.49);
235.4089; (0.35, 0.90, 0.50);
235.4089; (0.36, 0.88, 0.50);
235.4198; (0.36, 0.88, 0.50);
235.4198; (0.36, 0.86, 0.50);
235.4200; (0.36, 0.86, 0.50);
235.4312; (0.37, 0.86, 0.50);
235.4312; (0.37, 0.85, 0.50);
235.4400; (0.37, 0.85, 0.50);
235.4421; (0.38, 0.83, 0.50);
235.4421; (0.38, 0.83, 0.50);
235.4535; (0.38, 0.83, 0.50);
235.4535; (0.39, 0.81, 0.50);
235.4600; (0.39, 0.81, 0.50);
235.4645; (0.40, 0.80, 0.51);
235.4645; (0.40, 0.80, 0.51);
235.4757; (0.40, 0.80, 0.51);
235.4757; (0.41, 0.78, 0.51);
235.4800; (0.41, 0.78, 0.51);
235.4866; (0.42, 0.77, 0.51);
235.4866; (0.42, 0.77, 0.51);
235.4977; (0.42, 0.77, 0.51);
235.4977; (0.43, 0.75, 0.51);
235.5000; (0.43, 0.75, 0.51);
235.5092; (0.43, 0.75, 0.51);
235.5092; (0.44, 0.74, 0.51);
235.5200; (0.44, 0.74, 0.51);
235.5206; (0.45, 0.72, 0.51);
235.5206; (0.45, 0.72, 0.51);
235.5314; (0.45, 0.72, 0.51);
235.5314; (0.46, 0.70, 0.51);
235.5400; (0.46, 0.70, 0.51);
235.5419; (0.47, 0.69, 0.51);
235.5419; (0.47, 0.69, 0.51);
235.5536; (0.47, 0.69, 0.51);
235.5536; (0.48, 0.67, 0.51);
235.5600; (0.48, 0.67, 0.51);
235.5647; (0.49, 0.66, 0.51);
235.5647; (0.49, 0.66, 0.51);
235.5757; (0.49, 0.66, 0.51);
235.5757; (0.50, 0.64, 0.51);
235.5800; (0.50, 0.64, 0.51);
235.5868; (0.51, 0.63, 0.51);
235.5868; (0.51, 0.63, 0.51);
235.5982; (0.50, 0.63, 0.51);
235.5982; (0.51, 0.61, 0.51);
235.6000; (0.51, 0.61, 0.51);
235.6091; (0.51, 0.61, 0.52);
235.6091; (0.52, 0.60, 0.51);
235.6200; (0.52, 0.60, 0.52);
235.6201; (0.53, 0.58, 0.51);
235.6201; (0.53, 0.58, 0.51);
235.6312; (0.53, 0.58, 0.52);
235.6312; (0.54, 0.57, 0.52);
235.6400; (0.54, 0.57, 0.52);
235.6419; (0.54, 0.56, 0.52);
235.6419; (0.54, 0.56, 0.52);
235.6531; (0.54, 0.56, 0.52);
235.6531; (0.55, 0.54, 0.52);
235.6600; (0.55, 0.54, 0.52);
235.6641; (0.56, 0.53, 0.52);
235.6641; (0.56, 0.53, 0.52);
235.6755; (0.56, 0.53, 0.52);
235.6755; (0.56, 0.53, 0.52);
235.6800; (0.56, 0.53, 0.52);
235.6865; (0.56, 0.53, 0.52);
235.6865; (0.57, 0.51, 0.51);
235.6976; (0.57, 0.51, 0.52);
235.6976; (0.58, 0.50, 0.51);
235.7000; (0.58, 0.50, 0.51);
235.7090; (0.58, 0.50, 0.51);
235.7090; (0.58, 0.49, 0.51);
235.7197; (0.58, 0.49, 0.51);
235.7197; (0.59, 0.48, 0.51);
235.7200; (0.59, 0.48, 0.51);
235.7308; (0.59, 0.48, 0.51);
235.7308; (0.59, 0.47, 0.51);
235.7400; (0.59, 0.47, 0.51);
235.7422; (0.60, 0.45, 0.51);
235.7422; (0.60, 0.45, 0.51);
235.7536; (0.60, 0.46, 0.51);
235.7536; (0.60, 0.44, 0.51);
235.7600; (0.60, 0.45, 0.51);
235.7642; (0.61, 0.44, 0.51);
235.7642; (0.61, 0.44, 0.51);
235.7754; (0.61, 0.44, 0.51);
235.7754; (0.61, 0.43, 0.51);
235.7800; (0.61, 0.43, 0.51);
235.7869; (0.61, 0.43, 0.51);
235.7869; (0.62, 0.42, 0.51);
235.7979; (0.62, 0.42, 0.51);
235.7979; (0.63, 0.41, 0.51);
235.8000; (0.63, 0.41, 0.51);
235.8089; (0.63, 0.41, 0.51);
235.8089; (0.63, 0.40, 0.51);
235.8196; (0.63, 0.40, 0.51);
235.8196; (0.64, 0.39, 0.51);
235.8200; (0.64, 0.39, 0.51);
235.8312; (0.64, 0.39, 0.51);
235.8312; (0.64, 0.39, 0.50);
235.8400; (0.64, 0.39, 0.50);
235.8424; (0.65, 0.38, 0.50);
235.8424; (0.65, 0.38, 0.50);
235.8530; (0.65, 0.38, 0.50);
235.8530; (0.65, 0.37, 0.50);
235.8600; (0.65, 0.37, 0.50);
235.8646; (0.66, 0.36, 0.50);
235.8646; (0.66, 0.36, 0.50);
235.8759; (0.66, 0.37, 0.50);
235.8759; (0.67, 0.36, 0.50);
235.8800; (0.67, 0.36, 0.50);
235.8867; (0.67, 0.35, 0.50);
235.8867; (0.67, 0.35, 0.50);
235.8978; (0.67, 0.35, 0.50);
235.8978; (0.68, 0.34, 0.50);
235.9000; (0.68, 0.34, 0.50);
235.9089; (0.68, 0.34, 0.50);
235.9089; (0.68, 0.34, 0.50);
235.9199; (0.68, 0.34, 0.50);
235.9199; (0.69, 0.33, 0.50);
235.9200; (0.69, 0.33, 0.50);
235.9310; (0.69, 0.33, 0.50);
235.9310; (0.69, 0.32, 0.50);
235.9400; (0.69, 0.32, 0.50);
235.9422; (0.70, 0.31, 0.49);
235.9422; (0.70, 0.31, 0.49);
235.9532; (0.70, 0.31, 0.49);
235.9532; (0.70, 0.31, 0.49);
235.9600; (0.70, 0.31, 0.49);
235.9643; (0.71, 0.30, 0.49);
235.9643; (0.71, 0.30, 0.49);
235.9755; (0.71, 0.30, 0.49);
235.9755; (0.71, 0.30, 0.49);
235.9800; (0.71, 0.30, 0.49);
235.9867; (0.72, 0.29, 0.49);
235.9867; (0.72, 0.29, 0.49);
235.9976; (0.72, 0.29, 0.49);
235.9976; (0.72, 0.28, 0.49);
236.0000; (0.72, 0.28, 0.49);
236.0086; (0.72, 0.28, 0.49);
236.0086; (0.73, 0.28, 0.49);
236.0199; (0.72, 0.28, 0.49);
236.0199; (0.73, 0.27, 0.48);
236.0200; (0.73, 0.27, 0.48);
236.0312; (0.73, 0.27, 0.48);
236.0312; (0.73, 0.27, 0.48);
236.0400; (0.73, 0.27, 0.48);
236.0421; (0.73, 0.26, 0.48);
236.0421; (0.73, 0.26, 0.48);
236.0531; (0.73, 0.26, 0.48);
236.0531; (0.74, 0.25, 0.48);
236.0600; (0.74, 0.25, 0.48);
236.0646; (0.74, 0.25, 0.48);
236.0646; (0.74, 0.25, 0.48);
236.0756; (0.74, 0.25, 0.48);
236.0756; (0.74, 0.24, 0.48);
236.0800; (0.74, 0.24, 0.48);
236.0864; (0.74, 0.24, 0.48);
236.0864; (0.74, 0.24, 0.48);
236.0974; (0.74, 0.24, 0.47);
236.0974; (0.74, 0.24, 0.47);
236.1000; (0.74, 0.24, 0.47);
236.1086; (0.74, 0.24, 0.47);
236.1086; (0.74, 0.23, 0.47);
236.1197; (0.74, 0.23, 0.47);
236.1197; (0.75, 0.23, 0.47);
236.1200; (0.75, 0.23, 0.47);
236.1308; (0.75, 0.23, 0.47);
236.1308; (0.75, 0.23, 0.47);
236.1400; (0.75, 0.23, 0.47);
236.1419; (0.75, 0.22, 0.47);
236.1419; (0.75, 0.22, 0.47);
236.1534; (0.75, 0.22, 0.47);
236.1534; (0.75, 0.22, 0.46);
236.1600; (0.75, 0.22, 0.47);
236.1641; (0.75, 0.21, 0.46);
236.1641; (0.75, 0.21, 0.46);
236.1757; (0.75, 0.21, 0.47);
236.1757; (0.76, 0.21, 0.46);
236.1800; (0.76, 0.21, 0.46);
236.1868; (0.76, 0.20, 0.46);
236.1868; (0.76, 0.20, 0.46);
236.1974; (0.76, 0.20, 0.46);
236.1974; (0.76, 0.20, 0.46);
236.2000; (0.76, 0.20, 0.46);
236.2089; (0.76, 0.20, 0.46);
236.2089; (0.76, 0.20, 0.46);
236.2197; (0.76, 0.20, 0.46);
236.2197; (0.76, 0.19, 0.46);
236.2200; (0.76, 0.19, 0.46);
236.2309; (0.76, 0.19, 0.46);
236.2309; (0.77, 0.19, 0.46);
236.2400; (0.77, 0.19, 0.46);
236.2425; (0.77, 0.18, 0.46);
236.2425; (0.77, 0.18, 0.46);
236.2532; (0.77, 0.18, 0.46);
236.2532; (0.77, 0.18, 0.46);
236.2600; (0.77, 0.18, 0.46);
236.2647; (0.77, 0.18, 0.46);
236.2647; (0.77, 0.18, 0.46);
236.2757; (0.77, 0.18, 0.46);
236.2757; (0.77, 0.17, 0.46);
236.2800; (0.77, 0.17, 0.46);
236.2867; (0.77, 0.17, 0.46);
236.2867; (0.77, 0.17, 0.46);
236.2978; (0.77, 0.17, 0.46);
236.2978; (0.77, 0.17, 0.46);
236.3000; (0.77, 0.17, 0.46);
236.3089; (0.77, 0.17, 0.46);
236.3089; (0.77, 0.16, 0.46);
236.3200; (0.77, 0.16, 0.46);
236.3200; (0.77, 0.16, 0.46);
236.3200; (0.77, 0.16, 0.46);
236.3311; (0.77, 0.16, 0.46);
236.3311; (0.77, 0.16, 0.46);
236.3400; (0.77, 0.16, 0.46);
236.3422; (0.77, 0.16, 0.46);
236.3422; (0.77, 0.16, 0.46);
236.3530; (0.77, 0.16, 0.46);
236.3530; (0.78, 0.15, 0.45);
236.3600; (0.78, 0.15, 0.46);
236.3646; (0.78, 0.15, 0.45);
236.3646; (0.78, 0.15, 0.45);
236.3753; (0.78, 0.15, 0.45);
236.3753; (0.78, 0.14, 0.45);
236.3800; (0.78, 0.14, 0.45);
236.3869; (0.78, 0.14, 0.45);
236.3869; (0.78, 0.14, 0.45);
236.3976; (0.78, 0.14, 0.45);
236.3976; (0.78, 0.13, 0.45);
236.4000; (0.78, 0.13, 0.45);
236.4089; (0.78, 0.14, 0.45);
236.4089; (0.78, 0.14, 0.45);
236.4200; (0.78, 0.14, 0.45);
236.4201; (0.78, 0.13, 0.44);
236.4201; (0.78, 0.13, 0.44);
236.4311; (0.78, 0.14, 0.44);
236.4311; (0.78, 0.13, 0.44);
236.4400; (0.78, 0.13, 0.44);
236.4419; (0.78, 0.13, 0.44);
236.4419; (0.78, 0.13, 0.44);
236.4535; (0.78, 0.13, 0.44);
236.4535; (0.78, 0.13, 0.44);
236.4600; (0.78, 0.13, 0.44);
236.4644; (0.78, 0.13, 0.44);
236.4644; (0.78, 0.13, 0.44);
236.4754; (0.78, 0.13, 0.44);
236.4754; (0.78, 0.12, 0.44);
236.4800; (0.78, 0.12, 0.44);
236.4865; (0.78, 0.12, 0.44);
236.4865; (0.78, 0.12, 0.44);
236.4975; (0.78, 0.12, 0.44);
236.4975; (0.78, 0.12, 0.43);
236.5000; (0.78, 0.12, 0.43);
236.5087; (0.78, 0.12, 0.43);
236.5087; (0.78, 0.12, 0.43);
236.5196; (0.78, 0.12, 0.43);
236.5196; (0.78, 0.11, 0.43);
236.5200; (0.78, 0.11, 0.43);
236.5314; (0.78, 0.11, 0.43);
236.5314; (0.78, 0.11, 0.43);
236.5400; (0.78, 0.11, 0.43);
236.5424; (0.78, 0.11, 0.43);
236.5424; (0.78, 0.11, 0.43);
236.5531; (0.78, 0.11, 0.43);
236.5531; (0.78, 0.11, 0.43);
236.5600; (0.78, 0.11, 0.43);
236.5641; (0.78, 0.10, 0.42);
236.5641; (0.78, 0.10, 0.42);
236.5757; (0.78, 0.10, 0.42);
236.5757; (0.78, 0.10, 0.42);
236.5800; (0.78, 0.10, 0.42);
236.5868; (0.78, 0.10, 0.42);
236.5868; (0.78, 0.10, 0.42);
236.5981; (0.78, 0.10, 0.42);
236.5981; (0.78, 0.09, 0.42);
236.6000; (0.78, 0.09, 0.42);
236.6092; (0.78, 0.09, 0.42);
236.6092; (0.78, 0.09, 0.42);
236.6200; (0.78, 0.09, 0.42);
236.6202; (0.78, 0.09, 0.42);
236.6202; (0.78, 0.09, 0.42);
236.6322; (0.78, 0.09, 0.42);
236.6322; (0.78, 0.09, 0.42);
236.6400; (0.78, 0.09, 0.42);
236.6423; (0.78, 0.08, 0.42);
236.6423; (0.78, 0.08, 0.42);
236.6533; (0.78, 0.08, 0.42);
236.6533; (0.78, 0.08, 0.42);
236.6600; (0.78, 0.08, 0.42);
236.6647; (0.78, 0.08, 0.42);
236.6647; (0.78, 0.08, 0.42);
236.6758; (0.78, 0.08, 0.42);
236.6758; (0.78, 0.08, 0.42);
236.6800; (0.78, 0.08, 0.42);
236.6868; (0.78, 0.08, 0.42);
236.6868; (0.78, 0.08, 0.42);
236.6979; (0.78, 0.08, 0.42);
236.6979; (0.78, 0.07, 0.42);
236.7000; (0.78, 0.07, 0.42);
236.7090; (0.78, 0.08, 0.41);
236.7090; (0.78, 0.08, 0.41);
236.7200; (0.78, 0.08, 0.41);
236.7201; (0.78, 0.08, 0.41);
236.7201; (0.78, 0.08, 0.41);
236.7309; (0.78, 0.08, 0.41);
236.7309; (0.78, 0.08, 0.41);
236.7400; (0.78, 0.08, 0.41);
236.7424; (0.78, 0.08, 0.41);
236.7424; (0.78, 0.08, 0.41);
236.7535; (0.78, 0.08, 0.41);
236.7535; (0.78, 0.08, 0.41);
236.7600; (0.78, 0.07, 0.41);
236.7642; (0.78, 0.07, 0.41);
236.7642; (0.78, 0.07, 0.41);
236.7755; (0.78, 0.07, 0.41);
236.7755; (0.78, 0.07, 0.41);
236.7800; (0.78, 0.07, 0.41);
236.7866; (0.78, 0.07, 0.41);
236.7866; (0.78, 0.07, 0.41);
236.7979; (0.78, 0.07, 0.41);
236.7979; (0.78, 0.07, 0.41);
236.8000; (0.78, 0.07, 0.41);
236.8087; (0.78, 0.07, 0.41);
236.8087; (0.79, 0.06, 0.41);
236.8200; (0.78, 0.06, 0.41);
236.8201; (0.79, 0.06, 0.41);
236.8201; (0.79, 0.06, 0.41);
236.8313; (0.78, 0.06, 0.41);
236.8313; (0.78, 0.06, 0.41);
236.8400; (0.78, 0.06, 0.41);
236.8425; (0.78, 0.06, 0.41);
236.8425; (0.78, 0.06, 0.41);
236.8532; (0.78, 0.05, 0.41);
236.8532; (0.78, 0.05, 0.41);
236.8600; (0.78, 0.05, 0.41);
236.8645; (0.78, 0.05, 0.41);
236.8645; (0.78, 0.05, 0.41);
236.8753; (0.78, 0.05, 0.41);
236.8753; (0.78, 0.05, 0.41);
236.8800; (0.78, 0.05, 0.41);
236.8867; (0.78, 0.04, 0.41);
236.8867; (0.78, 0.04, 0.41);
236.8978; (0.78, 0.04, 0.41);
236.8978; (0.78, 0.04, 0.41);
236.9000; (0.78, 0.04, 0.41);
236.9089; (0.78, 0.04, 0.41);
236.9089; (0.78, 0.04, 0.41);
236.9200; (0.78, 0.04, 0.41);
236.9200; (0.78, 0.03, 0.41);
236.9200; (0.78, 0.03, 0.41);
236.9312; (0.78, 0.03, 0.41);
236.9312; (0.77, 0.03, 0.41);
236.9400; (0.77, 0.03, 0.41);
236.9419; (0.77, 0.03, 0.41);
236.9419; (0.77, 0.03, 0.41);
236.9534; (0.77, 0.03, 0.41);
236.9534; (0.77, 0.02, 0.40);
236.9600; (0.77, 0.02, 0.40);
236.9645; (0.77, 0.02, 0.40);
236.9645; (0.77, 0.02, 0.40);
236.9758; (0.77, 0.02, 0.40);
236.9758; (0.76, 0.02, 0.40);
236.9800; (0.76, 0.02, 0.40);
236.9864; (0.76, 0.02, 0.40);
236.9864; (0.76, 0.02, 0.40);
236.9976; (0.76, 0.02, 0.40);
236.9976; (0.76, 0.02, 0.40);
237.0000; (0.76, 0.02, 0.40);
237.0091; (0.76, 0.01, 0.40);
237.0091; (0.76, 0.01, 0.40);
237.0200; (0.76, 0.01, 0.40);
237.0200; (0.76, 0.01, 0.40);
237.0200; (0.76, 0.01, 0.40);
237.0312; (0.76, 0.01, 0.40);
237.0312; (0.76, 0.01, 0.40);
237.0400; (0.76, 0.01, 0.40);
237.0422; (0.76, 0.01, 0.40);
237.0422; (0.76, 0.01, 0.40);
237.0533; (0.76, 0.01, 0.40);
237.0533; (0.76, 0.00, 0.40);
237.0600; (0.76, 0.00, 0.40);
237.0641; (0.76, 0.00, 0.40);
237.0641; (0.76, 0.00, 0.40);
237.0757; (0.75, 0.01, 0.40);
237.0757; (0.75, 0.01, 0.40);
237.0800; (0.75, 0.01, 0.40);
237.0864; (0.75, 0.01, 0.40);
237.0864; (0.75, 0.01, 0.40);
237.0979; (0.75, 0.01, 0.40);
237.0979; (0.75, 0.01, 0.40);
237.1000; (0.75, 0.01, 0.40);
237.1089; (0.75, 0.01, 0.40);
237.1089; (0.75, 0.00, 0.40);
237.1197; (0.75, 0.00, 0.40);
237.1197; (0.75, 0.00, 0.40);
237.1200; (0.75, 0.00, 0.40);
237.1310; (0.75, 0.00, 0.40);
237.1310; (0.75, 0.00, 0.40);
237.1400; (0.75, 0.00, 0.40);
237.1419; (0.75, 0.00, 0.40);
237.1419; (0.75, 0.00, 0.40);
237.1531; (0.74, 0.00, 0.40);
237.1531; (0.74, 0.00, 0.40);
237.1600; (0.74, 0.00, 0.40);
237.1642; (0.74, 0.00, 0.40);
237.1642; (0.74, 0.00, 0.40);
237.1752; (0.74, 0.00, 0.40);
237.1752; (0.74, -0.01, 0.40);
237.1800; (0.74, -0.01, 0.40);
237.1866; (0.74, -0.01, 0.40);
237.1866; (0.74, -0.01, 0.40);
237.1978; (0.74, -0.01, 0.40);
237.1978; (0.74, -0.01, 0.40);
237.2000; (0.74, -0.01, 0.40);
237.2090; (0.74, 0.00, 0.40);
237.2090; (0.74, -0.01, 0.40);
237.2198; (0.74, -0.01, 0.40);
237.2198; (0.73, -0.01, 0.40);
237.2200; (0.73, -0.01, 0.40);
237.2310; (0.74, -0.01, 0.40);
237.2310; (0.73, -0.01, 0.40);
237.2400; (0.74, -0.01, 0.40);
237.2425; (0.73, -0.01, 0.40);
237.2425; (0.73, -0.01, 0.40);
237.2530; (0.73, -0.01, 0.40);
237.2530; (0.73, -0.01, 0.40);
237.2600; (0.73, -0.01, 0.40);
237.2654; (0.73, -0.01, 0.40);
237.2654; (0.73, -0.01, 0.40);
237.2753; (0.73, -0.01, 0.40);
237.2753; (0.73, -0.01, 0.40);
237.2800; (0.73, -0.01, 0.40);
237.2872; (0.73, -0.01, 0.40);
237.2872; (0.73, -0.01, 0.40);
237.2979; (0.73, -0.01, 0.40);
237.2979; (0.73, -0.01, 0.40);
237.3000; (0.73, -0.01, 0.40);
237.3090; (0.73, -0.01, 0.40);
237.3090; (0.73, -0.01, 0.40);
237.3200; (0.73, -0.01, 0.40);
237.3201; (0.73, -0.01, 0.40);
237.3201; (0.73, -0.01, 0.40);
237.3309; (0.73, -0.01, 0.40);
237.3309; (0.73, -0.02, 0.41);
237.3400; (0.73, -0.01, 0.41);
237.3429; (0.73, -0.02, 0.41);
237.3429; (0.73, -0.02, 0.41);
237.3535; (0.73, -0.02, 0.41);
237.3535; (0.73, -0.02, 0.41);
237.3600; (0.73, -0.02, 0.41);
237.3645; (0.73, -0.02, 0.41);
237.3645; (0.73, -0.02, 0.41);
237.3753; (0.73, -0.02, 0.41);
237.3753; (0.73, -0.02, 0.41);
237.3800; (0.73, -0.02, 0.41);
237.3864; (0.73, -0.02, 0.41);
237.3864; (0.73, -0.02, 0.41);
237.3975; (0.73, -0.02, 0.41);
237.3975; (0.73, -0.02, 0.41);
237.4000; (0.73, -0.02, 0.41);
237.4090; (0.73, -0.02, 0.41);
237.4090; (0.73, -0.02, 0.41);
237.4200; (0.73, -0.02, 0.41);
237.4201; (0.73, -0.02, 0.42);
237.4201; (0.73, -0.02, 0.42);
237.4312; (0.73, -0.02, 0.41);
237.4312; (0.73, -0.02, 0.42);
237.4400; (0.73, -0.02, 0.42);
237.4423; (0.73, -0.02, 0.42);
237.4423; (0.73, -0.02, 0.42);
237.4532; (0.73, -0.02, 0.42);
237.4532; (0.73, -0.02, 0.42);
237.4600; (0.73, -0.02, 0.42);
237.4644; (0.73, -0.02, 0.42);
237.4644; (0.73, -0.02, 0.42);
237.4755; (0.73, -0.02, 0.42);
237.4755; (0.73, -0.02, 0.42);
237.4800; (0.73, -0.02, 0.42);
237.4865; (0.73, -0.02, 0.42);
237.4865; (0.73, -0.03, 0.42);
237.4976; (0.73, -0.02, 0.42);
237.4976; (0.73, -0.03, 0.42);
237.5000; (0.73, -0.03, 0.42);
237.5086; (0.73, -0.02, 0.42);
237.5086; (0.73, -0.02, 0.42);
237.5198; (0.73, -0.02, 0.42);
237.5198; (0.73, -0.03, 0.43);
237.5200; (0.73, -0.03, 0.43);
237.5308; (0.73, -0.03, 0.43);
237.5308; (0.73, -0.03, 0.43);
237.5400; (0.72, -0.03, 0.43);
237.5422; (0.72, -0.03, 0.43);
237.5422; (0.72, -0.03, 0.43);
237.5531; (0.72, -0.03, 0.43);
237.5531; (0.72, -0.03, 0.43);
237.5600; (0.72, -0.03, 0.43);
237.5644; (0.72, -0.03, 0.43);
237.5644; (0.72, -0.03, 0.43);
237.5753; (0.73, -0.02, 0.43);
237.5753; (0.73, -0.02, 0.44);
237.5800; (0.73, -0.02, 0.44);
237.5866; (0.73, -0.02, 0.44);
237.5866; (0.73, -0.02, 0.44);
237.5977; (0.73, -0.02, 0.44);
237.5977; (0.73, -0.02, 0.44);
237.6000; (0.73, -0.02, 0.44);
237.6088; (0.73, -0.02, 0.44);
237.6088; (0.73, -0.02, 0.44);
237.6199; (0.73, -0.02, 0.44);
237.6199; (0.73, -0.02, 0.45);
237.6200; (0.73, -0.02, 0.45);
237.6310; (0.73, -0.02, 0.45);
237.6310; (0.73, -0.02, 0.45);
237.6400; (0.73, -0.02, 0.45);
237.6424; (0.73, -0.02, 0.45);
237.6424; (0.73, -0.02, 0.45);
237.6536; (0.73, -0.02, 0.45);
237.6536; (0.73, -0.02, 0.45);
237.6600; (0.73, -0.02, 0.45);
237.6648; (0.73, -0.02, 0.45);
237.6648; (0.73, -0.02, 0.45);
237.6756; (0.73, -0.02, 0.45);
237.6756; (0.73, -0.02, 0.46);
237.6800; (0.73, -0.02, 0.46);
237.6867; (0.73, -0.02, 0.46);
237.6867; (0.73, -0.02, 0.46);
237.6977; (0.73, -0.02, 0.46);
237.6977; (0.73, -0.02, 0.46);
237.7000; (0.73, -0.02, 0.46);
237.7088; (0.73, -0.02, 0.46);
237.7088; (0.73, -0.02, 0.46);
237.7199; (0.73, -0.02, 0.46);
237.7199; (0.73, -0.01, 0.47);
237.7200; (0.73, -0.01, 0.47);
237.7312; (0.73, -0.02, 0.47);
237.7312; (0.73, -0.01, 0.47);
237.7400; (0.73, -0.02, 0.47);
237.7422; (0.73, -0.01, 0.47);
237.7422; (0.73, -0.01, 0.47);
237.7536; (0.73, -0.01, 0.47);
237.7536; (0.73, -0.01, 0.47);
237.7600; (0.73, -0.01, 0.47);
237.7645; (0.73, -0.01, 0.47);
237.7645; (0.73, -0.01, 0.47);
237.7757; (0.73, -0.01, 0.47);
237.7757; (0.73, -0.01, 0.48);
237.7800; (0.73, -0.01, 0.48);
237.7867; (0.73, -0.01, 0.48);
237.7867; (0.73, -0.01, 0.48);
237.7978; (0.73, -0.01, 0.48);
237.7978; (0.73, -0.01, 0.48);
237.8000; (0.73, -0.01, 0.48);
237.8091; (0.73, -0.01, 0.48);
237.8091; (0.73, -0.01, 0.48);
237.8200; (0.73, -0.01, 0.48);
237.8200; (0.73, -0.01, 0.49);
237.8200; (0.73, -0.01, 0.49);
237.8311; (0.73, -0.01, 0.49);
237.8311; (0.73, -0.01, 0.49);
237.8400; (0.73, -0.01, 0.49);
237.8419; (0.73, -0.01, 0.49);
237.8419; (0.73, -0.01, 0.49);
237.8535; (0.73, -0.01, 0.49);
237.8535; (0.72, -0.01, 0.49);
237.8600; (0.73, -0.01, 0.49);
237.8642; (0.72, -0.01, 0.49);
237.8642; (0.72, -0.01, 0.49);
237.8758; (0.73, -0.01, 0.49);
237.8758; (0.73, -0.01, 0.50);
237.8800; (0.72, -0.01, 0.49);
237.8864; (0.72, -0.01, 0.49);
237.8864; (0.72, -0.01, 0.49);
237.8975; (0.72, -0.01, 0.49);
237.8975; (0.72, -0.01, 0.49);
237.9000; (0.72, -0.01, 0.49);
237.9090; (0.72, -0.01, 0.49);
237.9090; (0.72, -0.01, 0.50);
237.9197; (0.72, -0.01, 0.50);
237.9197; (0.72, -0.01, 0.50);
237.9200; (0.72, -0.01, 0.50);
237.9308; (0.72, -0.01, 0.50);
237.9308; (0.73, -0.01, 0.50);
237.9400; (0.73, -0.01, 0.50);
237.9421; (0.73, -0.01, 0.50);
237.9421; (0.73, -0.01, 0.50);
237.9531; (0.73, -0.01, 0.50);
237.9531; (0.73, -0.01, 0.50);
237.9600; (0.73, 0.00, 0.50);
237.9643; (0.73, 0.00, 0.50);
237.9643; (0.73, 0.00, 0.50);
237.9754; (0.73, 0.00, 0.50);
237.9754; (0.73, 0.00, 0.51);
237.9800; (0.73, 0.00, 0.51);
237.9865; (0.73, 0.00, 0.51);
237.9865; (0.73, 0.00, 0.51);
237.9976; (0.73, 0.00, 0.51);
237.9976; (0.73, 0.00, 0.51);
238.0000; (0.73, 0.00, 0.51);
238.0088; (0.73, 0.00, 0.51);
238.0088; (0.73, 0.00, 0.51);
238.0200; (0.73, 0.00, 0.51);
238.0202; (0.74, 0.00, 0.51);
238.0202; (0.74, 0.00, 0.51);
238.0310; (0.74, 0.00, 0.51);
238.0310; (0.74, 0.00, 0.52);
238.0400; (0.74, 0.00, 0.52);
238.0419; (0.74, 0.00, 0.52);
238.0419; (0.74, 0.00, 0.52);
238.0533; (0.74, 0.00, 0.52);
238.0533; (0.74, 0.00, 0.52);
238.0600; (0.74, 0.00, 0.52);
238.0642; (0.74, 0.00, 0.52);
238.0642; (0.74, 0.00, 0.52);
238.0756; (0.74, 0.00, 0.52);
238.0756; (0.75, 0.00, 0.52);
238.0800; (0.75, 0.00, 0.52);
238.0865; (0.75, 0.00, 0.52);
238.0865; (0.75, 0.01, 0.53);
238.0977; (0.75, 0.00, 0.53);
238.0977; (0.75, 0.00, 0.53);
238.1000; (0.75, 0.00, 0.53);
238.1089; (0.75, 0.00, 0.53);
238.1089; (0.75, 0.01, 0.53);
238.1200; (0.75, 0.01, 0.53);
238.1201; (0.75, 0.01, 0.53);
238.1201; (0.75, 0.01, 0.53);
238.1312; (0.75, 0.01, 0.53);
238.1312; (0.75, 0.01, 0.54);
238.1400; (0.75, 0.01, 0.54);
238.1422; (0.76, 0.01, 0.54);
238.1422; (0.76, 0.01, 0.54);
238.1533; (0.76, 0.01, 0.54);
238.1533; (0.76, 0.01, 0.54);
238.1600; (0.76, 0.01, 0.54);
238.1642; (0.76, 0.01, 0.54);
238.1642; (0.76, 0.01, 0.54);
238.1753; (0.76, 0.01, 0.54);
238.1753; (0.76, 0.01, 0.54);
238.1800; (0.76, 0.01, 0.54);
238.1867; (0.76, 0.01, 0.54);
238.1867; (0.76, 0.01, 0.55);
238.1974; (0.76, 0.01, 0.55);
238.1974; (0.76, 0.01, 0.55);
238.2000; (0.76, 0.01, 0.55);
238.2090; (0.76, 0.01, 0.55);
238.2090; (0.76, 0.01, 0.55);
238.2200; (0.76, 0.01, 0.55);
238.2202; (0.77, 0.01, 0.55);
238.2202; (0.77, 0.01, 0.55);
238.2312; (0.76, 0.01, 0.55);
238.2312; (0.77, 0.01, 0.55);
238.2400; (0.77, 0.01, 0.55);
238.2419; (0.77, 0.01, 0.55);
238.2419; (0.77, 0.01, 0.55);
238.2536; (0.77, 0.01, 0.55);
238.2536; (0.77, 0.01, 0.55);
238.2600; (0.77, 0.01, 0.55);
238.2641; (0.77, 0.01, 0.55);
238.2641; (0.77, 0.01, 0.55);
238.2754; (0.77, 0.02, 0.55);
238.2754; (0.77, 0.02, 0.55);
238.2800; (0.77, 0.02, 0.55);
238.2866; (0.77, 0.02, 0.55);
238.2866; (0.77, 0.02, 0.55);
238.2984; (0.77, 0.02, 0.55);
238.2984; (0.77, 0.02, 0.55);
238.3000; (0.77, 0.02, 0.55);
238.3089; (0.77, 0.02, 0.55);
238.3089; (0.77, 0.02, 0.55);
238.3196; (0.77, 0.02, 0.55);
238.3196; (0.78, 0.02, 0.55);
238.3200; (0.78, 0.02, 0.55);
238.3310; (0.77, 0.02, 0.55);
238.3310; (0.78, 0.02, 0.55);
238.3400; (0.77, 0.02, 0.55);
238.3420; (0.78, 0.02, 0.56);
238.3420; (0.78, 0.02, 0.56);
238.3531; (0.78, 0.02, 0.56);
238.3531; (0.78, 0.02, 0.56);
238.3600; (0.78, 0.02, 0.56);
238.3641; (0.78, 0.02, 0.56);
238.3641; (0.78, 0.02, 0.56);
238.3753; (0.78, 0.02, 0.56);
238.3753; (0.78, 0.02, 0.56);
238.3800; (0.78, 0.02, 0.56);
238.3869; (0.78, 0.02, 0.56);
238.3869; (0.78, 0.02, 0.56);
238.3974; (0.78, 0.02, 0.56);
238.3974; (0.78, 0.02, 0.56);
238.4000; (0.78, 0.02, 0.56);
238.4086; (0.78, 0.02, 0.56);
238.4086; (0.78, 0.02, 0.56);
238.4200; (0.78, 0.02, 0.56);
238.4201; (0.78, 0.02, 0.56);
238.4201; (0.78, 0.02, 0.56);
238.4308; (0.78, 0.02, 0.56);
238.4308; (0.78, 0.02, 0.56);
238.4400; (0.78, 0.02, 0.56);
238.4424; (0.78, 0.02, 0.56);
238.4424; (0.78, 0.02, 0.56);
238.4530; (0.78, 0.02, 0.56);
238.4530; (0.78, 0.02, 0.56);
238.4600; (0.78, 0.02, 0.56);
238.4648; (0.78, 0.02, 0.56);
238.4648; (0.78, 0.02, 0.56);
238.4753; (0.78, 0.03, 0.56);
238.4753; (0.78, 0.03, 0.56);
238.4800; (0.78, 0.03, 0.56);
238.4867; (0.78, 0.03, 0.56);
238.4867; (0.78, 0.03, 0.56);
238.4978; (0.77, 0.03, 0.56);
238.4978; (0.77, 0.03, 0.56);
238.5000; (0.77, 0.03, 0.56);
238.5089; (0.77, 0.03, 0.56);
238.5089; (0.77, 0.03, 0.56);
238.5197; (0.77, 0.03, 0.56);
238.5197; (0.77, 0.03, 0.56);
238.5200; (0.77, 0.03, 0.56);
238.5310; (0.77, 0.03, 0.56);
238.5310; (0.77, 0.03, 0.56);
238.5400; (0.77, 0.03, 0.56);
238.5421; (0.77, 0.03, 0.55);
238.5421; (0.77, 0.03, 0.55);
238.5531; (0.77, 0.03, 0.55);
238.5531; (0.77, 0.03, 0.55);
238.5600; (0.77, 0.03, 0.55);
238.5641; (0.77, 0.03, 0.55);
238.5641; (0.77, 0.03, 0.55);
238.5753; (0.77, 0.03, 0.55);
238.5753; (0.77, 0.03, 0.55);
238.5800; (0.77, 0.03, 0.55);
238.5863; (0.77, 0.03, 0.55);
238.5863; (0.77, 0.03, 0.55);
238.5979; (0.77, 0.03, 0.55);
238.5979; (0.77, 0.03, 0.55);
238.6000; (0.77, 0.03, 0.55);
238.6089; (0.77, 0.03, 0.55);
238.6089; (0.77, 0.03, 0.55);
238.6198; (0.77, 0.03, 0.55);
238.6198; (0.77, 0.03, 0.55);
238.6200; (0.77, 0.03, 0.55);
238.6308; (0.77, 0.03, 0.55);
238.6308; (0.77, 0.03, 0.54);
238.6400; (0.77, 0.03, 0.54);
238.6421; (0.77, 0.03, 0.54);
238.6421; (0.77, 0.03, 0.54);
238.6532; (0.77, 0.03, 0.54);
238.6532; (0.77, 0.03, 0.54);
238.6600; (0.77, 0.03, 0.54);
238.6642; (0.77, 0.03, 0.54);
238.6642; (0.77, 0.03, 0.54);
238.6752; (0.77, 0.03, 0.54);
238.6752; (0.77, 0.03, 0.53);
238.6800; (0.77, 0.03, 0.53);
238.6863; (0.77, 0.03, 0.53);
238.6863; (0.77, 0.03, 0.53);
238.6974; (0.77, 0.03, 0.53);
238.6974; (0.77, 0.03, 0.53);
238.7000; (0.77, 0.03, 0.53);
238.7087; (0.77, 0.03, 0.53);
238.7087; (0.78, 0.03, 0.52);
238.7199; (0.78, 0.03, 0.52);
238.7199; (0.78, 0.03, 0.52);
238.7200; (0.78, 0.03, 0.52);
238.7312; (0.78, 0.03, 0.52);
238.7312; (0.78, 0.03, 0.52);
238.7400; (0.78, 0.03, 0.52);
238.7422; (0.78, 0.03, 0.51);
238.7422; (0.78, 0.03, 0.51);
238.7531; (0.78, 0.03, 0.51);
238.7531; (0.78, 0.03, 0.51);
238.7600; (0.78, 0.03, 0.51);
238.7647; (0.78, 0.02, 0.51);
238.7647; (0.78, 0.02, 0.51);
238.7757; (0.78, 0.02, 0.51);
238.7757; (0.78, 0.02, 0.51);
238.7800; (0.78, 0.02, 0.51);
238.7867; (0.78, 0.02, 0.51);
238.7867; (0.78, 0.02, 0.51);
238.7978; (0.78, 0.02, 0.51);
238.7978; (0.78, 0.02, 0.50);
238.8000; (0.78, 0.02, 0.50);
238.8090; (0.78, 0.02, 0.50);
238.8090; (0.78, 0.02, 0.50);
238.8197; (0.78, 0.02, 0.50);
238.8197; (0.78, 0.02, 0.50);
238.8200; (0.78, 0.02, 0.50);
238.8310; (0.78, 0.02, 0.50);
238.8310; (0.78, 0.02, 0.50);
238.8400; (0.78, 0.02, 0.50);
238.8422; (0.79, 0.02, 0.50);
238.8422; (0.79, 0.02, 0.50);
238.8533; (0.79, 0.01, 0.50);
238.8533; (0.79, 0.01, 0.50);
238.8600; (0.79, 0.01, 0.50);
238.8644; (0.79, 0.01, 0.50);
238.8644; (0.79, 0.01, 0.50);
238.8755; (0.79, 0.01, 0.50);
238.8755; (0.79, 0.01, 0.49);
238.8800; (0.79, 0.01, 0.49);
238.8866; (0.79, 0.01, 0.49);
238.8866; (0.79, 0.01, 0.49);
238.8979; (0.79, 0.01, 0.49);
238.8979; (0.79, 0.01, 0.49);
238.9000; (0.79, 0.01, 0.49);
238.9088; (0.79, 0.01, 0.49);
238.9088; (0.79, 0.01, 0.49);
238.9200; (0.79, 0.01, 0.49);
238.9200; (0.80, 0.01, 0.49);
238.9200; (0.80, 0.01, 0.49);
