Experiment: 7
Latency: 750
Source: (0.01, 0.78, 0.50)
SourceSize: 0.0750
Target: (0.99, 0.22, 0.50)
TargetSize: 0.0250

Trace:
time; position; button;
275.2643; (0.02, 0.79, 0.52);
275.2643; (0.02, 0.79, 0.52);
275.2755; (0.02, 0.79, 0.52);
275.2755; (0.02, 0.79, 0.52);
275.2800; (0.02, 0.79, 0.52);
275.2863; (0.02, 0.79, 0.52);
275.2863; (0.02, 0.79, 0.52);
275.2979; (0.02, 0.79, 0.52);
275.2979; (0.02, 0.79, 0.52);
275.3000; (0.02, 0.79, 0.52);
275.3089; (0.02, 0.79, 0.52);
275.3089; (0.02, 0.79, 0.52);
275.3200; (0.02, 0.78, 0.52);
275.3200; (0.02, 0.78, 0.52);
275.3200; (0.02, 0.78, 0.52);
275.3310; (0.02, 0.78, 0.51);
275.3310; (0.02, 0.78, 0.51);
275.3400; (0.02, 0.78, 0.51);
275.3422; (0.02, 0.78, 0.51);
275.3422; (0.02, 0.78, 0.51);
275.3532; (0.02, 0.78, 0.51);
275.3532; (0.02, 0.78, 0.51);
275.3600; (0.02, 0.78, 0.51);
275.3641; (0.02, 0.78, 0.51);
275.3641; (0.02, 0.78, 0.51);
275.3752; (0.02, 0.78, 0.51);
275.3752; (0.02, 0.78, 0.51);
275.3800; (0.02, 0.78, 0.51);
275.3866; (0.02, 0.77, 0.51);
275.3866; (0.02, 0.77, 0.51);
275.3976; (0.02, 0.77, 0.51);
275.3976; (0.02, 0.77, 0.51);
275.4000; (0.02, 0.77, 0.51);
275.4087; (0.02, 0.77, 0.51);
275.4087; (0.02, 0.77, 0.51);
275.4198; (0.02, 0.77, 0.51);
275.4198; (0.02, 0.77, 0.51);
275.4200; (0.02, 0.77, 0.51);
275.4309; (0.02, 0.77, 0.51);
275.4309; (0.02, 0.77, 0.50);
275.4400; (0.02, 0.77, 0.50);
275.4417; (0.02, 0.77, 0.50);
275.4417; (0.02, 0.77, 0.50);
275.4530; (0.02, 0.77, 0.50);
275.4530; (0.02, 0.76, 0.50);
275.4600; (0.02, 0.76, 0.50);
275.4646; (0.02, 0.76, 0.50);
275.4646; (0.02, 0.76, 0.50);
275.4756; (0.02, 0.76, 0.50);
275.4756; (0.02, 0.76, 0.50);
275.4800; (0.02, 0.76, 0.50);
275.4866; (0.02, 0.76, 0.50);
275.4866; (0.02, 0.76, 0.50);
275.4978; (0.02, 0.76, 0.50);
275.4978; (0.02, 0.76, 0.49);
275.5000; (0.02, 0.76, 0.49);
275.5089; (0.02, 0.76, 0.50);
275.5089; (0.02, 0.76, 0.49);
275.5199; (0.02, 0.76, 0.49);
275.5199; (0.02, 0.76, 0.49);
275.5200; (0.02, 0.76, 0.49);
275.5310; (0.02, 0.76, 0.49);
275.5310; (0.02, 0.75, 0.49);
275.5400; (0.02, 0.75, 0.49);
275.5418; (0.02, 0.75, 0.49);
275.5418; (0.02, 0.75, 0.49);
275.5534; (0.02, 0.75, 0.49);
275.5534; (0.02, 0.75, 0.49);
275.5600; (0.02, 0.75, 0.49);
275.5640; (0.02, 0.75, 0.49);
275.5640; (0.02, 0.75, 0.49);
275.5751; (0.02, 0.75, 0.49);
275.5751; (0.02, 0.75, 0.48);
275.5800; (0.01, 0.75, 0.49);
275.5866; (0.01, 0.75, 0.48);
275.5866; (0.01, 0.75, 0.48);
275.5973; (0.01, 0.75, 0.48);
275.5973; (0.01, 0.75, 0.48);
275.6000; (0.01, 0.75, 0.48);
275.6089; (0.01, 0.75, 0.48);
275.6089; (0.01, 0.74, 0.48);
275.6200; (0.01, 0.75, 0.48);
275.6201; (0.01, 0.74, 0.48);
275.6201; (0.01, 0.74, 0.48);
275.6309; (0.01, 0.74, 0.48);
275.6309; (0.01, 0.74, 0.48);
275.6400; (0.01, 0.74, 0.48);
275.6423; (0.01, 0.74, 0.48);
275.6423; (0.01, 0.74, 0.48);
275.6530; (0.01, 0.74, 0.48);
275.6530; (0.01, 0.74, 0.48);
275.6600; (0.01, 0.74, 0.48);
275.6642; (0.01, 0.74, 0.48);
275.6642; (0.01, 0.74, 0.48);
275.6752; (0.01, 0.74, 0.48);
275.6752; (0.01, 0.74, 0.48);
275.6800; (0.01, 0.74, 0.48);
275.6863; (0.01, 0.74, 0.48);
275.6863; (0.01, 0.74, 0.48);
275.6979; (0.01, 0.74, 0.48);
275.6979; (0.01, 0.74, 0.47);
275.7000; (0.01, 0.74, 0.47);
275.7090; (0.01, 0.74, 0.47);
275.7090; (0.01, 0.74, 0.47);
275.7199; (0.01, 0.74, 0.47);
275.7199; (0.01, 0.74, 0.47);
275.7200; (0.01, 0.74, 0.47);
275.7310; (0.01, 0.74, 0.47);
275.7310; (0.01, 0.74, 0.47);
275.7400; (0.01, 0.74, 0.47);
275.7419; (0.01, 0.74, 0.47);
275.7419; (0.01, 0.74, 0.47);
275.7530; (0.01, 0.74, 0.47);
275.7530; (0.01, 0.74, 0.47);
275.7600; (0.01, 0.74, 0.47);
275.7641; (0.01, 0.74, 0.47);
275.7641; (0.01, 0.74, 0.47);
275.7756; (0.01, 0.74, 0.47);
275.7756; (0.01, 0.74, 0.47);
275.7800; (0.01, 0.74, 0.47);
275.7866; (0.01, 0.74, 0.47);
275.7866; (0.01, 0.74, 0.47);
275.7975; (0.01, 0.74, 0.47);
275.7975; (0.01, 0.74, 0.47);
275.8000; (0.01, 0.74, 0.47);
275.8085; (0.01, 0.74, 0.47);
275.8085; (0.01, 0.74, 0.47);
275.8198; (0.01, 0.74, 0.47);
275.8198; (0.01, 0.74, 0.47);
275.8200; (0.01, 0.74, 0.47);
275.8309; (0.01, 0.74, 0.47);
275.8309; (0.01, 0.74, 0.47);
275.8400; (0.01, 0.74, 0.47);
275.8423; (0.01, 0.74, 0.47);
275.8423; (0.01, 0.74, 0.47);
275.8534; (0.01, 0.74, 0.47);
275.8534; (0.01, 0.75, 0.47);
275.8600; (0.01, 0.75, 0.47);
275.8644; (0.01, 0.75, 0.47);
275.8644; (0.01, 0.75, 0.47);
275.8757; (0.01, 0.75, 0.47);
275.8757; (0.01, 0.75, 0.47);
275.8800; (0.01, 0.75, 0.47);
275.8864; (0.01, 0.75, 0.47);
275.8864; (0.01, 0.75, 0.47);
275.8976; (0.01, 0.75, 0.47);
275.8976; (0.01, 0.75, 0.47);
275.9000; (0.01, 0.75, 0.47);
275.9087; (0.01, 0.75, 0.47);
275.9087; (0.01, 0.75, 0.47);
275.9198; (0.01, 0.75, 0.47);
275.9198; (0.01, 0.75, 0.47);
275.9200; (0.01, 0.75, 0.47);
275.9308; (0.01, 0.75, 0.47);
275.9308; (0.01, 0.75, 0.47);
275.9400; (0.01, 0.75, 0.47);
275.9423; (0.01, 0.75, 0.47);
275.9423; (0.01, 0.75, 0.47);
275.9532; (0.01, 0.75, 0.47);
275.9532; (0.01, 0.75, 0.47);
275.9600; (0.01, 0.75, 0.47);
275.9642; (0.01, 0.75, 0.47);
275.9642; (0.01, 0.75, 0.47);
275.9755; (0.01, 0.74, 0.47);
275.9755; (0.01, 0.74, 0.47);
275.9800; (0.01, 0.74, 0.47);
275.9865; (0.01, 0.74, 0.46);
275.9865; (0.01, 0.74, 0.46);
275.9975; (0.01, 0.74, 0.46);
275.9975; (0.01, 0.74, 0.46);
276.0000; (0.01, 0.74, 0.46);
276.0085; (0.01, 0.75, 0.46);
276.0085; (0.01, 0.75, 0.46);
276.0197; (0.01, 0.74, 0.46);
276.0197; (0.01, 0.75, 0.46);
276.0200; (0.01, 0.75, 0.46);
276.0314; (0.01, 0.75, 0.46);
276.0314; (0.01, 0.75, 0.46);
276.0400; (0.01, 0.75, 0.46);
276.0423; (0.01, 0.75, 0.46);
276.0423; (0.01, 0.75, 0.46);
276.0533; (0.01, 0.75, 0.46);
276.0533; (0.02, 0.75, 0.46);
276.0600; (0.02, 0.75, 0.46);
276.0646; (0.02, 0.75, 0.46);
276.0646; (0.02, 0.75, 0.46);
276.0756; (0.02, 0.75, 0.46);
276.0756; (0.02, 0.75, 0.46);
276.0800; (0.02, 0.75, 0.46);
276.0868; (0.02, 0.75, 0.46);
276.0868; (0.02, 0.75, 0.46);
276.0978; (0.02, 0.75, 0.46);
276.0978; (0.02, 0.75, 0.46);
276.1000; (0.02, 0.75, 0.46);
276.1089; (0.02, 0.75, 0.46);
276.1089; (0.02, 0.75, 0.46);
276.1200; (0.02, 0.75, 0.46);
276.1200; (0.03, 0.75, 0.46);
276.1200; (0.03, 0.75, 0.46);
276.1310; (0.03, 0.75, 0.46);
276.1310; (0.03, 0.74, 0.46);
276.1400; (0.03, 0.74, 0.46);
276.1422; (0.03, 0.74, 0.46);
276.1422; (0.03, 0.74, 0.46);
276.1530; (0.03, 0.74, 0.46);
276.1530; (0.04, 0.74, 0.46);
276.1600; (0.04, 0.74, 0.46);
276.1640; (0.04, 0.74, 0.46);
276.1640; (0.04, 0.74, 0.46);
276.1754; (0.04, 0.74, 0.46);
276.1754; (0.05, 0.74, 0.46);
276.1800; (0.05, 0.74, 0.46);
276.1865; (0.05, 0.74, 0.46);
276.1865; (0.05, 0.74, 0.46);
276.1975; (0.05, 0.74, 0.46);
276.1975; (0.06, 0.74, 0.46);
276.2000; (0.06, 0.74, 0.46);
276.2086; (0.06, 0.74, 0.46);
276.2086; (0.06, 0.73, 0.46);
276.2196; (0.06, 0.73, 0.46);
276.2196; (0.07, 0.73, 0.46);
276.2200; (0.07, 0.73, 0.46);
276.2308; (0.07, 0.73, 0.47);
276.2308; (0.07, 0.73, 0.47);
276.2400; (0.07, 0.73, 0.47);
276.2423; (0.08, 0.72, 0.47);
276.2423; (0.08, 0.72, 0.47);
276.2529; (0.08, 0.72, 0.47);
276.2529; (0.09, 0.72, 0.47);
276.2600; (0.09, 0.72, 0.47);
276.2646; (0.09, 0.71, 0.47);
276.2646; (0.09, 0.71, 0.47);
276.2757; (0.09, 0.71, 0.47);
276.2757; (0.10, 0.71, 0.47);
276.2800; (0.10, 0.71, 0.47);
276.2866; (0.11, 0.70, 0.47);
276.2866; (0.11, 0.70, 0.47);
276.2979; (0.11, 0.70, 0.47);
276.2979; (0.12, 0.70, 0.47);
276.3000; (0.12, 0.70, 0.47);
276.3086; (0.12, 0.70, 0.47);
276.3086; (0.13, 0.69, 0.47);
276.3196; (0.13, 0.69, 0.47);
276.3196; (0.13, 0.68, 0.48);
276.3200; (0.13, 0.68, 0.48);
276.3308; (0.13, 0.68, 0.48);
276.3308; (0.14, 0.67, 0.48);
276.3400; (0.14, 0.67, 0.48);
276.3419; (0.15, 0.67, 0.48);
276.3419; (0.15, 0.67, 0.48);
276.3534; (0.15, 0.66, 0.48);
276.3534; (0.16, 0.66, 0.48);
276.3600; (0.16, 0.66, 0.48);
276.3644; (0.17, 0.65, 0.48);
276.3644; (0.17, 0.65, 0.48);
276.3755; (0.17, 0.65, 0.48);
276.3755; (0.18, 0.64, 0.48);
276.3800; (0.18, 0.64, 0.48);
276.3868; (0.18, 0.64, 0.49);
276.3868; (0.19, 0.63, 0.49);
276.3974; (0.19, 0.63, 0.49);
276.3974; (0.20, 0.63, 0.49);
276.4000; (0.20, 0.63, 0.49);
276.4090; (0.20, 0.63, 0.49);
276.4090; (0.21, 0.62, 0.49);
276.4195; (0.21, 0.62, 0.49);
276.4195; (0.22, 0.61, 0.49);
276.4200; (0.22, 0.61, 0.49);
276.4312; (0.22, 0.61, 0.49);
276.4312; (0.23, 0.60, 0.49);
276.4400; (0.23, 0.60, 0.49);
276.4423; (0.24, 0.59, 0.49);
276.4423; (0.24, 0.59, 0.49);
276.4534; (0.24, 0.59, 0.49);
276.4534; (0.25, 0.58, 0.49);
276.4600; (0.25, 0.58, 0.49);
276.4639; (0.26, 0.58, 0.49);
276.4639; (0.26, 0.58, 0.49);
276.4753; (0.26, 0.58, 0.49);
276.4753; (0.27, 0.57, 0.49);
276.4800; (0.27, 0.57, 0.49);
276.4864; (0.28, 0.56, 0.49);
276.4864; (0.28, 0.56, 0.49);
276.4974; (0.28, 0.56, 0.49);
276.4974; (0.30, 0.55, 0.49);
276.5000; (0.30, 0.55, 0.49);
276.5090; (0.30, 0.55, 0.49);
276.5090; (0.31, 0.55, 0.49);
276.5200; (0.31, 0.55, 0.49);
276.5201; (0.32, 0.54, 0.49);
276.5201; (0.32, 0.54, 0.49);
276.5309; (0.32, 0.54, 0.49);
276.5309; (0.33, 0.54, 0.49);
276.5400; (0.33, 0.54, 0.49);
276.5421; (0.35, 0.53, 0.49);
276.5421; (0.35, 0.53, 0.49);
276.5530; (0.35, 0.53, 0.49);
276.5530; (0.36, 0.53, 0.49);
276.5600; (0.36, 0.53, 0.49);
276.5645; (0.37, 0.52, 0.49);
276.5645; (0.37, 0.52, 0.49);
276.5756; (0.37, 0.52, 0.49);
276.5756; (0.38, 0.51, 0.49);
276.5800; (0.38, 0.52, 0.49);
276.5867; (0.39, 0.51, 0.49);
276.5867; (0.39, 0.51, 0.49);
276.5978; (0.39, 0.51, 0.49);
276.5978; (0.41, 0.51, 0.49);
276.6000; (0.41, 0.51, 0.49);
276.6089; (0.41, 0.51, 0.49);
276.6089; (0.42, 0.50, 0.49);
276.6200; (0.42, 0.51, 0.49);
276.6200; (0.43, 0.50, 0.49);
276.6200; (0.43, 0.50, 0.49);
276.6309; (0.43, 0.50, 0.49);
276.6309; (0.44, 0.50, 0.49);
276.6400; (0.44, 0.50, 0.49);
276.6422; (0.45, 0.50, 0.49);
276.6422; (0.45, 0.50, 0.49);
276.6533; (0.45, 0.51, 0.48);
276.6533; (0.46, 0.50, 0.48);
276.6600; (0.46, 0.51, 0.48);
276.6643; (0.47, 0.51, 0.48);
276.6643; (0.47, 0.51, 0.48);
276.6753; (0.47, 0.51, 0.48);
276.6753; (0.49, 0.51, 0.48);
276.6800; (0.48, 0.51, 0.48);
276.6863; (0.49, 0.51, 0.48);
276.6863; (0.49, 0.51, 0.48);
276.6977; (0.50, 0.51, 0.48);
276.6977; (0.51, 0.51, 0.48);
276.7000; (0.51, 0.51, 0.48);
276.7089; (0.51, 0.51, 0.48);
276.7089; (0.52, 0.52, 0.48);
276.7199; (0.52, 0.52, 0.48);
276.7199; (0.53, 0.52, 0.48);
276.7200; (0.53, 0.52, 0.48);
276.7307; (0.53, 0.52, 0.48);
276.7307; (0.54, 0.52, 0.48);
276.7400; (0.54, 0.52, 0.48);
276.7419; (0.55, 0.53, 0.48);
276.7419; (0.55, 0.53, 0.48);
276.7531; (0.55, 0.53, 0.48);
276.7531; (0.56, 0.53, 0.48);
276.7600; (0.56, 0.53, 0.48);
276.7643; (0.57, 0.54, 0.48);
276.7643; (0.57, 0.54, 0.48);
276.7754; (0.57, 0.54, 0.48);
276.7754; (0.58, 0.54, 0.48);
276.7800; (0.58, 0.54, 0.48);
276.7866; (0.59, 0.55, 0.48);
276.7866; (0.59, 0.55, 0.48);
276.7978; (0.59, 0.55, 0.48);
276.7978; (0.60, 0.56, 0.48);
276.8000; (0.60, 0.56, 0.48);
276.8085; (0.60, 0.55, 0.48);
276.8085; (0.61, 0.56, 0.48);
276.8200; (0.61, 0.56, 0.48);
276.8200; (0.62, 0.56, 0.48);
276.8200; (0.62, 0.56, 0.48);
276.8311; (0.61, 0.56, 0.48);
276.8311; (0.62, 0.56, 0.48);
276.8400; (0.62, 0.56, 0.48);
276.8422; (0.63, 0.57, 0.48);
276.8422; (0.63, 0.57, 0.48);
276.8531; (0.63, 0.57, 0.48);
276.8531; (0.64, 0.57, 0.47);
276.8600; (0.64, 0.57, 0.47);
276.8640; (0.65, 0.57, 0.47);
276.8640; (0.65, 0.57, 0.47);
276.8752; (0.65, 0.57, 0.47);
276.8752; (0.65, 0.58, 0.47);
276.8800; (0.65, 0.57, 0.47);
276.8863; (0.66, 0.58, 0.46);
276.8863; (0.66, 0.58, 0.46);
276.8976; (0.66, 0.57, 0.46);
276.8976; (0.67, 0.57, 0.46);
276.9000; (0.67, 0.57, 0.46);
276.9086; (0.67, 0.57, 0.46);
276.9086; (0.68, 0.57, 0.45);
276.9198; (0.67, 0.57, 0.45);
276.9198; (0.68, 0.57, 0.45);
276.9200; (0.68, 0.57, 0.45);
276.9307; (0.68, 0.57, 0.45);
276.9307; (0.69, 0.56, 0.44);
276.9400; (0.69, 0.56, 0.44);
276.9418; (0.69, 0.56, 0.44);
276.9418; (0.69, 0.56, 0.44);
276.9530; (0.69, 0.56, 0.44);
276.9530; (0.70, 0.55, 0.43);
276.9600; (0.70, 0.55, 0.43);
276.9640; (0.70, 0.55, 0.42);
276.9640; (0.70, 0.55, 0.42);
276.9751; (0.70, 0.55, 0.42);
276.9751; (0.71, 0.55, 0.42);
276.9800; (0.70, 0.55, 0.42);
276.9862; (0.71, 0.54, 0.41);
276.9862; (0.71, 0.54, 0.41);
276.9977; (0.71, 0.54, 0.41);
276.9977; (0.71, 0.54, 0.40);
277.0000; (0.71, 0.54, 0.40);
277.0088; (0.71, 0.54, 0.40);
277.0088; (0.72, 0.54, 0.40);
277.0200; (0.72, 0.53, 0.40);
277.0202; (0.72, 0.53, 0.39);
277.0202; (0.72, 0.53, 0.39);
277.0311; (0.72, 0.53, 0.39);
277.0311; (0.73, 0.52, 0.38);
277.0400; (0.73, 0.52, 0.38);
277.0419; (0.73, 0.52, 0.38);
277.0419; (0.73, 0.52, 0.38);
277.0529; (0.73, 0.51, 0.38);
277.0529; (0.74, 0.51, 0.37);
277.0600; (0.74, 0.51, 0.37);
277.0640; (0.74, 0.50, 0.36);
277.0640; (0.74, 0.50, 0.36);
277.0752; (0.74, 0.50, 0.36);
277.0752; (0.75, 0.49, 0.36);
277.0800; (0.74, 0.50, 0.35);
277.0863; (0.75, 0.49, 0.35);
277.0863; (0.75, 0.49, 0.35);
277.0979; (0.75, 0.49, 0.35);
277.0979; (0.75, 0.48, 0.34);
277.1000; (0.75, 0.48, 0.34);
277.1089; (0.75, 0.48, 0.34);
277.1089; (0.75, 0.47, 0.34);
277.1200; (0.75, 0.47, 0.34);
277.1200; (0.76, 0.46, 0.33);
277.1200; (0.76, 0.46, 0.33);
277.1311; (0.76, 0.46, 0.33);
277.1311; (0.76, 0.46, 0.33);
277.1400; (0.76, 0.46, 0.33);
277.1418; (0.76, 0.45, 0.32);
277.1418; (0.76, 0.45, 0.32);
277.1534; (0.77, 0.45, 0.32);
277.1534; (0.77, 0.45, 0.32);
277.1600; (0.78, 0.45, 0.32);
277.1642; (0.78, 0.44, 0.31);
277.1642; (0.78, 0.44, 0.31);
277.1751; (0.78, 0.44, 0.32);
277.1751; (0.78, 0.43, 0.31);
277.1800; (0.78, 0.44, 0.31);
277.1863; (0.78, 0.43, 0.31);
277.1863; (0.78, 0.43, 0.31);
277.1975; (0.78, 0.43, 0.31);
277.1975; (0.79, 0.43, 0.31);
277.2000; (0.79, 0.43, 0.31);
277.2084; (0.79, 0.43, 0.31);
277.2084; (0.79, 0.42, 0.30);
277.2197; (0.79, 0.42, 0.31);
277.2197; (0.80, 0.42, 0.30);
277.2200; (0.80, 0.42, 0.30);
277.2307; (0.80, 0.42, 0.30);
277.2307; (0.80, 0.41, 0.30);
277.2400; (0.80, 0.42, 0.30);
277.2425; (0.81, 0.41, 0.30);
277.2425; (0.81, 0.41, 0.30);
277.2534; (0.81, 0.41, 0.30);
277.2534; (0.82, 0.41, 0.30);
277.2600; (0.82, 0.41, 0.30);
277.2645; (0.82, 0.40, 0.30);
277.2645; (0.82, 0.40, 0.30);
277.2756; (0.82, 0.41, 0.30);
277.2756; (0.83, 0.40, 0.29);
277.2800; (0.83, 0.40, 0.29);
277.2871; (0.83, 0.40, 0.29);
277.2871; (0.83, 0.40, 0.29);
277.2980; (0.83, 0.40, 0.29);
277.2980; (0.84, 0.40, 0.29);
277.3000; (0.84, 0.40, 0.29);
277.3091; (0.84, 0.40, 0.29);
277.3091; (0.84, 0.40, 0.29);
277.3196; (0.84, 0.40, 0.29);
277.3196; (0.85, 0.40, 0.29);
277.3200; (0.85, 0.40, 0.29);
277.3308; (0.85, 0.40, 0.29);
277.3308; (0.85, 0.40, 0.29);
277.3400; (0.85, 0.39, 0.29);
277.3423; (0.86, 0.40, 0.28);
277.3423; (0.86, 0.40, 0.28);
277.3533; (0.86, 0.40, 0.28);
277.3533; (0.86, 0.39, 0.28);
277.3600; (0.86, 0.39, 0.28);
277.3643; (0.87, 0.39, 0.28);
277.3643; (0.87, 0.39, 0.28);
277.3754; (0.87, 0.39, 0.28);
277.3754; (0.87, 0.39, 0.28);
277.3800; (0.87, 0.39, 0.28);
277.3862; (0.87, 0.39, 0.28);
277.3862; (0.88, 0.39, 0.28);
277.3973; (0.88, 0.39, 0.28);
277.3973; (0.88, 0.39, 0.28);
277.4000; (0.88, 0.39, 0.28);
277.4088; (0.88, 0.39, 0.28);
277.4088; (0.89, 0.39, 0.28);
277.4195; (0.89, 0.39, 0.28);
277.4195; (0.89, 0.39, 0.28);
277.4200; (0.89, 0.39, 0.28);
277.4307; (0.89, 0.39, 0.28);
277.4307; (0.90, 0.39, 0.28);
277.4400; (0.90, 0.39, 0.28);
277.4420; (0.90, 0.39, 0.28);
277.4420; (0.90, 0.39, 0.28);
277.4531; (0.90, 0.39, 0.28);
277.4531; (0.91, 0.39, 0.27);
277.4600; (0.90, 0.39, 0.27);
277.4642; (0.91, 0.39, 0.27);
277.4642; (0.91, 0.39, 0.27);
277.4754; (0.91, 0.39, 0.27);
277.4754; (0.91, 0.39, 0.27);
277.4800; (0.91, 0.39, 0.27);
277.4865; (0.92, 0.39, 0.27);
277.4865; (0.92, 0.39, 0.27);
277.4975; (0.92, 0.39, 0.27);
277.4975; (0.92, 0.39, 0.27);
277.5000; (0.92, 0.39, 0.27);
277.5085; (0.92, 0.39, 0.27);
277.5085; (0.92, 0.39, 0.27);
277.5200; (0.92, 0.39, 0.27);
277.5200; (0.93, 0.39, 0.27);
277.5200; (0.93, 0.39, 0.27);
277.5309; (0.93, 0.39, 0.28);
277.5309; (0.93, 0.39, 0.28);
277.5400; (0.93, 0.39, 0.28);
277.5420; (0.93, 0.39, 0.28);
277.5420; (0.93, 0.39, 0.28);
277.5532; (0.93, 0.39, 0.28);
277.5532; (0.93, 0.39, 0.28);
277.5600; (0.93, 0.39, 0.28);
277.5642; (0.94, 0.39, 0.28);
277.5642; (0.94, 0.39, 0.28);
277.5752; (0.94, 0.39, 0.28);
277.5752; (0.94, 0.39, 0.28);
277.5800; (0.94, 0.39, 0.28);
277.5867; (0.94, 0.39, 0.28);
277.5867; (0.94, 0.39, 0.28);
277.5977; (0.94, 0.39, 0.28);
277.5977; (0.95, 0.39, 0.28);
277.6000; (0.95, 0.39, 0.28);
277.6089; (0.94, 0.39, 0.28);
277.6089; (0.95, 0.39, 0.28);
277.6199; (0.95, 0.39, 0.28);
277.6199; (0.95, 0.38, 0.28);
277.6200; (0.95, 0.38, 0.28);
277.6306; (0.95, 0.38, 0.28);
277.6306; (0.95, 0.38, 0.28);
277.6400; (0.95, 0.38, 0.28);
277.6422; (0.95, 0.38, 0.28);
277.6422; (0.95, 0.38, 0.28);
277.6533; (0.95, 0.38, 0.28);
277.6533; (0.95, 0.38, 0.28);
277.6600; (0.95, 0.38, 0.28);
277.6645; (0.95, 0.37, 0.28);
277.6645; (0.95, 0.37, 0.28);
277.6757; (0.95, 0.37, 0.28);
277.6757; (0.96, 0.37, 0.28);
277.6800; (0.95, 0.37, 0.28);
277.6868; (0.95, 0.37, 0.28);
277.6868; (0.95, 0.37, 0.28);
277.6978; (0.95, 0.37, 0.28);
277.6978; (0.95, 0.37, 0.28);
277.7000; (0.95, 0.37, 0.28);
277.7088; (0.95, 0.37, 0.28);
277.7088; (0.95, 0.36, 0.28);
277.7199; (0.95, 0.36, 0.28);
277.7199; (0.95, 0.36, 0.28);
277.7200; (0.95, 0.36, 0.28);
277.7312; (0.95, 0.36, 0.28);
277.7312; (0.95, 0.35, 0.28);
277.7400; (0.95, 0.35, 0.28);
277.7420; (0.96, 0.35, 0.28);
277.7420; (0.96, 0.35, 0.28);
277.7533; (0.96, 0.35, 0.28);
277.7533; (0.96, 0.35, 0.28);
277.7600; (0.96, 0.35, 0.28);
277.7643; (0.95, 0.34, 0.28);
277.7643; (0.95, 0.34, 0.28);
277.7752; (0.95, 0.34, 0.28);
277.7752; (0.95, 0.34, 0.28);
277.7800; (0.95, 0.34, 0.28);
277.7867; (0.95, 0.34, 0.28);
277.7867; (0.95, 0.33, 0.28);
277.7979; (0.95, 0.33, 0.28);
277.7979; (0.95, 0.33, 0.28);
277.8000; (0.95, 0.33, 0.28);
277.8088; (0.95, 0.33, 0.28);
277.8088; (0.95, 0.32, 0.28);
277.8199; (0.95, 0.32, 0.28);
277.8199; (0.95, 0.32, 0.28);
277.8200; (0.95, 0.32, 0.28);
277.8311; (0.95, 0.32, 0.28);
277.8311; (0.95, 0.31, 0.28);
277.8400; (0.95, 0.32, 0.28);
277.8421; (0.95, 0.31, 0.28);
277.8421; (0.95, 0.31, 0.28);
277.8531; (0.95, 0.31, 0.29);
277.8531; (0.95, 0.30, 0.29);
277.8600; (0.95, 0.31, 0.29);
277.8642; (0.95, 0.30, 0.29);
277.8642; (0.95, 0.30, 0.29);
277.8751; (0.95, 0.31, 0.28);
277.8751; (0.95, 0.30, 0.29);
277.8800; (0.95, 0.30, 0.29);
277.8867; (0.95, 0.30, 0.29);
277.8867; (0.95, 0.30, 0.29);
277.8976; (0.95, 0.30, 0.29);
277.8976; (0.95, 0.30, 0.29);
277.9000; (0.95, 0.30, 0.29);
277.9088; (0.95, 0.29, 0.29);
277.9088; (0.95, 0.29, 0.29);
277.9199; (0.96, 0.29, 0.29);
277.9199; (0.96, 0.29, 0.29);
277.9200; (0.96, 0.29, 0.29);
277.9308; (0.96, 0.29, 0.29);
277.9308; (0.96, 0.29, 0.29);
277.9400; (0.96, 0.29, 0.29);
277.9418; (0.97, 0.29, 0.29);
277.9418; (0.97, 0.29, 0.29);
277.9529; (0.97, 0.29, 0.29);
277.9529; (0.97, 0.28, 0.29);
277.9600; (0.97, 0.28, 0.29);
277.9641; (0.97, 0.28, 0.30);
277.9641; (0.97, 0.28, 0.30);
277.9754; (0.97, 0.28, 0.30);
277.9754; (0.97, 0.28, 0.30);
277.9800; (0.97, 0.28, 0.30);
277.9867; (0.97, 0.27, 0.30);
277.9867; (0.97, 0.27, 0.30);
277.9978; (0.97, 0.27, 0.30);
277.9978; (0.97, 0.27, 0.30);
278.0000; (0.97, 0.27, 0.30);
278.0089; (0.97, 0.27, 0.30);
278.0089; (0.98, 0.27, 0.30);
278.0200; (0.97, 0.27, 0.30);
278.0201; (0.98, 0.26, 0.31);
278.0201; (0.98, 0.26, 0.31);
278.0310; (0.98, 0.26, 0.31);
278.0310; (0.98, 0.26, 0.31);
278.0400; (0.98, 0.26, 0.31);
278.0421; (0.98, 0.26, 0.31);
278.0421; (0.98, 0.26, 0.31);
278.0532; (0.98, 0.26, 0.31);
278.0532; (0.98, 0.26, 0.31);
278.0600; (0.98, 0.26, 0.31);
278.0641; (0.99, 0.26, 0.31);
278.0641; (0.99, 0.26, 0.31);
278.0752; (0.98, 0.25, 0.31);
278.0752; (0.99, 0.25, 0.31);
278.0800; (0.99, 0.25, 0.31);
278.0868; (0.99, 0.25, 0.32);
278.0868; (0.99, 0.25, 0.32);
278.0978; (0.99, 0.25, 0.32);
278.0978; (0.99, 0.25, 0.32);
278.1000; (0.99, 0.25, 0.32);
278.1086; (0.99, 0.25, 0.32);
278.1086; (0.99, 0.24, 0.32);
278.1200; (0.99, 0.24, 0.32);
278.1201; (0.99, 0.24, 0.32);
278.1201; (0.99, 0.24, 0.32);
278.1313; (0.99, 0.24, 0.32);
278.1313; (0.99, 0.24, 0.33);
278.1400; (0.99, 0.24, 0.33);
278.1422; (0.99, 0.23, 0.33);
278.1422; (0.99, 0.23, 0.33);
278.1532; (0.99, 0.23, 0.33);
278.1532; (0.99, 0.23, 0.33);
278.1600; (0.99, 0.23, 0.33);
278.1643; (1.00, 0.22, 0.33);
278.1643; (1.00, 0.22, 0.33);
278.1754; (1.00, 0.22, 0.34);
278.1754; (1.00, 0.22, 0.34);
278.1800; (1.00, 0.22, 0.34);
278.1866; (1.00, 0.22, 0.34);
278.1866; (1.00, 0.22, 0.34);
278.1976; (1.00, 0.22, 0.34);
278.1976; (1.00, 0.21, 0.34);
278.2000; (1.00, 0.21, 0.34);
278.2089; (1.00, 0.21, 0.34);
278.2089; (1.00, 0.21, 0.35);
278.2200; (1.00, 0.21, 0.35);
278.2201; (1.01, 0.21, 0.35);
278.2201; (1.01, 0.21, 0.35);
278.2313; (1.00, 0.21, 0.35);
278.2313; (1.01, 0.21, 0.35);
278.2400; (1.01, 0.21, 0.35);
278.2422; (1.01, 0.20, 0.35);
278.2422; (1.01, 0.20, 0.35);
278.2532; (1.01, 0.21, 0.35);
278.2532; (1.01, 0.20, 0.36);
278.2600; (1.01, 0.20, 0.36);
278.2644; (1.01, 0.20, 0.36);
278.2644; (1.01, 0.20, 0.36);
278.2756; (1.01, 0.20, 0.36);
278.2756; (1.01, 0.20, 0.37);
278.2800; (1.01, 0.20, 0.37);
278.2867; (1.01, 0.19, 0.37);
278.2867; (1.01, 0.19, 0.37);
278.2980; (1.01, 0.19, 0.37);
278.2980; (1.01, 0.19, 0.37);
278.3000; (1.01, 0.19, 0.37);
278.3091; (1.01, 0.19, 0.37);
278.3091; (1.01, 0.19, 0.38);
278.3196; (1.01, 0.19, 0.38);
278.3196; (1.01, 0.19, 0.38);
278.3200; (1.01, 0.19, 0.38);
278.3311; (1.01, 0.19, 0.38);
278.3311; (1.01, 0.18, 0.39);
278.3400; (1.01, 0.18, 0.39);
278.3421; (1.01, 0.18, 0.39);
278.3421; (1.01, 0.18, 0.39);
278.3531; (1.01, 0.18, 0.39);
278.3531; (1.01, 0.18, 0.39);
278.3600; (1.02, 0.18, 0.39);
278.3644; (1.02, 0.18, 0.40);
278.3644; (1.02, 0.18, 0.40);
278.3755; (1.01, 0.18, 0.40);
278.3755; (1.01, 0.17, 0.40);
278.3800; (1.01, 0.17, 0.40);
278.3865; (1.01, 0.17, 0.40);
278.3865; (1.01, 0.17, 0.40);
278.3976; (1.01, 0.17, 0.40);
278.3976; (1.01, 0.17, 0.40);
278.4000; (1.01, 0.17, 0.40);
278.4088; (1.01, 0.17, 0.40);
278.4088; (1.01, 0.17, 0.41);
278.4196; (1.01, 0.17, 0.40);
278.4196; (1.01, 0.17, 0.41);
278.4200; (1.01, 0.17, 0.41);
278.4309; (1.01, 0.17, 0.41);
278.4309; (1.01, 0.17, 0.41);
278.4400; (1.01, 0.17, 0.41);
278.4438; (1.01, 0.17, 0.41);
278.4438; (1.01, 0.17, 0.41);
278.4550; (1.01, 0.17, 0.41);
278.4550; (1.01, 0.17, 0.42);
278.4600; (1.01, 0.17, 0.42);
278.4660; (1.01, 0.16, 0.42);
278.4660; (1.01, 0.16, 0.42);
278.4771; (1.01, 0.16, 0.42);
278.4771; (1.01, 0.16, 0.42);
278.4800; (1.01, 0.16, 0.42);
278.4883; (1.01, 0.16, 0.42);
278.4883; (1.01, 0.16, 0.42);
278.4993; (1.01, 0.16, 0.42);
278.4993; (1.01, 0.16, 0.43);
278.5000; (1.01, 0.16, 0.43);
278.5105; (1.01, 0.16, 0.43);
278.5105; (1.01, 0.16, 0.43);
278.5200; (1.00, 0.16, 0.43);
278.5216; (1.00, 0.16, 0.43);
278.5216; (1.00, 0.16, 0.43);
278.5327; (1.01, 0.16, 0.43);
278.5327; (1.00, 0.16, 0.43);
278.5400; (1.01, 0.15, 0.43);
278.5438; (1.01, 0.15, 0.43);
278.5438; (1.01, 0.15, 0.43);
278.5551; (1.01, 0.15, 0.43);
278.5551; (1.01, 0.15, 0.44);
278.5600; (1.01, 0.15, 0.44);
278.5660; (1.01, 0.15, 0.44);
278.5660; (1.01, 0.15, 0.44);
278.5771; (1.01, 0.15, 0.44);
278.5771; (1.01, 0.15, 0.44);
278.5800; (1.01, 0.15, 0.44);
278.5883; (1.01, 0.14, 0.44);
278.5883; (1.01, 0.14, 0.44);
278.5993; (1.01, 0.15, 0.44);
278.5993; (1.01, 0.14, 0.44);
278.6000; (1.01, 0.14, 0.44);
278.6105; (1.01, 0.15, 0.44);
278.6105; (1.01, 0.14, 0.44);
278.6200; (1.01, 0.14, 0.45);
278.6216; (1.01, 0.14, 0.45);
278.6216; (1.01, 0.14, 0.45);
278.6328; (1.01, 0.14, 0.45);
278.6328; (1.01, 0.14, 0.45);
278.6400; (1.01, 0.14, 0.45);
278.6439; (1.01, 0.14, 0.45);
278.6439; (1.01, 0.14, 0.45);
278.6549; (1.01, 0.14, 0.45);
278.6549; (1.01, 0.14, 0.45);
278.6600; (1.01, 0.14, 0.45);
278.6660; (1.01, 0.14, 0.46);
278.6660; (1.01, 0.14, 0.46);
278.6772; (1.01, 0.14, 0.45);
278.6772; (1.01, 0.14, 0.46);
278.6800; (1.01, 0.14, 0.46);
278.6882; (1.01, 0.14, 0.46);
278.6882; (1.01, 0.14, 0.46);
278.6993; (1.01, 0.14, 0.46);
278.6993; (1.01, 0.14, 0.46);
278.7000; (1.01, 0.14, 0.46);
278.7105; (1.01, 0.14, 0.46);
278.7105; (1.01, 0.14, 0.46);
278.7200; (1.01, 0.14, 0.46);
278.7215; (1.01, 0.14, 0.46);
278.7215; (1.01, 0.14, 0.46);
278.7327; (1.01, 0.14, 0.46);
278.7327; (1.01, 0.14, 0.47);
278.7400; (1.02, 0.14, 0.47);
278.7438; (1.02, 0.14, 0.47);
278.7438; (1.02, 0.14, 0.47);
278.7548; (1.02, 0.14, 0.47);
278.7548; (1.02, 0.14, 0.47);
278.7600; (1.02, 0.14, 0.47);
278.7661; (1.02, 0.14, 0.47);
278.7661; (1.02, 0.14, 0.47);
278.7772; (1.02, 0.14, 0.47);
278.7772; (1.02, 0.14, 0.48);
278.7800; (1.02, 0.14, 0.48);
278.7881; (1.02, 0.14, 0.48);
278.7881; (1.02, 0.14, 0.48);
278.7993; (1.02, 0.14, 0.48);
278.7993; (1.02, 0.14, 0.48);
278.8000; (1.02, 0.14, 0.48);
278.8105; (1.02, 0.14, 0.48);
278.8105; (1.02, 0.14, 0.48);
278.8200; (1.02, 0.14, 0.48);
278.8216; (1.02, 0.14, 0.48);
278.8216; (1.02, 0.14, 0.48);
278.8331; (1.02, 0.14, 0.48);
278.8331; (1.02, 0.14, 0.49);
278.8400; (1.02, 0.14, 0.49);
278.8439; (1.02, 0.15, 0.49);
278.8439; (1.02, 0.15, 0.49);
278.8549; (1.02, 0.14, 0.49);
278.8549; (1.02, 0.15, 0.49);
278.8600; (1.02, 0.15, 0.49);
278.8661; (1.02, 0.15, 0.49);
278.8661; (1.02, 0.15, 0.49);
278.8772; (1.02, 0.15, 0.49);
278.8772; (1.02, 0.15, 0.49);
278.8800; (1.02, 0.15, 0.49);
278.8882; (1.02, 0.15, 0.50);
278.8882; (1.02, 0.15, 0.50);
278.8994; (1.02, 0.15, 0.50);
278.8994; (1.02, 0.15, 0.50);
278.9000; (1.02, 0.15, 0.50);
278.9105; (1.02, 0.15, 0.50);
278.9105; (1.02, 0.15, 0.50);
278.9200; (1.02, 0.15, 0.50);
278.9216; (1.02, 0.15, 0.50);
278.9216; (1.02, 0.15, 0.50);
278.9326; (1.02, 0.15, 0.50);
278.9326; (1.02, 0.15, 0.50);
278.9400; (1.02, 0.15, 0.50);
278.9438; (1.02, 0.15, 0.51);
278.9438; (1.02, 0.15, 0.51);
278.9549; (1.02, 0.15, 0.51);
278.9549; (1.02, 0.15, 0.51);
278.9600; (1.02, 0.15, 0.51);
278.9661; (1.01, 0.15, 0.51);
278.9661; (1.01, 0.15, 0.51);
278.9772; (1.02, 0.15, 0.51);
278.9772; (1.01, 0.15, 0.51);
278.9800; (1.01, 0.15, 0.51);
278.9882; (1.01, 0.15, 0.51);
278.9882; (1.01, 0.15, 0.51);
278.9993; (1.01, 0.15, 0.51);
278.9993; (1.01, 0.15, 0.52);
279.0000; (1.01, 0.15, 0.52);
279.0104; (1.01, 0.15, 0.52);
279.0104; (1.01, 0.15, 0.52);
279.0200; (1.01, 0.15, 0.52);
279.0216; (1.01, 0.15, 0.52);
279.0216; (1.01, 0.15, 0.52);
279.0327; (1.01, 0.15, 0.52);
279.0327; (1.01, 0.15, 0.52);
279.0400; (1.01, 0.15, 0.52);
279.0438; (1.01, 0.15, 0.52);
279.0438; (1.01, 0.15, 0.52);
279.0550; (1.01, 0.15, 0.52);
279.0550; (1.01, 0.15, 0.52);
279.0600; (1.01, 0.15, 0.52);
279.0660; (1.01, 0.15, 0.52);
279.0660; (1.01, 0.15, 0.52);
279.0772; (1.01, 0.15, 0.52);
279.0772; (1.01, 0.15, 0.52);
279.0800; (1.01, 0.15, 0.52);
279.0883; (1.01, 0.15, 0.53);
279.0883; (1.01, 0.15, 0.53);
279.0993; (1.01, 0.15, 0.53);
279.0993; (1.01, 0.14, 0.53);
279.1000; (1.01, 0.14, 0.53);
279.1104; (1.01, 0.14, 0.53);
279.1104; (1.01, 0.14, 0.53);
279.1200; (1.00, 0.15, 0.52);
279.1216; (1.00, 0.15, 0.52);
279.1216; (1.00, 0.15, 0.52);
279.1327; (1.00, 0.16, 0.52);
279.1327; (1.00, 0.16, 0.52);
279.1400; (1.00, 0.16, 0.52);
279.1438; (0.99, 0.16, 0.52);
279.1438; (0.99, 0.16, 0.52);
279.1549; (0.99, 0.16, 0.52);
279.1549; (0.99, 0.16, 0.52);
279.1600; (0.99, 0.16, 0.52);
279.1660; (0.99, 0.16, 0.52);
279.1660; (0.99, 0.16, 0.52);
279.1773; (0.99, 0.16, 0.52);
279.1773; (0.99, 0.16, 0.52);
279.1800; (0.99, 0.16, 0.52);
279.1882; (0.99, 0.16, 0.52);
279.1882; (0.99, 0.16, 0.52);
279.1995; (0.99, 0.16, 0.52);
279.1995; (0.99, 0.16, 0.53);
279.2000; (0.99, 0.16, 0.53);
279.2105; (0.99, 0.16, 0.53);
279.2105; (0.99, 0.16, 0.53);
279.2200; (0.99, 0.16, 0.53);
279.2216; (0.99, 0.16, 0.53);
279.2216; (0.99, 0.16, 0.53);
279.2328; (0.99, 0.16, 0.53);
279.2328; (0.99, 0.16, 0.53);
279.2400; (0.99, 0.16, 0.53);
279.2439; (0.99, 0.16, 0.53);
279.2439; (0.99, 0.16, 0.53);
279.2552; (0.99, 0.16, 0.53);
279.2552; (0.99, 0.16, 0.53);
279.2600; (0.99, 0.16, 0.53);
279.2661; (0.99, 0.16, 0.53);
279.2661; (0.99, 0.16, 0.53);
279.2773; (0.99, 0.16, 0.53);
279.2773; (0.99, 0.16, 0.53);
279.2800; (0.99, 0.16, 0.53);
279.2883; (0.99, 0.16, 0.53);
279.2883; (0.99, 0.16, 0.53);
279.2994; (0.99, 0.16, 0.53);
279.2994; (0.98, 0.16, 0.53);
279.3000; (0.98, 0.16, 0.53);
279.3106; (0.98, 0.16, 0.53);
279.3106; (0.98, 0.16, 0.53);
279.3200; (0.98, 0.16, 0.53);
279.3217; (0.98, 0.16, 0.53);
279.3217; (0.98, 0.16, 0.53);
279.3328; (0.98, 0.16, 0.53);
279.3328; (0.98, 0.16, 0.53);
279.3400; (0.98, 0.17, 0.53);
279.3441; (0.98, 0.17, 0.53);
279.3441; (0.98, 0.17, 0.53);
279.3552; (0.98, 0.17, 0.53);
279.3552; (0.98, 0.17, 0.52);
279.3600; (0.98, 0.17, 0.53);
279.3665; (0.98, 0.17, 0.52);
279.3665; (0.98, 0.17, 0.52);
279.3773; (0.99, 0.17, 0.52);
279.3773; (0.99, 0.17, 0.52);
279.3800; (0.99, 0.17, 0.52);
279.3884; (0.98, 0.17, 0.52);
279.3884; (0.99, 0.17, 0.52);
279.3994; (0.98, 0.17, 0.52);
279.3994; (0.98, 0.17, 0.52);
279.4000; (0.98, 0.17, 0.52);
279.4106; (0.98, 0.17, 0.52);
279.4106; (0.98, 0.17, 0.52);
279.4200; (0.98, 0.17, 0.52);
279.4216; (0.98, 0.17, 0.52);
279.4216; (0.98, 0.17, 0.52);
279.4328; (0.98, 0.17, 0.52);
279.4328; (0.98, 0.17, 0.52);
279.4400; (0.98, 0.17, 0.52);
279.4438; (0.98, 0.17, 0.52);
279.4438; (0.98, 0.17, 0.52);
279.4549; (0.98, 0.17, 0.52);
279.4549; (0.98, 0.17, 0.52);
279.4600; (0.98, 0.17, 0.52);
279.4661; (0.98, 0.17, 0.52);
279.4661; (0.98, 0.17, 0.52);
279.4772; (0.98, 0.17, 0.52);
279.4772; (0.98, 0.17, 0.52);
279.4800; (0.98, 0.17, 0.52);
279.4882; (0.98, 0.17, 0.52);
279.4882; (0.98, 0.17, 0.52);
279.4993; (0.98, 0.17, 0.52);
279.4993; (0.98, 0.17, 0.52);
279.5000; (0.98, 0.17, 0.52);
279.5106; (0.98, 0.17, 0.52);
279.5106; (0.98, 0.17, 0.52);
279.5200; (0.98, 0.17, 0.52);
279.5217; (0.98, 0.17, 0.52);
279.5217; (0.98, 0.17, 0.52);
279.5328; (0.98, 0.17, 0.52);
279.5328; (0.98, 0.17, 0.52);
279.5400; (0.98, 0.17, 0.52);
279.5438; (0.99, 0.17, 0.52);
279.5438; (0.99, 0.17, 0.52);
279.5550; (0.99, 0.17, 0.52);
279.5550; (0.99, 0.17, 0.52);
279.5600; (0.99, 0.18, 0.52);
279.5660; (0.99, 0.18, 0.52);
279.5660; (0.99, 0.18, 0.52);
279.5772; (0.99, 0.18, 0.52);
279.5772; (0.99, 0.18, 0.52);
279.5800; (0.99, 0.18, 0.52);
279.5882; (0.99, 0.18, 0.52);
279.5882; (0.99, 0.18, 0.52);
279.5994; (0.99, 0.18, 0.52);
279.5994; (0.99, 0.18, 0.52);
279.6000; (0.99, 0.18, 0.52);
279.6105; (0.99, 0.18, 0.52);
279.6105; (0.99, 0.18, 0.52);
279.6200; (0.99, 0.18, 0.52);
279.6216; (0.99, 0.18, 0.52);
279.6216; (0.99, 0.18, 0.52);
279.6327; (0.99, 0.18, 0.52);
279.6327; (0.99, 0.18, 0.52);
279.6400; (0.99, 0.18, 0.52);
279.6439; (0.99, 0.18, 0.52);
279.6439; (0.99, 0.18, 0.52);
279.6549; (0.99, 0.18, 0.52);
279.6549; (0.99, 0.18, 0.52);
279.6600; (0.99, 0.18, 0.52);
279.6660; (0.98, 0.18, 0.52);
279.6660; (0.98, 0.18, 0.52);
279.6772; (0.98, 0.18, 0.52);
279.6772; (0.98, 0.18, 0.52);
279.6800; (0.98, 0.18, 0.52);
279.6883; (0.98, 0.18, 0.52);
279.6883; (0.98, 0.18, 0.52);
279.6995; (0.98, 0.18, 0.52);
279.6995; (0.98, 0.18, 0.52);
279.7000; (0.98, 0.18, 0.52);
279.7105; (0.98, 0.18, 0.52);
279.7105; (0.98, 0.18, 0.52);
279.7200; (0.98, 0.18, 0.52);
279.7220; (0.98, 0.18, 0.52);
279.7220; (0.98, 0.18, 0.52);
279.7327; (0.98, 0.18, 0.52);
279.7327; (0.98, 0.18, 0.52);
279.7400; (0.98, 0.18, 0.52);
279.7438; (0.98, 0.18, 0.52);
279.7438; (0.98, 0.18, 0.52);
279.7549; (0.98, 0.18, 0.52);
279.7549; (0.98, 0.18, 0.52);
279.7600; (0.98, 0.18, 0.52);
279.7660; (0.98, 0.18, 0.52);
279.7660; (0.98, 0.18, 0.52);
279.7771; (0.98, 0.18, 0.52);
279.7771; (0.98, 0.18, 0.52);
279.7800; (0.98, 0.18, 0.52);
279.7882; (0.98, 0.18, 0.51);
279.7882; (0.98, 0.18, 0.51);
279.7993; (0.98, 0.18, 0.51);
279.7993; (0.98, 0.18, 0.51);
279.8000; (0.98, 0.18, 0.51);
279.8105; (0.98, 0.18, 0.51);
279.8105; (0.98, 0.18, 0.51);
279.8200; (0.98, 0.18, 0.51);
279.8216; (0.98, 0.18, 0.51);
279.8216; (0.98, 0.18, 0.51);
279.8328; (0.98, 0.18, 0.51);
279.8328; (0.98, 0.18, 0.51);
279.8400; (0.98, 0.18, 0.51);
279.8438; (0.98, 0.18, 0.51);
279.8438; (0.98, 0.18, 0.51);
279.8549; (0.98, 0.18, 0.51);
279.8549; (0.98, 0.18, 0.51);
279.8600; (0.98, 0.18, 0.51);
279.8660; (0.98, 0.18, 0.51);
279.8660; (0.98, 0.18, 0.51);
279.8772; (0.98, 0.18, 0.51);
279.8772; (0.98, 0.18, 0.51);
279.8800; (0.98, 0.18, 0.51);
279.8882; (0.98, 0.18, 0.51);
279.8882; (0.98, 0.18, 0.51);
279.8993; (0.98, 0.18, 0.51);
279.8993; (0.98, 0.18, 0.50);
279.9000; (0.98, 0.18, 0.50);
279.9105; (0.98, 0.18, 0.50);
279.9105; (0.98, 0.18, 0.50);
279.9200; (0.98, 0.18, 0.50);
279.9216; (0.98, 0.18, 0.50);
279.9216; (0.98, 0.18, 0.50);
279.9327; (0.98, 0.18, 0.50);
279.9327; (0.98, 0.18, 0.50);
279.9400; (0.98, 0.18, 0.50);
279.9438; (0.98, 0.18, 0.50);
279.9438; (0.98, 0.18, 0.50);
279.9549; (0.98, 0.18, 0.50);
279.9549; (0.98, 0.18, 0.50);
279.9600; (0.98, 0.18, 0.50);
279.9660; (0.98, 0.18, 0.49);
279.9660; (0.98, 0.18, 0.49);
279.9772; (0.98, 0.18, 0.49);
279.9772; (0.98, 0.18, 0.49);
279.9800; (0.98, 0.18, 0.49);
279.9883; (0.98, 0.18, 0.49);
279.9883; (0.98, 0.18, 0.49);
279.9994; (0.98, 0.18, 0.49);
279.9994; (0.98, 0.18, 0.49);
280.0000; (0.98, 0.18, 0.49);
280.0105; (0.98, 0.18, 0.49);
280.0105; (0.98, 0.18, 0.49);
280.0200; (0.98, 0.18, 0.49);
280.0217; (0.98, 0.18, 0.48);
280.0217; (0.98, 0.18, 0.48);
280.0327; (0.98, 0.18, 0.48);
280.0327; (0.98, 0.18, 0.48);
280.0400; (0.98, 0.18, 0.48);
280.0439; (0.98, 0.18, 0.48);
280.0439; (0.98, 0.18, 0.48);
280.0549; (0.98, 0.18, 0.48);
280.0549; (0.98, 0.18, 0.48);
280.0600; (0.98, 0.18, 0.48);
280.0661; (0.98, 0.18, 0.48);
280.0661; (0.98, 0.18, 0.48);
280.0772; (0.98, 0.18, 0.48);
280.0772; (0.98, 0.18, 0.47);
280.0800; (0.98, 0.18, 0.47);
280.0882; (0.98, 0.18, 0.47);
280.0882; (0.98, 0.18, 0.47);
280.0993; (0.98, 0.18, 0.47);
280.0993; (0.98, 0.18, 0.47);
280.1000; (0.98, 0.18, 0.47);
280.1104; (0.98, 0.18, 0.47);
280.1104; (0.98, 0.18, 0.47);
280.1200; (0.98, 0.18, 0.47);
280.1216; (0.99, 0.18, 0.47);
280.1216; (0.99, 0.18, 0.47);
280.1328; (0.98, 0.18, 0.47);
280.1328; (0.99, 0.18, 0.46);
280.1400; (0.99, 0.18, 0.46);
280.1438; (0.99, 0.18, 0.46);
280.1438; (0.99, 0.18, 0.46);
280.1549; (0.99, 0.18, 0.46);
280.1549; (0.99, 0.18, 0.46);
280.1600; (0.99, 0.18, 0.46);
280.1660; (0.99, 0.18, 0.46);
280.1660; (0.99, 0.18, 0.46);
280.1772; (0.99, 0.18, 0.45);
280.1772; (0.99, 0.18, 0.45);
280.1800; (0.99, 0.18, 0.45);
280.1883; (0.99, 0.18, 0.45);
280.1883; (0.99, 0.18, 0.45);
280.1994; (0.99, 0.18, 0.45);
280.1994; (0.99, 0.18, 0.45);
280.2000; (0.99, 0.18, 0.45);
280.2106; (0.99, 0.18, 0.45);
280.2106; (0.99, 0.18, 0.45);
280.2200; (0.99, 0.18, 0.45);
280.2215; (0.99, 0.19, 0.45);
280.2215; (0.99, 0.19, 0.45);
280.2327; (0.99, 0.18, 0.45);
280.2327; (0.99, 0.19, 0.45);
280.2400; (0.99, 0.19, 0.45);
280.2438; (0.99, 0.19, 0.45);
280.2438; (0.99, 0.19, 0.45);
280.2549; (0.99, 0.19, 0.45);
280.2549; (0.99, 0.19, 0.44);
280.2600; (0.99, 0.19, 0.44);
280.2660; (0.99, 0.19, 0.44);
280.2660; (0.99, 0.19, 0.44);
280.2772; (0.99, 0.19, 0.44);
280.2772; (0.99, 0.19, 0.44);
280.2800; (0.99, 0.19, 0.44);
280.2883; (0.99, 0.19, 0.44);
280.2883; (0.99, 0.19, 0.44);
280.2996; (0.99, 0.19, 0.44);
280.2996; (0.99, 0.19, 0.44);
280.3000; (0.99, 0.19, 0.44);
280.3114; (0.99, 0.19, 0.44);
280.3114; (0.99, 0.19, 0.44);
280.3200; (0.99, 0.19, 0.44);
280.3219; (0.99, 0.19, 0.44);
280.3219; (0.99, 0.19, 0.44);
280.3332; (0.99, 0.19, 0.44);
280.3332; (0.99, 0.19, 0.44);
280.3400; (0.99, 0.19, 0.44);
280.3438; (0.99, 0.19, 0.44);
280.3438; (0.99, 0.19, 0.44);
280.3549; (0.99, 0.19, 0.44);
280.3549; (0.99, 0.19, 0.44);
280.3600; (0.99, 0.19, 0.44);
280.3662; (0.99, 0.19, 0.44);
280.3662; (0.99, 0.19, 0.44);
280.3773; (0.99, 0.19, 0.44);
280.3773; (0.99, 0.19, 0.44);
280.3800; (0.99, 0.19, 0.44);
280.3883; (0.99, 0.19, 0.44);
280.3883; (0.99, 0.19, 0.44);
280.3995; (0.99, 0.19, 0.44);
280.3995; (0.99, 0.19, 0.44);
280.4000; (0.99, 0.19, 0.44);
280.4105; (0.99, 0.20, 0.44);
280.4105; (0.99, 0.20, 0.44);
280.4200; (0.99, 0.20, 0.44);
280.4216; (0.99, 0.20, 0.44);
280.4216; (0.99, 0.20, 0.44);
280.4327; (0.99, 0.20, 0.44);
280.4327; (0.99, 0.20, 0.44);
280.4400; (0.99, 0.20, 0.44);
280.4438; (0.99, 0.20, 0.44);
280.4438; (0.99, 0.20, 0.44);
280.4549; (0.99, 0.20, 0.44);
280.4549; (0.99, 0.20, 0.44);
280.4600; (0.99, 0.20, 0.44);
280.4660; (0.99, 0.20, 0.44);
280.4660; (0.99, 0.20, 0.44);
280.4771; (0.99, 0.20, 0.44);
280.4771; (0.99, 0.20, 0.44);
280.4800; (0.99, 0.20, 0.44);
280.4883; (0.99, 0.20, 0.44);
280.4883; (0.99, 0.20, 0.44);
280.4994; (0.99, 0.20, 0.44);
280.4994; (0.99, 0.20, 0.44);
280.5000; (0.99, 0.20, 0.44);
280.5107; (0.99, 0.20, 0.44);
280.5107; (0.99, 0.20, 0.44);
280.5200; (0.99, 0.20, 0.44);
280.5219; (0.99, 0.20, 0.43);
280.5219; (0.99, 0.20, 0.43);
280.5328; (0.99, 0.20, 0.43);
280.5328; (0.99, 0.20, 0.43);
280.5400; (0.99, 0.20, 0.44);
280.5438; (0.99, 0.20, 0.43);
280.5438; (0.99, 0.20, 0.43);
280.5549; (0.99, 0.20, 0.44);
280.5549; (0.99, 0.20, 0.44);
280.5600; (0.99, 0.20, 0.44);
280.5660; (0.99, 0.20, 0.43);
280.5660; (0.99, 0.20, 0.43);
280.5771; (0.99, 0.20, 0.44);
280.5771; (0.99, 0.20, 0.44);
280.5800; (0.99, 0.20, 0.44);
280.5882; (0.99, 0.20, 0.44);
280.5882; (0.99, 0.20, 0.44);
280.5993; (0.99, 0.20, 0.44);
280.5993; (0.99, 0.20, 0.44);
280.6000; (0.99, 0.20, 0.44);
280.6105; (0.99, 0.19, 0.44);
280.6105; (0.99, 0.19, 0.44);
280.6200; (0.99, 0.19, 0.44);
280.6216; (0.98, 0.19, 0.44);
280.6216; (0.98, 0.19, 0.44);
280.6327; (0.98, 0.19, 0.44);
280.6327; (0.98, 0.19, 0.44);
280.6400; (0.98, 0.19, 0.44);
280.6438; (0.98, 0.19, 0.43);
280.6438; (0.98, 0.19, 0.43);
280.6549; (0.99, 0.19, 0.44);
280.6549; (0.98, 0.19, 0.43);
280.6600; (0.98, 0.19, 0.43);
280.6660; (0.98, 0.19, 0.43);
280.6660; (0.98, 0.19, 0.43);
280.6771; (0.99, 0.19, 0.43);
280.6771; (0.98, 0.19, 0.43);
280.6800; (0.98, 0.19, 0.43);
280.6883; (0.99, 0.19, 0.43);
280.6883; (0.99, 0.19, 0.43);
280.6993; (0.98, 0.19, 0.43);
280.6993; (0.98, 0.19, 0.43);
280.7000; (0.98, 0.19, 0.43);
280.7105; (0.98, 0.19, 0.43);
280.7105; (0.98, 0.19, 0.43);
280.7200; (0.98, 0.19, 0.43);
280.7216; (0.98, 0.19, 0.43);
280.7216; (0.98, 0.19, 0.43);
280.7327; (0.98, 0.19, 0.43);
280.7327; (0.98, 0.19, 0.43);
280.7400; (0.98, 0.19, 0.43);
280.7439; (0.98, 0.19, 0.43);
280.7439; (0.98, 0.19, 0.43);
280.7548; (0.98, 0.19, 0.43);
280.7548; (0.98, 0.19, 0.43);
280.7600; (0.98, 0.19, 0.43);
280.7660; (0.99, 0.19, 0.43);
280.7660; (0.99, 0.19, 0.43);
280.7770; (0.99, 0.19, 0.43);
280.7770; (0.99, 0.19, 0.43);
280.7800; (0.99, 0.19, 0.43);
280.7882; (0.99, 0.19, 0.43);
280.7882; (0.99, 0.19, 0.43);
280.7993; (0.99, 0.19, 0.43);
280.7993; (0.99, 0.19, 0.43);
280.8000; (0.99, 0.19, 0.43);
280.8105; (0.99, 0.19, 0.43);
280.8105; (0.99, 0.19, 0.43);
280.8200; (0.99, 0.19, 0.43);
280.8216; (0.99, 0.19, 0.43);
280.8216; (0.99, 0.19, 0.43);
280.8328; (0.99, 0.19, 0.43);
280.8328; (0.99, 0.19, 0.43);
280.8400; (0.99, 0.19, 0.43);
280.8439; (0.99, 0.19, 0.43);
280.8439; (0.99, 0.19, 0.43);
280.8549; (0.99, 0.19, 0.43);
280.8549; (0.99, 0.19, 0.43);
280.8600; (0.99, 0.19, 0.43);
280.8660; (0.99, 0.20, 0.43);
280.8660; (0.99, 0.20, 0.43);
280.8771; (0.99, 0.20, 0.43);
280.8771; (0.99, 0.20, 0.43);
280.8800; (0.99, 0.20, 0.43);
280.8882; (0.99, 0.20, 0.43);
280.8882; (0.99, 0.20, 0.43);
280.8993; (0.99, 0.20, 0.43);
280.8993; (0.99, 0.20, 0.43);
280.9000; (0.99, 0.20, 0.43);
280.9105; (0.99, 0.20, 0.43);
280.9105; (0.99, 0.20, 0.43);
280.9200; (0.99, 0.20, 0.43);
280.9217; (0.99, 0.20, 0.43);
280.9217; (0.99, 0.20, 0.43);
280.9327; (0.99, 0.20, 0.44);
280.9327; (0.99, 0.20, 0.44);
280.9400; (0.99, 0.20, 0.44);
280.9438; (0.99, 0.20, 0.44);
280.9438; (0.99, 0.20, 0.44);
280.9550; (0.99, 0.20, 0.44);
280.9550; (0.99, 0.20, 0.44);
280.9600; (0.99, 0.20, 0.44);
280.9659; (0.99, 0.20, 0.44);
280.9659; (0.99, 0.20, 0.44);
280.9771; (0.99, 0.20, 0.44);
280.9771; (0.99, 0.21, 0.44);
280.9800; (0.99, 0.21, 0.44);
280.9883; (0.99, 0.21, 0.44);
280.9883; (0.99, 0.21, 0.44);
280.9995; (0.99, 0.21, 0.44);
280.9995; (0.99, 0.21, 0.44);
281.0000; (0.99, 0.21, 0.44);
281.0107; (0.99, 0.21, 0.44);
281.0107; (0.99, 0.21, 0.44);
281.0200; (0.98, 0.21, 0.44);
281.0217; (0.98, 0.21, 0.44);
281.0217; (0.98, 0.21, 0.44);
281.0328; (0.98, 0.21, 0.44);
281.0328; (0.98, 0.21, 0.44);
281.0400; (0.98, 0.21, 0.44);
281.0438; (0.98, 0.21, 0.44);
281.0438; (0.98, 0.21, 0.44);
281.0550; (0.98, 0.21, 0.44);
281.0550; (0.98, 0.21, 0.44);
281.0600; (0.98, 0.21, 0.44);
281.0660; (0.98, 0.21, 0.44);
281.0660; (0.98, 0.21, 0.44);
281.0771; (0.98, 0.22, 0.44);
281.0771; (0.98, 0.22, 0.44);
281.0800; (0.98, 0.22, 0.44);
281.0882; (0.98, 0.22, 0.44);
281.0882; (0.98, 0.22, 0.44);
281.0993; (0.98, 0.22, 0.44);
281.0993; (0.98, 0.22, 0.44);
281.1000; (0.98, 0.22, 0.44);
281.1105; (0.98, 0.22, 0.44);
281.1105; (0.98, 0.22, 0.45);
281.1200; (0.98, 0.22, 0.45);
281.1216; (0.98, 0.22, 0.45);
281.1216; (0.98, 0.22, 0.45);
281.1326; (0.98, 0.22, 0.45);
281.1326; (0.98, 0.22, 0.45);
281.1400; (0.98, 0.22, 0.45);
281.1438; (0.98, 0.22, 0.45);
281.1438; (0.98, 0.22, 0.45);
281.1550; (0.98, 0.22, 0.45);
281.1550; (0.98, 0.22, 0.45);
281.1600; (0.98, 0.22, 0.45);
281.1660; (0.98, 0.22, 0.45);
281.1660; (0.98, 0.22, 0.45);
281.1772; (0.98, 0.22, 0.45);
281.1772; (0.98, 0.22, 0.45);
281.1800; (0.98, 0.22, 0.45);
281.1883; (0.98, 0.22, 0.45);
281.1883; (0.98, 0.22, 0.45);
281.1995; (0.98, 0.22, 0.45);
281.1995; (0.98, 0.23, 0.45);
281.2000; (0.98, 0.23, 0.45);
281.2105; (0.98, 0.23, 0.45);
281.2105; (0.98, 0.23, 0.45);
281.2200; (0.98, 0.23, 0.45);
281.2216; (0.98, 0.23, 0.45);
281.2216; (0.98, 0.23, 0.45);
281.2327; (0.98, 0.22, 0.45);
281.2327; (0.98, 0.22, 0.45);
281.2400; (0.98, 0.23, 0.45);
281.2437; (0.98, 0.22, 0.45);
281.2437; (0.98, 0.22, 0.45);
281.2550; (0.98, 0.23, 0.45);
281.2550; (0.98, 0.23, 0.45);
281.2600; (0.98, 0.23, 0.45);
281.2660; (0.97, 0.23, 0.46);
281.2660; (0.97, 0.23, 0.46);
281.2771; (0.97, 0.23, 0.45);
281.2771; (0.97, 0.23, 0.46);
281.2800; (0.97, 0.23, 0.46);
281.2882; (0.97, 0.23, 0.46);
281.2882; (0.97, 0.23, 0.46);
281.2993; (0.97, 0.23, 0.46);
281.2993; (0.97, 0.23, 0.46);
281.3000; (0.97, 0.23, 0.46);
281.3109; (0.97, 0.23, 0.46);
281.3109; (0.97, 0.23, 0.46);
281.3200; (0.97, 0.23, 0.46);
281.3216; (0.97, 0.23, 0.46);
281.3216; (0.97, 0.23, 0.46);
281.3327; (0.97, 0.23, 0.46);
281.3327; (0.97, 0.23, 0.46);
281.3400; (0.97, 0.23, 0.46);
281.3438; (0.97, 0.23, 0.46);
281.3438; (0.97, 0.23, 0.46);
281.3549; (0.97, 0.23, 0.46);
281.3549; (0.97, 0.23, 0.46);
281.3600; (0.97, 0.23, 0.46);
281.3660; (0.97, 0.23, 0.46);
281.3660; (0.97, 0.23, 0.46);
281.3771; (0.97, 0.23, 0.46);
281.3771; (0.97, 0.23, 0.46);
281.3800; (0.97, 0.23, 0.46);
281.3882; (0.97, 0.23, 0.46);
281.3882; (0.97, 0.23, 0.46);
281.3994; (0.97, 0.23, 0.46);
281.3994; (0.97, 0.23, 0.46);
281.4000; (0.97, 0.23, 0.46);
281.4105; (0.97, 0.23, 0.46);
281.4105; (0.97, 0.23, 0.46);
281.4200; (0.97, 0.23, 0.46);
281.4216; (0.97, 0.23, 0.46);
281.4216; (0.97, 0.23, 0.46);
281.4327; (0.97, 0.23, 0.46);
281.4327; (0.97, 0.23, 0.46);
281.4400; (0.97, 0.23, 0.46);
281.4439; (0.97, 0.23, 0.46);
281.4439; (0.97, 0.23, 0.46);
281.4550; (0.97, 0.23, 0.46);
281.4550; (0.97, 0.23, 0.46);
281.4600; (0.97, 0.23, 0.46);
281.4662; (0.97, 0.23, 0.46);
281.4662; (0.97, 0.23, 0.46);
281.4775; (0.97, 0.23, 0.46);
281.4775; (0.97, 0.23, 0.46);
281.4800; (0.97, 0.23, 0.46);
281.4886; (0.97, 0.23, 0.46);
281.4886; (0.97, 0.23, 0.46);
281.4995; (0.97, 0.23, 0.46);
281.4995; (0.97, 0.23, 0.46);
281.5000; (0.97, 0.23, 0.46);
281.5106; (0.97, 0.23, 0.46);
281.5106; (0.97, 0.23, 0.46);
281.5200; (0.97, 0.23, 0.46);
281.5218; (0.97, 0.23, 0.46);
281.5218; (0.97, 0.23, 0.46);
281.5328; (0.97, 0.23, 0.46);
281.5328; (0.97, 0.23, 0.46);
281.5400; (0.97, 0.23, 0.46);
281.5439; (0.97, 0.23, 0.46);
281.5439; (0.97, 0.23, 0.46);
281.5550; (0.97, 0.23, 0.46);
281.5550; (0.97, 0.23, 0.46);
281.5600; (0.97, 0.23, 0.46);
281.5661; (0.97, 0.23, 0.46);
281.5661; (0.97, 0.23, 0.46);
281.5771; (0.97, 0.24, 0.46);
281.5771; (0.97, 0.24, 0.46);
281.5800; (0.97, 0.24, 0.46);
281.5888; (0.97, 0.23, 0.46);
281.5888; (0.97, 0.24, 0.46);
281.5993; (0.97, 0.23, 0.46);
281.5993; (0.97, 0.23, 0.46);
281.6000; (0.97, 0.23, 0.46);
281.6106; (0.97, 0.24, 0.46);
281.6106; (0.97, 0.24, 0.46);
281.6200; (0.97, 0.24, 0.47);
281.6216; (0.97, 0.24, 0.47);
281.6216; (0.97, 0.24, 0.47);
281.6328; (0.97, 0.24, 0.47);
281.6328; (0.97, 0.24, 0.47);
281.6400; (0.97, 0.24, 0.47);
281.6440; (0.97, 0.24, 0.47);
281.6440; (0.97, 0.24, 0.47);
281.6555; (0.97, 0.24, 0.47);
281.6555; (0.97, 0.24, 0.47);
281.6600; (0.97, 0.24, 0.47);
281.6663; (0.97, 0.24, 0.47);
281.6663; (0.97, 0.24, 0.47);
281.6772; (0.97, 0.24, 0.47);
281.6772; (0.97, 0.24, 0.47);
281.6800; (0.97, 0.24, 0.47);
281.6882; (0.97, 0.24, 0.47);
281.6882; (0.97, 0.24, 0.47);
281.6994; (0.97, 0.24, 0.47);
281.6994; (0.97, 0.24, 0.47);
281.7000; (0.97, 0.24, 0.47);
281.7104; (0.97, 0.24, 0.47);
281.7104; (0.97, 0.24, 0.47);
281.7200; (0.97, 0.24, 0.47);
281.7216; (0.97, 0.24, 0.47);
281.7216; (0.97, 0.24, 0.47);
281.7326; (0.97, 0.24, 0.47);
281.7326; (0.97, 0.24, 0.47);
281.7400; (0.97, 0.24, 0.47);
281.7438; (0.97, 0.24, 0.47);
281.7438; (0.97, 0.24, 0.47);
281.7550; (0.97, 0.24, 0.47);
281.7550; (0.98, 0.24, 0.47);
281.7600; (0.97, 0.24, 0.47);
281.7661; (0.98, 0.24, 0.47);
281.7661; (0.98, 0.24, 0.47);
281.7771; (0.98, 0.24, 0.47);
281.7771; (0.98, 0.24, 0.47);
281.7800; (0.98, 0.24, 0.47);
281.7882; (0.98, 0.24, 0.47);
281.7882; (0.98, 0.24, 0.47);
281.7993; (0.98, 0.24, 0.47);
281.7993; (0.98, 0.24, 0.47);
281.8000; (0.98, 0.24, 0.47);
281.8105; (0.98, 0.24, 0.47);
281.8105; (0.98, 0.24, 0.47);
281.8200; (0.98, 0.24, 0.47);
281.8216; (0.98, 0.24, 0.48);
281.8216; (0.98, 0.24, 0.48);
281.8327; (0.98, 0.24, 0.47);
281.8327; (0.98, 0.24, 0.48);
281.8400; (0.98, 0.24, 0.48);
281.8438; (0.98, 0.24, 0.48);
281.8438; (0.98, 0.24, 0.48);
281.8550; (0.98, 0.24, 0.48);
281.8550; (0.98, 0.24, 0.48);
281.8600; (0.98, 0.24, 0.48);
281.8660; (0.98, 0.24, 0.48);
281.8660; (0.98, 0.24, 0.48);
281.8771; (0.98, 0.24, 0.48);
281.8771; (0.98, 0.24, 0.48);
281.8800; (0.98, 0.24, 0.48);
281.8882; (0.98, 0.24, 0.48);
281.8882; (0.98, 0.24, 0.48);
281.8994; (0.98, 0.24, 0.48);
281.8994; (0.98, 0.24, 0.48);
281.9000; (0.98, 0.24, 0.48);
281.9105; (0.98, 0.24, 0.48);
281.9105; (0.98, 0.24, 0.48);
281.9200; (0.98, 0.24, 0.48);
281.9216; (0.98, 0.24, 0.48);
281.9216; (0.98, 0.24, 0.48);
281.9327; (0.98, 0.24, 0.48);
281.9327; (0.98, 0.24, 0.48);
281.9400; (0.97, 0.24, 0.48);
281.9438; (0.97, 0.24, 0.47);
281.9438; (0.97, 0.24, 0.47);
281.9549; (0.98, 0.24, 0.48);
281.9549; (0.97, 0.24, 0.47);
281.9600; (0.98, 0.24, 0.48);
281.9660; (0.97, 0.24, 0.48);
281.9660; (0.97, 0.24, 0.48);
281.9772; (0.98, 0.24, 0.48);
281.9772; (0.98, 0.24, 0.48);
281.9800; (0.98, 0.24, 0.48);
281.9883; (0.98, 0.24, 0.48);
281.9883; (0.98, 0.24, 0.48);
281.9994; (0.98, 0.24, 0.48);
281.9994; (0.98, 0.24, 0.48);
282.0000; (0.98, 0.24, 0.48);
282.0104; (0.98, 0.24, 0.48);
282.0104; (0.98, 0.24, 0.48);
282.0200; (0.98, 0.24, 0.48);
282.0216; (0.98, 0.24, 0.48);
282.0216; (0.98, 0.24, 0.48);
282.0327; (0.98, 0.24, 0.48);
282.0327; (0.98, 0.24, 0.48);
282.0400; (0.98, 0.24, 0.48);
282.0437; (0.97, 0.24, 0.48);
282.0437; (0.97, 0.24, 0.48);
282.0549; (0.97, 0.24, 0.48);
282.0549; (0.97, 0.24, 0.48);
282.0600; (0.97, 0.24, 0.48);
282.0663; (0.97, 0.24, 0.48);
282.0663; (0.97, 0.24, 0.48);
282.0777; (0.98, 0.24, 0.48);
282.0777; (0.98, 0.24, 0.48);
282.0800; (0.98, 0.24, 0.48);
282.0883; (0.98, 0.24, 0.48);
282.0883; (0.98, 0.24, 0.48);
282.0994; (0.98, 0.24, 0.48);
282.0994; (0.98, 0.24, 0.48);
282.1000; (0.98, 0.24, 0.48);
282.1105; (0.98, 0.24, 0.48);
282.1105; (0.98, 0.24, 0.48);
282.1200; (0.98, 0.23, 0.48);
282.1216; (0.98, 0.23, 0.48);
282.1216; (0.98, 0.23, 0.48);
282.1327; (0.98, 0.23, 0.48);
282.1327; (0.98, 0.23, 0.48);
282.1400; (0.98, 0.23, 0.48);
282.1438; (0.98, 0.23, 0.48);
282.1438; (0.98, 0.23, 0.48);
282.1550; (0.98, 0.23, 0.48);
282.1550; (0.98, 0.23, 0.48);
282.1600; (0.98, 0.23, 0.48);
282.1661; (0.98, 0.23, 0.48);
282.1661; (0.98, 0.23, 0.48);
282.1772; (0.98, 0.23, 0.48);
282.1772; (0.98, 0.23, 0.48);
282.1800; (0.98, 0.23, 0.48);
282.1886; (0.98, 0.23, 0.48);
282.1886; (0.98, 0.23, 0.48);
282.1994; (0.98, 0.23, 0.48);
282.1994; (0.98, 0.23, 0.48);
282.2000; (0.98, 0.23, 0.48);
282.2104; (0.98, 0.23, 0.48);
282.2104; (0.98, 0.23, 0.48);
282.2200; (0.98, 0.23, 0.48);
282.2217; (0.98, 0.23, 0.48);
282.2217; (0.98, 0.23, 0.48);
282.2327; (0.98, 0.23, 0.48);
282.2327; (0.98, 0.23, 0.48);
282.2400; (0.98, 0.23, 0.48);
282.2438; (0.98, 0.23, 0.48);
282.2438; (0.98, 0.23, 0.48);
282.2549; (0.98, 0.23, 0.48);
282.2549; (0.98, 0.23, 0.48);
282.2600; (0.98, 0.24, 0.48);
282.2660; (0.98, 0.24, 0.48);
282.2660; (0.98, 0.24, 0.48);
282.2771; (0.98, 0.23, 0.48);
282.2771; (0.98, 0.24, 0.48);
282.2800; (0.98, 0.24, 0.48);
282.2883; (0.98, 0.24, 0.48);
282.2883; (0.98, 0.24, 0.48);
282.2994; (0.98, 0.24, 0.48);
282.2994; (0.98, 0.24, 0.48);
282.3000; (0.98, 0.24, 0.48);
282.3105; (0.98, 0.24, 0.48);
282.3105; (0.98, 0.24, 0.48);
282.3200; (0.98, 0.24, 0.48);
282.3217; (0.98, 0.24, 0.48);
282.3217; (0.98, 0.24, 0.48);
282.3328; (0.98, 0.23, 0.48);
282.3328; (0.98, 0.23, 0.48);
282.3400; (0.98, 0.23, 0.48);
282.3438; (0.98, 0.23, 0.48);
282.3438; (0.98, 0.23, 0.48);
282.3550; (0.98, 0.23, 0.48);
282.3550; (0.98, 0.23, 0.48);
282.3600; (0.98, 0.23, 0.48);
282.3662; (0.98, 0.23, 0.48);
282.3662; (0.98, 0.23, 0.48);
282.3772; (0.98, 0.24, 0.48);
282.3772; (0.98, 0.24, 0.48);
282.3800; (0.98, 0.24, 0.48);
282.3882; (0.98, 0.24, 0.48);
282.3882; (0.98, 0.24, 0.48);
282.3996; (0.98, 0.24, 0.48);
282.3996; (0.98, 0.24, 0.48);
282.4000; (0.98, 0.24, 0.48);
282.4105; (0.98, 0.24, 0.48);
282.4105; (0.98, 0.24, 0.48);
282.4200; (0.98, 0.24, 0.48);
282.4216; (0.98, 0.24, 0.48);
282.4216; (0.98, 0.24, 0.48);
282.4327; (0.98, 0.23, 0.48);
282.4327; (0.98, 0.23, 0.48);
282.4400; (0.98, 0.23, 0.48);
282.4438; (0.98, 0.23, 0.48);
282.4438; (0.98, 0.23, 0.48);
282.4550; (0.98, 0.23, 0.48);
282.4550; (0.98, 0.23, 0.48);
282.4600; (0.98, 0.24, 0.48);
282.4662; (0.98, 0.24, 0.48);
282.4662; (0.98, 0.24, 0.48);
282.4777; (0.98, 0.24, 0.48);
282.4777; (0.98, 0.24, 0.48);
282.4800; (0.98, 0.24, 0.48);
282.4883; (0.98, 0.24, 0.48);
282.4883; (0.98, 0.24, 0.48);
282.4994; (0.98, 0.24, 0.48);
282.4994; (0.98, 0.24, 0.48);
282.5000; (0.98, 0.24, 0.48);
282.5106; (0.98, 0.24, 0.48);
282.5106; (0.98, 0.24, 0.48);
282.5200; (0.98, 0.23, 0.48);
282.5215; (0.98, 0.23, 0.48);
282.5215; (0.98, 0.23, 0.48);
282.5328; (0.98, 0.23, 0.48);
282.5328; (0.98, 0.23, 0.48);
282.5400; (0.98, 0.23, 0.48);
282.5439; (0.98, 0.23, 0.48);
282.5439; (0.98, 0.23, 0.48);
282.5554; (0.98, 0.23, 0.48);
282.5554; (0.98, 0.23, 0.48);
282.5600; (0.98, 0.23, 0.48);
282.5662; (0.98, 0.23, 0.48);
282.5662; (0.98, 0.23, 0.48);
282.5774; (0.98, 0.23, 0.48);
282.5774; (0.98, 0.23, 0.49);
282.5800; (0.98, 0.23, 0.49);
282.5884; (0.98, 0.23, 0.48);
282.5884; (0.98, 0.23, 0.49);
282.5998; (0.98, 0.23, 0.48);
282.5998; (0.98, 0.23, 0.49);
282.6000; (0.98, 0.23, 0.49);
282.6106; (0.98, 0.23, 0.48);
282.6106; (0.98, 0.23, 0.48);
282.6200; (0.98, 0.23, 0.48);
282.6216; (0.98, 0.23, 0.48);
282.6216; (0.98, 0.23, 0.48);
282.6328; (0.98, 0.23, 0.48);
282.6328; (0.98, 0.23, 0.48);
282.6400; (0.98, 0.23, 0.48);
282.6439; (0.98, 0.23, 0.48);
282.6439; (0.98, 0.23, 0.48);
282.6551; (0.98, 0.23, 0.48);
282.6551; (0.98, 0.23, 0.48);
282.6600; (0.98, 0.23, 0.48);
282.6661; (0.98, 0.23, 0.48);
282.6661; (0.98, 0.23, 0.48);
282.6772; (0.98, 0.23, 0.48);
282.6772; (0.98, 0.23, 0.48);
282.6800; (0.98, 0.23, 0.48);
282.6882; (0.98, 0.23, 0.48);
282.6882; (0.98, 0.23, 0.48);
282.6993; (0.98, 0.23, 0.48);
282.6993; (0.98, 0.23, 0.48);
282.7000; (0.98, 0.23, 0.48);
282.7105; (0.98, 0.23, 0.49);
282.7105; (0.98, 0.23, 0.48);
282.7200; (0.98, 0.23, 0.49);
282.7215; (0.98, 0.23, 0.49);
282.7215; (0.98, 0.23, 0.49);
282.7326; (0.98, 0.23, 0.48);
282.7326; (0.98, 0.23, 0.48);
282.7400; (0.98, 0.23, 0.48);
282.7438; (0.98, 0.23, 0.48);
282.7438; (0.98, 0.23, 0.48);
282.7549; (0.98, 0.23, 0.48);
282.7549; (0.98, 0.23, 0.48);
282.7600; (0.98, 0.23, 0.48);
282.7661; (0.98, 0.23, 0.48);
282.7661; (0.98, 0.23, 0.48);
282.7771; (0.98, 0.23, 0.48);
282.7771; (0.98, 0.23, 0.48);
282.7800; (0.98, 0.23, 0.48);
282.7882; (0.98, 0.23, 0.48);
282.7882; (0.98, 0.23, 0.48);
282.7993; (0.98, 0.23, 0.48);
282.7993; (0.98, 0.23, 0.48);
282.8000; (0.98, 0.23, 0.48);
282.8105; (0.98, 0.23, 0.48);
282.8105; (0.98, 0.23, 0.48);
282.8200; (0.98, 0.23, 0.48);
282.8216; (0.98, 0.23, 0.48);
282.8216; (0.98, 0.23, 0.48);
282.8328; (0.98, 0.23, 0.48);
282.8328; (0.98, 0.22, 0.48);
282.8400; (0.98, 0.22, 0.48);
282.8438; (0.98, 0.22, 0.48);
282.8438; (0.98, 0.22, 0.48);
282.8549; (0.98, 0.22, 0.48);
282.8549; (0.98, 0.22, 0.48);
282.8600; (0.98, 0.22, 0.48);
282.8661; (0.98, 0.22, 0.48);
282.8661; (0.98, 0.22, 0.48);
282.8772; (0.98, 0.22, 0.48);
282.8772; (0.98, 0.22, 0.48);
282.8800; (0.98, 0.22, 0.48);
282.8882; (0.98, 0.22, 0.48);
282.8882; (0.98, 0.22, 0.48);
282.8993; (0.98, 0.22, 0.48);
282.8993; (0.98, 0.22, 0.48);
282.9000; (0.98, 0.22, 0.48);
282.9106; (0.98, 0.22, 0.48);
282.9106; (0.98, 0.22, 0.49);
282.9200; (0.98, 0.22, 0.49);
282.9214; (0.98, 0.22, 0.49);
282.9214; (0.98, 0.22, 0.49);
282.9326; (0.98, 0.22, 0.49);
282.9326; (0.98, 0.22, 0.49);
282.9400; (0.98, 0.22, 0.49);
282.9438; (0.98, 0.22, 0.49);
282.9438; (0.98, 0.22, 0.49);
282.9549; (0.98, 0.22, 0.49);
282.9549; (0.98, 0.22, 0.49);
282.9600; (0.98, 0.22, 0.49);
282.9661; (0.98, 0.22, 0.49);
282.9661; (0.98, 0.22, 0.49);
282.9772; (0.99, 0.22, 0.49);
282.9772; (0.99, 0.22, 0.49);
282.9800; (0.99, 0.22, 0.49);
282.9882; (0.99, 0.22, 0.49);
282.9882; (0.99, 0.22, 0.49);
282.9993; (0.99, 0.22, 0.49);
282.9993; (0.99, 0.22, 0.49);
283.0000; (0.99, 0.22, 0.49);
283.0104; (0.99, 0.22, 0.49);
283.0104; (0.99, 0.22, 0.49);
283.0200; (0.99, 0.22, 0.49);
283.0215; (0.99, 0.22, 0.49);
283.0215; (0.99, 0.22, 0.49);
283.0327; (0.99, 0.22, 0.49);
283.0327; (0.99, 0.22, 0.49);
283.0400; (0.99, 0.22, 0.49);
283.0438; (0.99, 0.22, 0.49);
283.0438; (0.99, 0.22, 0.49);
283.0548; (0.99, 0.22, 0.49);
283.0548; (0.99, 0.22, 0.49);
283.0600; (0.99, 0.22, 0.49);
283.0661; (0.99, 0.22, 0.49);
283.0661; (0.99, 0.22, 0.49);
283.0772; (0.99, 0.22, 0.49);
283.0772; (0.99, 0.22, 0.49);
283.0800; (0.99, 0.22, 0.49);
283.0883; (0.99, 0.22, 0.49);
283.0883; (0.99, 0.22, 0.49);
283.0993; (0.99, 0.22, 0.49);
283.0993; (0.99, 0.22, 0.49);
283.1000; (0.99, 0.22, 0.49);
283.1104; (0.99, 0.22, 0.49);
283.1104; (0.99, 0.22, 0.49);
283.1200; (0.99, 0.22, 0.49);
283.1215; (0.99, 0.22, 0.49);
283.1215; (0.99, 0.22, 0.49);
283.1328; (0.99, 0.22, 0.49);
283.1328; (0.99, 0.22, 0.49);
283.1400; (0.99, 0.22, 0.49);
283.1439; (0.99, 0.22, 0.49);
283.1439; (0.99, 0.22, 0.49);
283.1549; (0.99, 0.22, 0.49);
283.1549; (0.99, 0.22, 0.49);
283.1600; (0.99, 0.22, 0.49);
283.1660; (0.99, 0.22, 0.49);
283.1660; (0.99, 0.22, 0.49);
283.1771; (0.99, 0.22, 0.49);
283.1771; (0.99, 0.22, 0.49);
283.1800; (0.99, 0.22, 0.49);
283.1882; (0.99, 0.22, 0.49);
283.1882; (0.99, 0.22, 0.49);
283.1993; (0.99, 0.22, 0.49);
283.1993; (0.99, 0.22, 0.49);
283.2000; (0.99, 0.22, 0.49);
283.2104; (0.99, 0.22, 0.49);
283.2104; (0.99, 0.22, 0.49);
283.2200; (0.99, 0.22, 0.49);
283.2216; (0.99, 0.22, 0.49);
283.2216; (0.99, 0.22, 0.49);
283.2327; (0.99, 0.22, 0.49);
283.2327; (0.99, 0.22, 0.49);
283.2400; (0.99, 0.22, 0.49);
283.2438; (0.99, 0.22, 0.49);
283.2438; (0.99, 0.22, 0.49);
283.2548; (0.99, 0.22, 0.49);
283.2548; (0.99, 0.22, 0.49);
283.2600; (0.99, 0.22, 0.49);
283.2661; (0.99, 0.22, 0.49);
283.2661; (0.99, 0.22, 0.49);
283.2771; (0.99, 0.22, 0.49);
283.2771; (0.99, 0.22, 0.50);
283.2800; (0.99, 0.22, 0.50);
283.2883; (0.99, 0.22, 0.50);
283.2883; (0.99, 0.22, 0.50);
283.2993; (0.99, 0.22, 0.50);
283.2993; (0.99, 0.22, 0.50);
283.3000; (0.99, 0.22, 0.50);
283.3105; (0.99, 0.22, 0.50);
283.3105; (0.99, 0.22, 0.50);
283.3200; (0.99, 0.22, 0.50);
283.3215; (0.99, 0.22, 0.50);
283.3215; (0.99, 0.22, 0.50);
283.3328; (0.99, 0.22, 0.50);
283.3328; (0.99, 0.22, 0.50);
283.3400; (0.99, 0.22, 0.50);
283.3438; (0.99, 0.22, 0.50);
283.3438; (0.99, 0.22, 0.50);
283.3549; (0.99, 0.22, 0.50);
283.3549; (0.99, 0.22, 0.50);
283.3600; (0.99, 0.22, 0.50);
283.3661; (0.99, 0.21, 0.50);
283.3661; (0.99, 0.21, 0.50);
283.3772; (0.99, 0.21, 0.50);
283.3772; (0.99, 0.21, 0.50);
283.3800; (0.99, 0.21, 0.50);
283.3883; (0.99, 0.21, 0.50);
283.3883; (0.99, 0.21, 0.50);
283.3997; (0.99, 0.21, 0.50);
283.3997; (0.99, 0.21, 0.50);
283.4000; (0.99, 0.21, 0.50);
283.4104; (0.99, 0.21, 0.50);
283.4104; (0.99, 0.21, 0.50);
283.4200; (0.99, 0.21, 0.50);
283.4217; (0.99, 0.21, 0.50);
283.4217; (0.99, 0.21, 0.50);
283.4330; (0.99, 0.21, 0.50);
283.4330; (0.99, 0.21, 0.50);
283.4400; (0.99, 0.21, 0.50);
283.4438; (0.99, 0.21, 0.50);
283.4438; (0.99, 0.21, 0.50);
283.4550; (0.99, 0.21, 0.50);
283.4550; (0.99, 0.21, 0.50);
283.4600; (0.99, 0.21, 0.50);
