Experiment: 6
Latency: 600
Source: (0.82, 0.70, 0.50)
SourceSize: 0.0750
Target: (0.18, 0.30, 0.50)
TargetSize: 0.0250

Trace:
time; position; button;
208.0178; (0.81, 0.69, 0.47);
208.0200; (0.81, 0.69, 0.47);
208.0292; (0.81, 0.69, 0.47);
208.0292; (0.81, 0.69, 0.47);
208.0400; (0.81, 0.69, 0.47);
208.0402; (0.81, 0.69, 0.47);
208.0402; (0.81, 0.69, 0.47);
208.0511; (0.81, 0.69, 0.47);
208.0511; (0.81, 0.69, 0.47);
208.0600; (0.81, 0.69, 0.47);
208.0622; (0.81, 0.69, 0.47);
208.0622; (0.81, 0.69, 0.47);
208.0731; (0.81, 0.69, 0.47);
208.0731; (0.81, 0.69, 0.47);
208.0800; (0.81, 0.69, 0.47);
208.0845; (0.81, 0.69, 0.47);
208.0845; (0.81, 0.69, 0.47);
208.0957; (0.81, 0.69, 0.47);
208.0957; (0.81, 0.69, 0.47);
208.1000; (0.81, 0.69, 0.47);
208.1067; (0.81, 0.69, 0.47);
208.1067; (0.81, 0.69, 0.47);
208.1176; (0.81, 0.69, 0.47);
208.1176; (0.80, 0.69, 0.48);
208.1200; (0.80, 0.69, 0.48);
208.1287; (0.81, 0.69, 0.48);
208.1287; (0.81, 0.69, 0.48);
208.1400; (0.81, 0.69, 0.48);
208.1403; (0.80, 0.69, 0.48);
208.1403; (0.80, 0.69, 0.48);
208.1513; (0.80, 0.69, 0.48);
208.1513; (0.80, 0.69, 0.48);
208.1600; (0.80, 0.69, 0.48);
208.1624; (0.80, 0.69, 0.48);
208.1624; (0.80, 0.69, 0.48);
208.1734; (0.80, 0.69, 0.48);
208.1734; (0.80, 0.69, 0.48);
208.1800; (0.80, 0.69, 0.48);
208.1846; (0.80, 0.69, 0.48);
208.1846; (0.80, 0.69, 0.48);
208.1954; (0.80, 0.69, 0.48);
208.1954; (0.80, 0.69, 0.48);
208.2000; (0.80, 0.69, 0.48);
208.2068; (0.80, 0.69, 0.48);
208.2068; (0.80, 0.69, 0.48);
208.2176; (0.80, 0.70, 0.48);
208.2176; (0.80, 0.70, 0.49);
208.2200; (0.80, 0.70, 0.49);
208.2291; (0.80, 0.70, 0.48);
208.2291; (0.80, 0.70, 0.49);
208.2398; (0.80, 0.70, 0.49);
208.2398; (0.80, 0.70, 0.49);
208.2400; (0.80, 0.70, 0.49);
208.2514; (0.80, 0.70, 0.49);
208.2514; (0.80, 0.70, 0.49);
208.2600; (0.80, 0.70, 0.49);
208.2620; (0.80, 0.70, 0.49);
208.2620; (0.80, 0.70, 0.49);
208.2732; (0.80, 0.70, 0.49);
208.2732; (0.80, 0.70, 0.49);
208.2800; (0.80, 0.70, 0.49);
208.2849; (0.80, 0.70, 0.49);
208.2849; (0.80, 0.70, 0.49);
208.2955; (0.80, 0.70, 0.49);
208.2955; (0.80, 0.70, 0.49);
208.3000; (0.80, 0.70, 0.49);
208.3066; (0.80, 0.70, 0.49);
208.3066; (0.80, 0.71, 0.49);
208.3178; (0.80, 0.71, 0.49);
208.3178; (0.80, 0.71, 0.49);
208.3200; (0.80, 0.71, 0.49);
208.3292; (0.80, 0.71, 0.49);
208.3292; (0.80, 0.71, 0.49);
208.3400; (0.80, 0.71, 0.49);
208.3401; (0.80, 0.71, 0.49);
208.3401; (0.80, 0.71, 0.49);
208.3511; (0.80, 0.71, 0.49);
208.3511; (0.80, 0.71, 0.49);
208.3600; (0.80, 0.71, 0.49);
208.3623; (0.80, 0.71, 0.49);
208.3623; (0.80, 0.71, 0.49);
208.3736; (0.80, 0.71, 0.49);
208.3736; (0.80, 0.71, 0.50);
208.3800; (0.80, 0.71, 0.50);
208.3851; (0.80, 0.71, 0.50);
208.3851; (0.80, 0.71, 0.50);
208.3961; (0.80, 0.71, 0.50);
208.3961; (0.80, 0.71, 0.50);
208.4000; (0.80, 0.71, 0.50);
208.4073; (0.80, 0.71, 0.50);
208.4073; (0.80, 0.71, 0.50);
208.4182; (0.80, 0.71, 0.50);
208.4182; (0.80, 0.71, 0.50);
208.4200; (0.80, 0.71, 0.50);
208.4303; (0.80, 0.71, 0.50);
208.4303; (0.80, 0.71, 0.50);
208.4400; (0.80, 0.71, 0.50);
208.4405; (0.80, 0.71, 0.50);
208.4405; (0.80, 0.71, 0.50);
208.4515; (0.80, 0.71, 0.50);
208.4515; (0.80, 0.71, 0.50);
208.4600; (0.80, 0.71, 0.50);
208.4623; (0.80, 0.71, 0.50);
208.4623; (0.80, 0.71, 0.50);
208.4739; (0.80, 0.71, 0.49);
208.4739; (0.80, 0.71, 0.49);
208.4800; (0.80, 0.71, 0.49);
208.4852; (0.80, 0.71, 0.49);
208.4852; (0.80, 0.71, 0.49);
208.4959; (0.80, 0.71, 0.49);
208.4959; (0.80, 0.71, 0.49);
208.5000; (0.80, 0.71, 0.49);
208.5070; (0.80, 0.71, 0.49);
208.5070; (0.80, 0.71, 0.49);
208.5184; (0.80, 0.71, 0.49);
208.5184; (0.80, 0.71, 0.49);
208.5200; (0.80, 0.71, 0.49);
208.5295; (0.80, 0.71, 0.49);
208.5295; (0.80, 0.71, 0.49);
208.5400; (0.80, 0.71, 0.49);
208.5405; (0.80, 0.71, 0.49);
208.5405; (0.80, 0.71, 0.49);
208.5515; (0.80, 0.71, 0.49);
208.5515; (0.80, 0.71, 0.49);
208.5600; (0.80, 0.71, 0.49);
208.5627; (0.80, 0.71, 0.49);
208.5627; (0.80, 0.71, 0.49);
208.5739; (0.80, 0.71, 0.49);
208.5739; (0.79, 0.71, 0.49);
208.5800; (0.79, 0.71, 0.49);
208.5853; (0.79, 0.71, 0.49);
208.5853; (0.79, 0.71, 0.49);
208.5958; (0.79, 0.71, 0.49);
208.5958; (0.79, 0.70, 0.49);
208.6000; (0.79, 0.70, 0.49);
208.6070; (0.79, 0.70, 0.49);
208.6070; (0.79, 0.70, 0.49);
208.6180; (0.79, 0.70, 0.49);
208.6180; (0.79, 0.70, 0.49);
208.6200; (0.79, 0.70, 0.49);
208.6292; (0.78, 0.70, 0.48);
208.6292; (0.78, 0.70, 0.48);
208.6400; (0.79, 0.71, 0.48);
208.6406; (0.79, 0.70, 0.48);
208.6406; (0.79, 0.70, 0.48);
208.6517; (0.79, 0.70, 0.48);
208.6517; (0.79, 0.70, 0.48);
208.6600; (0.79, 0.70, 0.48);
208.6629; (0.78, 0.70, 0.48);
208.6629; (0.78, 0.70, 0.48);
208.6741; (0.79, 0.70, 0.48);
208.6741; (0.79, 0.70, 0.48);
208.6800; (0.79, 0.70, 0.48);
208.6851; (0.79, 0.70, 0.48);
208.6851; (0.79, 0.70, 0.48);
208.6962; (0.79, 0.70, 0.48);
208.6962; (0.78, 0.70, 0.48);
208.7000; (0.78, 0.70, 0.48);
208.7071; (0.78, 0.70, 0.48);
208.7071; (0.78, 0.70, 0.48);
208.7185; (0.78, 0.70, 0.48);
208.7185; (0.78, 0.70, 0.48);
208.7200; (0.78, 0.70, 0.48);
208.7294; (0.78, 0.70, 0.48);
208.7294; (0.78, 0.69, 0.48);
208.7400; (0.78, 0.69, 0.47);
208.7404; (0.78, 0.69, 0.47);
208.7404; (0.78, 0.69, 0.47);
208.7517; (0.78, 0.69, 0.47);
208.7517; (0.77, 0.69, 0.47);
208.7600; (0.77, 0.69, 0.47);
208.7627; (0.77, 0.69, 0.47);
208.7627; (0.77, 0.69, 0.47);
208.7736; (0.77, 0.69, 0.47);
208.7736; (0.77, 0.69, 0.47);
208.7800; (0.77, 0.69, 0.47);
208.7847; (0.76, 0.69, 0.47);
208.7847; (0.76, 0.69, 0.46);
208.7957; (0.76, 0.68, 0.47);
208.7957; (0.75, 0.68, 0.46);
208.8000; (0.75, 0.68, 0.46);
208.8070; (0.75, 0.68, 0.46);
208.8070; (0.75, 0.68, 0.46);
208.8180; (0.75, 0.68, 0.46);
208.8180; (0.74, 0.67, 0.46);
208.8200; (0.74, 0.67, 0.46);
208.8289; (0.74, 0.67, 0.46);
208.8289; (0.74, 0.67, 0.46);
208.8400; (0.73, 0.67, 0.46);
208.8401; (0.73, 0.66, 0.46);
208.8401; (0.73, 0.66, 0.46);
208.8512; (0.73, 0.66, 0.46);
208.8512; (0.72, 0.66, 0.45);
208.8600; (0.72, 0.66, 0.45);
208.8623; (0.71, 0.65, 0.45);
208.8623; (0.71, 0.65, 0.45);
208.8739; (0.71, 0.65, 0.45);
208.8739; (0.70, 0.65, 0.45);
208.8800; (0.70, 0.65, 0.45);
208.8848; (0.70, 0.65, 0.45);
208.8848; (0.69, 0.64, 0.44);
208.8957; (0.69, 0.64, 0.44);
208.8957; (0.67, 0.64, 0.44);
208.9000; (0.67, 0.64, 0.44);
208.9074; (0.67, 0.64, 0.44);
208.9074; (0.66, 0.63, 0.44);
208.9177; (0.66, 0.63, 0.44);
208.9177; (0.65, 0.62, 0.43);
208.9200; (0.65, 0.62, 0.43);
208.9293; (0.65, 0.62, 0.44);
208.9293; (0.63, 0.61, 0.43);
208.9400; (0.63, 0.61, 0.43);
208.9404; (0.62, 0.61, 0.43);
208.9404; (0.62, 0.61, 0.43);
208.9514; (0.62, 0.60, 0.43);
208.9514; (0.60, 0.60, 0.43);
208.9600; (0.60, 0.60, 0.43);
208.9625; (0.60, 0.60, 0.43);
208.9625; (0.59, 0.59, 0.42);
208.9735; (0.59, 0.59, 0.42);
208.9735; (0.57, 0.59, 0.42);
208.9800; (0.57, 0.59, 0.42);
208.9844; (0.57, 0.59, 0.42);
208.9844; (0.56, 0.58, 0.42);
208.9955; (0.56, 0.58, 0.42);
208.9955; (0.55, 0.58, 0.42);
209.0000; (0.55, 0.58, 0.42);
209.0066; (0.55, 0.58, 0.42);
209.0066; (0.54, 0.57, 0.42);
209.0183; (0.54, 0.57, 0.42);
209.0183; (0.53, 0.56, 0.42);
209.0200; (0.53, 0.56, 0.42);
209.0294; (0.53, 0.56, 0.42);
209.0294; (0.52, 0.56, 0.42);
209.0400; (0.52, 0.56, 0.42);
209.0403; (0.51, 0.56, 0.42);
209.0403; (0.51, 0.56, 0.42);
209.0514; (0.51, 0.56, 0.42);
209.0514; (0.50, 0.55, 0.42);
209.0600; (0.50, 0.55, 0.42);
209.0625; (0.50, 0.55, 0.42);
209.0625; (0.49, 0.54, 0.42);
209.0734; (0.49, 0.54, 0.42);
209.0734; (0.48, 0.54, 0.42);
209.0800; (0.48, 0.54, 0.42);
209.0846; (0.48, 0.54, 0.42);
209.0846; (0.47, 0.53, 0.42);
209.0954; (0.47, 0.53, 0.42);
209.0954; (0.46, 0.53, 0.42);
209.1000; (0.46, 0.53, 0.42);
209.1070; (0.46, 0.53, 0.42);
209.1070; (0.45, 0.53, 0.42);
209.1180; (0.45, 0.53, 0.42);
209.1180; (0.44, 0.52, 0.42);
209.1200; (0.44, 0.52, 0.42);
209.1290; (0.44, 0.52, 0.42);
209.1290; (0.43, 0.52, 0.43);
209.1398; (0.43, 0.52, 0.42);
209.1398; (0.43, 0.51, 0.42);
209.1400; (0.43, 0.51, 0.42);
209.1514; (0.42, 0.51, 0.42);
209.1514; (0.42, 0.51, 0.42);
209.1600; (0.42, 0.51, 0.42);
209.1622; (0.42, 0.51, 0.42);
209.1622; (0.41, 0.50, 0.42);
209.1735; (0.41, 0.50, 0.42);
209.1735; (0.40, 0.50, 0.42);
209.1800; (0.40, 0.50, 0.42);
209.1843; (0.40, 0.50, 0.42);
209.1843; (0.39, 0.50, 0.43);
209.1958; (0.40, 0.50, 0.43);
209.1958; (0.39, 0.49, 0.43);
209.2000; (0.39, 0.49, 0.43);
209.2065; (0.39, 0.49, 0.43);
209.2065; (0.38, 0.49, 0.43);
209.2178; (0.38, 0.49, 0.43);
209.2178; (0.37, 0.48, 0.43);
209.2200; (0.37, 0.48, 0.43);
209.2289; (0.37, 0.48, 0.43);
209.2289; (0.37, 0.48, 0.43);
209.2400; (0.37, 0.48, 0.43);
209.2402; (0.36, 0.47, 0.43);
209.2402; (0.36, 0.47, 0.43);
209.2512; (0.36, 0.47, 0.43);
209.2512; (0.35, 0.47, 0.43);
209.2600; (0.35, 0.47, 0.43);
209.2620; (0.35, 0.47, 0.43);
209.2620; (0.34, 0.47, 0.43);
209.2737; (0.35, 0.47, 0.43);
209.2737; (0.34, 0.47, 0.44);
209.2800; (0.34, 0.47, 0.44);
209.2847; (0.34, 0.47, 0.44);
209.2847; (0.33, 0.46, 0.44);
209.2955; (0.34, 0.47, 0.44);
209.2955; (0.33, 0.46, 0.44);
209.3000; (0.33, 0.46, 0.44);
209.3066; (0.33, 0.46, 0.44);
209.3066; (0.32, 0.46, 0.44);
209.3176; (0.32, 0.46, 0.44);
209.3176; (0.32, 0.46, 0.44);
209.3200; (0.32, 0.46, 0.44);
209.3290; (0.32, 0.45, 0.44);
209.3290; (0.31, 0.45, 0.44);
209.3400; (0.31, 0.45, 0.44);
209.3401; (0.31, 0.45, 0.45);
209.3401; (0.31, 0.45, 0.45);
209.3511; (0.31, 0.45, 0.45);
209.3511; (0.30, 0.44, 0.45);
209.3600; (0.30, 0.44, 0.45);
209.3622; (0.30, 0.44, 0.45);
209.3622; (0.30, 0.44, 0.45);
209.3735; (0.30, 0.44, 0.45);
209.3735; (0.29, 0.43, 0.45);
209.3800; (0.29, 0.43, 0.45);
209.3845; (0.29, 0.44, 0.45);
209.3845; (0.29, 0.43, 0.46);
209.3955; (0.29, 0.43, 0.46);
209.3955; (0.28, 0.43, 0.46);
209.4000; (0.28, 0.43, 0.46);
209.4068; (0.28, 0.43, 0.46);
209.4068; (0.28, 0.42, 0.46);
209.4176; (0.28, 0.42, 0.46);
209.4176; (0.28, 0.42, 0.46);
209.4200; (0.28, 0.42, 0.46);
209.4290; (0.28, 0.42, 0.46);
209.4290; (0.27, 0.42, 0.46);
209.4400; (0.27, 0.41, 0.46);
209.4403; (0.27, 0.41, 0.47);
209.4403; (0.27, 0.41, 0.47);
209.4513; (0.27, 0.41, 0.47);
209.4513; (0.26, 0.40, 0.47);
209.4600; (0.26, 0.40, 0.47);
209.4622; (0.26, 0.40, 0.47);
209.4622; (0.26, 0.40, 0.47);
209.4735; (0.26, 0.40, 0.47);
209.4735; (0.26, 0.40, 0.47);
209.4800; (0.26, 0.40, 0.47);
209.4846; (0.26, 0.40, 0.47);
209.4846; (0.25, 0.39, 0.47);
209.4956; (0.26, 0.40, 0.47);
209.4956; (0.25, 0.39, 0.47);
209.5000; (0.25, 0.39, 0.47);
209.5065; (0.25, 0.39, 0.47);
209.5065; (0.25, 0.39, 0.47);
209.5179; (0.25, 0.39, 0.47);
209.5179; (0.25, 0.39, 0.48);
209.5200; (0.25, 0.39, 0.48);
209.5288; (0.25, 0.39, 0.48);
209.5288; (0.25, 0.38, 0.48);
209.5400; (0.25, 0.38, 0.48);
209.5403; (0.24, 0.38, 0.48);
209.5403; (0.24, 0.38, 0.48);
209.5512; (0.24, 0.38, 0.48);
209.5512; (0.24, 0.38, 0.48);
209.5600; (0.24, 0.38, 0.48);
209.5622; (0.24, 0.38, 0.48);
209.5622; (0.24, 0.37, 0.48);
209.5736; (0.24, 0.37, 0.48);
209.5736; (0.24, 0.37, 0.48);
209.5800; (0.24, 0.37, 0.48);
209.5846; (0.24, 0.37, 0.48);
209.5846; (0.23, 0.37, 0.48);
209.5957; (0.23, 0.37, 0.48);
209.5957; (0.23, 0.37, 0.48);
209.6000; (0.23, 0.37, 0.48);
209.6069; (0.23, 0.37, 0.48);
209.6069; (0.23, 0.36, 0.48);
209.6179; (0.23, 0.36, 0.48);
209.6179; (0.23, 0.36, 0.48);
209.6200; (0.23, 0.36, 0.48);
209.6289; (0.23, 0.36, 0.48);
209.6289; (0.23, 0.36, 0.48);
209.6399; (0.23, 0.36, 0.47);
209.6399; (0.23, 0.36, 0.47);
209.6400; (0.23, 0.36, 0.47);
209.6514; (0.23, 0.36, 0.47);
209.6514; (0.23, 0.35, 0.47);
209.6600; (0.23, 0.35, 0.47);
209.6625; (0.23, 0.35, 0.47);
209.6625; (0.23, 0.35, 0.47);
209.6736; (0.23, 0.35, 0.47);
209.6736; (0.22, 0.35, 0.47);
209.6800; (0.22, 0.35, 0.47);
209.6844; (0.23, 0.35, 0.47);
209.6844; (0.22, 0.35, 0.47);
209.6956; (0.22, 0.34, 0.47);
209.6956; (0.22, 0.34, 0.47);
209.7000; (0.22, 0.34, 0.47);
209.7065; (0.22, 0.34, 0.47);
209.7065; (0.22, 0.34, 0.47);
209.7181; (0.22, 0.34, 0.47);
209.7181; (0.22, 0.33, 0.47);
209.7200; (0.22, 0.33, 0.47);
209.7291; (0.22, 0.33, 0.47);
209.7291; (0.21, 0.33, 0.47);
209.7400; (0.21, 0.33, 0.47);
209.7404; (0.21, 0.32, 0.47);
209.7404; (0.21, 0.32, 0.47);
209.7509; (0.21, 0.32, 0.47);
209.7509; (0.21, 0.32, 0.47);
209.7600; (0.21, 0.32, 0.47);
209.7621; (0.21, 0.32, 0.46);
209.7621; (0.21, 0.32, 0.46);
209.7732; (0.21, 0.32, 0.46);
209.7732; (0.21, 0.31, 0.46);
209.7800; (0.21, 0.31, 0.46);
209.7846; (0.21, 0.31, 0.46);
209.7846; (0.20, 0.31, 0.46);
209.7957; (0.20, 0.31, 0.46);
209.7957; (0.20, 0.31, 0.46);
209.8000; (0.20, 0.31, 0.46);
209.8069; (0.20, 0.32, 0.46);
209.8069; (0.20, 0.32, 0.46);
209.8179; (0.20, 0.32, 0.46);
209.8179; (0.20, 0.31, 0.46);
209.8200; (0.20, 0.31, 0.46);
209.8290; (0.20, 0.31, 0.46);
209.8290; (0.20, 0.31, 0.46);
209.8400; (0.20, 0.31, 0.46);
209.8402; (0.20, 0.31, 0.46);
209.8402; (0.20, 0.31, 0.46);
209.8512; (0.20, 0.31, 0.46);
209.8512; (0.20, 0.31, 0.46);
209.8600; (0.20, 0.31, 0.46);
209.8623; (0.20, 0.30, 0.46);
209.8623; (0.20, 0.30, 0.47);
209.8734; (0.20, 0.30, 0.47);
209.8734; (0.19, 0.30, 0.47);
209.8800; (0.19, 0.30, 0.47);
209.8845; (0.19, 0.30, 0.46);
209.8845; (0.19, 0.30, 0.47);
209.8955; (0.19, 0.30, 0.47);
209.8955; (0.19, 0.30, 0.47);
209.9000; (0.19, 0.30, 0.47);
209.9065; (0.19, 0.30, 0.46);
209.9065; (0.19, 0.30, 0.46);
209.9176; (0.19, 0.30, 0.46);
209.9176; (0.19, 0.29, 0.46);
209.9200; (0.19, 0.29, 0.46);
209.9290; (0.19, 0.30, 0.46);
209.9290; (0.18, 0.29, 0.46);
209.9400; (0.18, 0.29, 0.46);
209.9400; (0.18, 0.29, 0.46);
209.9400; (0.18, 0.29, 0.46);
209.9512; (0.18, 0.29, 0.46);
209.9512; (0.18, 0.29, 0.46);
209.9600; (0.18, 0.29, 0.46);
209.9621; (0.18, 0.29, 0.46);
209.9621; (0.18, 0.29, 0.47);
209.9733; (0.18, 0.29, 0.46);
209.9733; (0.18, 0.29, 0.46);
209.9800; (0.18, 0.29, 0.46);
209.9842; (0.18, 0.29, 0.47);
209.9842; (0.18, 0.29, 0.47);
209.9959; (0.18, 0.29, 0.46);
209.9959; (0.18, 0.28, 0.47);
210.0000; (0.18, 0.28, 0.47);
210.0069; (0.18, 0.29, 0.47);
210.0069; (0.18, 0.28, 0.47);
210.0180; (0.18, 0.28, 0.47);
210.0180; (0.18, 0.28, 0.47);
210.0200; (0.18, 0.28, 0.47);
210.0292; (0.18, 0.28, 0.47);
210.0292; (0.18, 0.28, 0.47);
210.0400; (0.18, 0.28, 0.47);
210.0404; (0.18, 0.28, 0.47);
210.0404; (0.18, 0.28, 0.47);
210.0513; (0.18, 0.28, 0.47);
210.0513; (0.18, 0.28, 0.47);
210.0600; (0.18, 0.28, 0.47);
210.0625; (0.18, 0.28, 0.47);
210.0625; (0.18, 0.28, 0.47);
210.0736; (0.18, 0.27, 0.47);
210.0736; (0.17, 0.27, 0.47);
210.0800; (0.17, 0.27, 0.47);
210.0846; (0.17, 0.27, 0.47);
210.0846; (0.17, 0.27, 0.47);
210.0963; (0.17, 0.27, 0.47);
210.0963; (0.16, 0.27, 0.47);
210.1000; (0.16, 0.27, 0.47);
210.1064; (0.18, 0.27, 0.47);
210.1064; (0.18, 0.27, 0.47);
210.1182; (0.17, 0.27, 0.47);
210.1182; (0.17, 0.27, 0.47);
210.1200; (0.17, 0.27, 0.47);
210.1289; (0.17, 0.27, 0.47);
210.1289; (0.17, 0.27, 0.47);
210.1400; (0.17, 0.27, 0.47);
210.1403; (0.18, 0.27, 0.48);
210.1403; (0.18, 0.27, 0.48);
210.1513; (0.17, 0.27, 0.47);
210.1513; (0.17, 0.26, 0.47);
210.1600; (0.17, 0.26, 0.47);
210.1620; (0.17, 0.26, 0.48);
210.1620; (0.17, 0.26, 0.48);
210.1732; (0.17, 0.26, 0.48);
210.1732; (0.17, 0.26, 0.48);
210.1800; (0.17, 0.26, 0.48);
210.1846; (0.17, 0.26, 0.48);
210.1846; (0.17, 0.26, 0.48);
210.1958; (0.17, 0.26, 0.48);
210.1958; (0.17, 0.26, 0.48);
210.2000; (0.17, 0.26, 0.48);
210.2071; (0.17, 0.26, 0.48);
210.2071; (0.17, 0.26, 0.48);
210.2176; (0.17, 0.26, 0.48);
210.2176; (0.17, 0.25, 0.48);
210.2200; (0.17, 0.25, 0.48);
210.2291; (0.17, 0.25, 0.48);
210.2291; (0.17, 0.25, 0.48);
210.2400; (0.17, 0.25, 0.48);
210.2403; (0.17, 0.25, 0.48);
210.2403; (0.17, 0.25, 0.48);
210.2513; (0.17, 0.25, 0.48);
210.2513; (0.17, 0.25, 0.48);
210.2600; (0.17, 0.25, 0.48);
210.2620; (0.17, 0.25, 0.48);
210.2620; (0.17, 0.25, 0.48);
210.2736; (0.17, 0.25, 0.48);
210.2736; (0.17, 0.25, 0.48);
210.2800; (0.17, 0.25, 0.48);
210.2842; (0.17, 0.25, 0.48);
210.2842; (0.17, 0.25, 0.48);
210.2958; (0.17, 0.25, 0.48);
210.2958; (0.17, 0.25, 0.48);
210.3000; (0.17, 0.25, 0.48);
210.3067; (0.17, 0.25, 0.48);
210.3067; (0.17, 0.24, 0.48);
210.3176; (0.17, 0.24, 0.48);
210.3176; (0.17, 0.24, 0.48);
210.3200; (0.17, 0.24, 0.48);
210.3292; (0.17, 0.24, 0.48);
210.3292; (0.17, 0.24, 0.48);
210.3400; (0.17, 0.24, 0.48);
210.3402; (0.17, 0.24, 0.48);
210.3402; (0.17, 0.24, 0.48);
210.3513; (0.17, 0.24, 0.48);
210.3513; (0.17, 0.24, 0.48);
210.3600; (0.17, 0.24, 0.48);
210.3623; (0.17, 0.24, 0.48);
210.3623; (0.17, 0.24, 0.48);
210.3734; (0.17, 0.24, 0.48);
210.3734; (0.17, 0.24, 0.48);
210.3800; (0.17, 0.24, 0.48);
210.3846; (0.17, 0.24, 0.48);
210.3846; (0.17, 0.24, 0.48);
210.3955; (0.17, 0.24, 0.48);
210.3955; (0.17, 0.24, 0.48);
210.4000; (0.17, 0.24, 0.48);
210.4070; (0.17, 0.24, 0.48);
210.4070; (0.17, 0.24, 0.48);
210.4180; (0.17, 0.24, 0.48);
210.4180; (0.16, 0.24, 0.48);
210.4200; (0.16, 0.24, 0.48);
210.4290; (0.16, 0.24, 0.48);
210.4290; (0.16, 0.23, 0.48);
210.4398; (0.16, 0.23, 0.48);
210.4398; (0.16, 0.23, 0.48);
210.4400; (0.16, 0.23, 0.48);
210.4513; (0.16, 0.23, 0.48);
210.4513; (0.16, 0.23, 0.48);
210.4600; (0.16, 0.23, 0.48);
210.4624; (0.16, 0.23, 0.48);
210.4624; (0.16, 0.23, 0.48);
210.4731; (0.16, 0.23, 0.48);
210.4731; (0.16, 0.23, 0.48);
210.4800; (0.16, 0.23, 0.48);
210.4848; (0.16, 0.23, 0.48);
210.4848; (0.16, 0.23, 0.48);
210.4954; (0.16, 0.23, 0.48);
210.4954; (0.16, 0.23, 0.48);
210.5000; (0.16, 0.23, 0.48);
210.5065; (0.16, 0.23, 0.48);
210.5065; (0.16, 0.23, 0.48);
210.5176; (0.16, 0.23, 0.49);
210.5176; (0.15, 0.23, 0.49);
210.5200; (0.15, 0.23, 0.49);
210.5291; (0.16, 0.23, 0.49);
210.5291; (0.16, 0.23, 0.49);
210.5398; (0.16, 0.23, 0.49);
210.5398; (0.16, 0.23, 0.49);
210.5400; (0.16, 0.23, 0.49);
210.5514; (0.16, 0.23, 0.49);
210.5514; (0.16, 0.23, 0.49);
210.5600; (0.16, 0.23, 0.49);
210.5624; (0.16, 0.23, 0.49);
210.5624; (0.16, 0.23, 0.49);
210.5738; (0.16, 0.23, 0.49);
210.5738; (0.16, 0.23, 0.49);
210.5800; (0.16, 0.23, 0.49);
210.5844; (0.16, 0.23, 0.49);
210.5844; (0.16, 0.23, 0.49);
210.5956; (0.16, 0.23, 0.49);
210.5956; (0.16, 0.23, 0.49);
210.6000; (0.16, 0.23, 0.49);
210.6066; (0.15, 0.23, 0.49);
210.6066; (0.15, 0.24, 0.49);
210.6181; (0.15, 0.24, 0.49);
210.6181; (0.15, 0.24, 0.49);
210.6200; (0.15, 0.24, 0.49);
210.6291; (0.15, 0.24, 0.49);
210.6291; (0.15, 0.24, 0.50);
210.6400; (0.15, 0.24, 0.50);
210.6402; (0.15, 0.24, 0.50);
210.6402; (0.15, 0.24, 0.50);
210.6513; (0.15, 0.24, 0.50);
210.6513; (0.15, 0.24, 0.50);
210.6600; (0.15, 0.24, 0.50);
210.6622; (0.15, 0.24, 0.50);
210.6622; (0.15, 0.24, 0.50);
210.6734; (0.15, 0.24, 0.50);
210.6734; (0.15, 0.24, 0.50);
210.6800; (0.15, 0.24, 0.50);
210.6843; (0.16, 0.24, 0.50);
210.6843; (0.16, 0.24, 0.50);
210.6954; (0.16, 0.24, 0.50);
210.6954; (0.16, 0.24, 0.50);
210.7000; (0.16, 0.24, 0.50);
210.7072; (0.16, 0.24, 0.50);
210.7072; (0.16, 0.24, 0.51);
210.7180; (0.16, 0.24, 0.51);
210.7180; (0.16, 0.24, 0.51);
210.7200; (0.16, 0.24, 0.51);
210.7290; (0.16, 0.24, 0.51);
210.7290; (0.16, 0.24, 0.51);
210.7400; (0.16, 0.24, 0.51);
210.7402; (0.16, 0.24, 0.51);
210.7402; (0.16, 0.24, 0.51);
210.7512; (0.17, 0.24, 0.51);
210.7512; (0.17, 0.24, 0.51);
210.7600; (0.17, 0.24, 0.51);
210.7622; (0.17, 0.24, 0.51);
210.7622; (0.17, 0.24, 0.51);
210.7735; (0.17, 0.24, 0.51);
210.7735; (0.17, 0.24, 0.51);
210.7800; (0.17, 0.24, 0.51);
210.7846; (0.17, 0.24, 0.51);
210.7846; (0.17, 0.25, 0.51);
210.7958; (0.17, 0.24, 0.51);
210.7958; (0.17, 0.25, 0.51);
210.8000; (0.17, 0.25, 0.51);
210.8069; (0.17, 0.24, 0.51);
210.8069; (0.18, 0.25, 0.51);
210.8182; (0.18, 0.25, 0.51);
210.8182; (0.18, 0.25, 0.52);
210.8200; (0.18, 0.25, 0.52);
210.8293; (0.18, 0.25, 0.52);
210.8293; (0.18, 0.25, 0.52);
210.8400; (0.18, 0.25, 0.51);
210.8400; (0.18, 0.25, 0.52);
210.8400; (0.18, 0.25, 0.52);
210.8512; (0.18, 0.25, 0.52);
210.8512; (0.18, 0.25, 0.52);
210.8600; (0.18, 0.25, 0.52);
210.8622; (0.18, 0.25, 0.52);
210.8622; (0.18, 0.25, 0.52);
210.8732; (0.18, 0.25, 0.52);
210.8732; (0.18, 0.25, 0.52);
210.8800; (0.18, 0.25, 0.52);
210.8843; (0.18, 0.25, 0.52);
210.8843; (0.18, 0.25, 0.52);
210.8956; (0.18, 0.25, 0.52);
210.8956; (0.18, 0.25, 0.52);
210.9000; (0.18, 0.25, 0.52);
210.9066; (0.18, 0.25, 0.52);
210.9066; (0.18, 0.25, 0.52);
210.9176; (0.18, 0.25, 0.52);
210.9176; (0.18, 0.25, 0.52);
210.9200; (0.18, 0.25, 0.52);
210.9293; (0.18, 0.25, 0.52);
210.9293; (0.18, 0.25, 0.52);
210.9400; (0.18, 0.25, 0.52);
210.9402; (0.18, 0.25, 0.52);
210.9402; (0.18, 0.25, 0.52);
210.9532; (0.18, 0.25, 0.52);
210.9532; (0.18, 0.25, 0.52);
210.9600; (0.18, 0.25, 0.52);
210.9644; (0.18, 0.25, 0.52);
210.9644; (0.18, 0.25, 0.52);
210.9754; (0.18, 0.25, 0.51);
210.9754; (0.18, 0.25, 0.51);
210.9800; (0.18, 0.25, 0.51);
210.9867; (0.18, 0.25, 0.51);
210.9867; (0.18, 0.25, 0.51);
210.9978; (0.18, 0.25, 0.51);
210.9978; (0.18, 0.25, 0.51);
211.0000; (0.18, 0.25, 0.51);
211.0090; (0.18, 0.25, 0.52);
211.0090; (0.18, 0.25, 0.52);
211.0200; (0.19, 0.25, 0.52);
211.0202; (0.19, 0.25, 0.52);
211.0202; (0.19, 0.25, 0.52);
211.0315; (0.19, 0.25, 0.52);
211.0315; (0.19, 0.25, 0.52);
211.0400; (0.19, 0.25, 0.52);
211.0428; (0.19, 0.25, 0.52);
211.0428; (0.19, 0.25, 0.52);
211.0533; (0.19, 0.25, 0.52);
211.0533; (0.19, 0.25, 0.52);
211.0600; (0.19, 0.25, 0.52);
211.0641; (0.19, 0.25, 0.52);
211.0641; (0.19, 0.25, 0.52);
211.0757; (0.19, 0.25, 0.52);
211.0757; (0.19, 0.25, 0.52);
211.0800; (0.19, 0.25, 0.52);
211.0868; (0.19, 0.25, 0.52);
211.0868; (0.19, 0.25, 0.52);
211.0978; (0.19, 0.25, 0.52);
211.0978; (0.19, 0.25, 0.52);
211.1000; (0.19, 0.25, 0.52);
211.1091; (0.19, 0.25, 0.52);
211.1091; (0.19, 0.25, 0.52);
211.1200; (0.19, 0.25, 0.52);
211.1202; (0.19, 0.25, 0.52);
211.1202; (0.19, 0.25, 0.52);
211.1316; (0.19, 0.25, 0.52);
211.1316; (0.18, 0.25, 0.52);
211.1400; (0.18, 0.25, 0.52);
211.1421; (0.18, 0.25, 0.52);
211.1421; (0.18, 0.25, 0.52);
211.1538; (0.18, 0.25, 0.52);
211.1538; (0.18, 0.25, 0.52);
211.1600; (0.18, 0.25, 0.52);
211.1647; (0.18, 0.25, 0.52);
211.1647; (0.18, 0.25, 0.52);
211.1759; (0.19, 0.25, 0.52);
211.1759; (0.19, 0.25, 0.52);
211.1800; (0.19, 0.25, 0.52);
211.1865; (0.19, 0.25, 0.52);
211.1865; (0.19, 0.26, 0.52);
211.1976; (0.19, 0.25, 0.52);
211.1976; (0.19, 0.25, 0.52);
211.2000; (0.19, 0.25, 0.52);
211.2090; (0.19, 0.25, 0.52);
211.2090; (0.19, 0.26, 0.52);
211.2200; (0.19, 0.26, 0.52);
211.2201; (0.19, 0.26, 0.52);
211.2201; (0.19, 0.26, 0.52);
211.2309; (0.19, 0.26, 0.52);
211.2309; (0.19, 0.26, 0.53);
211.2400; (0.19, 0.26, 0.53);
211.2420; (0.19, 0.26, 0.53);
211.2420; (0.19, 0.26, 0.53);
211.2532; (0.19, 0.26, 0.53);
211.2532; (0.19, 0.26, 0.53);
211.2600; (0.19, 0.26, 0.53);
211.2646; (0.19, 0.26, 0.52);
211.2646; (0.19, 0.26, 0.52);
211.2757; (0.19, 0.26, 0.52);
211.2757; (0.19, 0.27, 0.52);
211.2800; (0.19, 0.27, 0.52);
211.2865; (0.19, 0.27, 0.52);
211.2865; (0.19, 0.27, 0.52);
211.2980; (0.19, 0.27, 0.52);
211.2980; (0.19, 0.27, 0.52);
211.3000; (0.19, 0.27, 0.52);
211.3091; (0.19, 0.27, 0.52);
211.3091; (0.19, 0.27, 0.52);
211.3196; (0.19, 0.27, 0.52);
211.3196; (0.19, 0.27, 0.52);
211.3200; (0.19, 0.27, 0.52);
211.3313; (0.19, 0.27, 0.52);
211.3313; (0.19, 0.27, 0.52);
211.3400; (0.19, 0.27, 0.52);
211.3421; (0.19, 0.27, 0.52);
211.3421; (0.19, 0.27, 0.52);
211.3532; (0.19, 0.27, 0.52);
211.3532; (0.19, 0.27, 0.52);
211.3600; (0.19, 0.27, 0.52);
211.3646; (0.19, 0.27, 0.52);
211.3646; (0.19, 0.27, 0.52);
211.3757; (0.19, 0.27, 0.52);
211.3757; (0.19, 0.27, 0.52);
211.3800; (0.19, 0.27, 0.52);
211.3867; (0.19, 0.27, 0.52);
211.3867; (0.19, 0.27, 0.52);
211.3980; (0.19, 0.27, 0.52);
211.3980; (0.19, 0.27, 0.52);
211.4000; (0.19, 0.27, 0.52);
211.4090; (0.19, 0.27, 0.52);
211.4090; (0.19, 0.27, 0.52);
211.4198; (0.19, 0.27, 0.52);
211.4198; (0.19, 0.27, 0.52);
211.4200; (0.19, 0.27, 0.52);
211.4309; (0.19, 0.27, 0.52);
211.4309; (0.20, 0.27, 0.52);
211.4400; (0.19, 0.27, 0.52);
211.4420; (0.20, 0.27, 0.52);
211.4420; (0.20, 0.27, 0.52);
211.4534; (0.20, 0.27, 0.52);
211.4534; (0.20, 0.27, 0.52);
211.4600; (0.20, 0.27, 0.52);
211.4642; (0.20, 0.27, 0.52);
211.4642; (0.20, 0.27, 0.52);
211.4758; (0.20, 0.27, 0.53);
211.4758; (0.20, 0.27, 0.53);
211.4800; (0.20, 0.27, 0.53);
211.4869; (0.20, 0.27, 0.53);
211.4869; (0.20, 0.27, 0.53);
211.4978; (0.20, 0.27, 0.53);
211.4978; (0.20, 0.27, 0.53);
211.5000; (0.20, 0.27, 0.53);
211.5091; (0.20, 0.27, 0.53);
211.5091; (0.20, 0.27, 0.53);
211.5200; (0.20, 0.27, 0.52);
211.5201; (0.20, 0.27, 0.52);
211.5201; (0.20, 0.27, 0.52);
211.5313; (0.20, 0.27, 0.53);
211.5313; (0.20, 0.27, 0.52);
211.5400; (0.20, 0.27, 0.52);
211.5423; (0.20, 0.27, 0.52);
211.5423; (0.20, 0.27, 0.52);
211.5533; (0.20, 0.27, 0.52);
211.5533; (0.20, 0.27, 0.52);
211.5600; (0.20, 0.27, 0.52);
211.5643; (0.20, 0.27, 0.52);
211.5643; (0.20, 0.27, 0.52);
211.5753; (0.20, 0.27, 0.52);
211.5753; (0.20, 0.27, 0.52);
211.5800; (0.20, 0.27, 0.52);
211.5868; (0.20, 0.27, 0.52);
211.5868; (0.20, 0.27, 0.52);
211.5978; (0.19, 0.27, 0.52);
211.5978; (0.19, 0.27, 0.52);
211.6000; (0.19, 0.27, 0.52);
211.6086; (0.19, 0.27, 0.52);
211.6086; (0.19, 0.27, 0.52);
211.6198; (0.19, 0.27, 0.52);
211.6198; (0.19, 0.27, 0.52);
211.6200; (0.19, 0.27, 0.52);
211.6308; (0.19, 0.27, 0.52);
211.6308; (0.19, 0.27, 0.51);
211.6400; (0.19, 0.27, 0.51);
211.6425; (0.19, 0.27, 0.51);
211.6425; (0.19, 0.27, 0.51);
211.6536; (0.19, 0.27, 0.51);
211.6536; (0.19, 0.27, 0.51);
211.6600; (0.19, 0.27, 0.51);
211.6647; (0.19, 0.27, 0.51);
211.6647; (0.19, 0.27, 0.51);
211.6758; (0.19, 0.27, 0.51);
211.6758; (0.19, 0.27, 0.51);
211.6800; (0.19, 0.27, 0.51);
211.6868; (0.19, 0.27, 0.51);
211.6868; (0.19, 0.27, 0.51);
211.6977; (0.19, 0.27, 0.51);
211.6977; (0.18, 0.27, 0.51);
211.7000; (0.18, 0.27, 0.51);
211.7088; (0.19, 0.27, 0.51);
211.7088; (0.19, 0.27, 0.51);
211.7199; (0.19, 0.27, 0.51);
211.7199; (0.19, 0.27, 0.51);
211.7200; (0.19, 0.27, 0.51);
211.7309; (0.19, 0.27, 0.51);
211.7309; (0.19, 0.27, 0.51);
211.7400; (0.19, 0.27, 0.51);
211.7420; (0.19, 0.27, 0.51);
211.7420; (0.19, 0.27, 0.51);
211.7535; (0.19, 0.27, 0.51);
211.7535; (0.18, 0.27, 0.51);
211.7600; (0.18, 0.27, 0.51);
211.7647; (0.18, 0.27, 0.51);
211.7647; (0.18, 0.27, 0.51);
211.7759; (0.18, 0.27, 0.51);
211.7759; (0.18, 0.27, 0.51);
211.7800; (0.18, 0.27, 0.51);
211.7869; (0.18, 0.28, 0.50);
211.7869; (0.18, 0.28, 0.50);
211.7984; (0.18, 0.28, 0.50);
211.7984; (0.18, 0.28, 0.50);
211.8000; (0.18, 0.28, 0.50);
211.8088; (0.18, 0.28, 0.50);
211.8088; (0.18, 0.28, 0.50);
211.8198; (0.18, 0.28, 0.50);
211.8198; (0.18, 0.28, 0.50);
211.8200; (0.18, 0.28, 0.50);
211.8317; (0.18, 0.28, 0.50);
211.8317; (0.18, 0.28, 0.50);
211.8400; (0.18, 0.28, 0.50);
211.8423; (0.18, 0.28, 0.50);
211.8423; (0.18, 0.28, 0.50);
211.8534; (0.18, 0.28, 0.50);
211.8534; (0.18, 0.28, 0.50);
211.8600; (0.18, 0.28, 0.50);
211.8644; (0.18, 0.28, 0.50);
211.8644; (0.18, 0.28, 0.51);
211.8754; (0.18, 0.28, 0.50);
211.8754; (0.18, 0.28, 0.50);
211.8800; (0.18, 0.28, 0.50);
211.8866; (0.18, 0.28, 0.50);
211.8866; (0.18, 0.28, 0.50);
211.8978; (0.18, 0.28, 0.50);
211.8978; (0.18, 0.28, 0.50);
211.9000; (0.18, 0.28, 0.50);
211.9087; (0.18, 0.28, 0.51);
211.9087; (0.18, 0.28, 0.51);
211.9199; (0.18, 0.28, 0.51);
211.9199; (0.18, 0.28, 0.51);
211.9200; (0.18, 0.28, 0.51);
211.9310; (0.18, 0.28, 0.51);
211.9310; (0.19, 0.28, 0.51);
211.9400; (0.19, 0.28, 0.51);
211.9420; (0.19, 0.28, 0.51);
211.9420; (0.19, 0.28, 0.51);
211.9531; (0.19, 0.28, 0.51);
211.9531; (0.19, 0.28, 0.51);
211.9600; (0.19, 0.28, 0.51);
211.9647; (0.19, 0.28, 0.51);
211.9647; (0.19, 0.28, 0.51);
211.9757; (0.19, 0.28, 0.51);
211.9757; (0.19, 0.28, 0.51);
211.9800; (0.19, 0.28, 0.51);
211.9871; (0.19, 0.28, 0.51);
211.9871; (0.19, 0.28, 0.51);
211.9980; (0.19, 0.28, 0.51);
211.9980; (0.19, 0.28, 0.51);
212.0000; (0.19, 0.28, 0.51);
212.0092; (0.19, 0.28, 0.51);
212.0092; (0.19, 0.28, 0.51);
212.0200; (0.19, 0.28, 0.51);
212.0202; (0.19, 0.29, 0.51);
212.0202; (0.19, 0.29, 0.51);
212.0313; (0.19, 0.29, 0.51);
212.0313; (0.19, 0.29, 0.51);
212.0400; (0.19, 0.29, 0.51);
212.0420; (0.19, 0.29, 0.51);
212.0420; (0.19, 0.29, 0.51);
212.0530; (0.19, 0.29, 0.51);
212.0530; (0.19, 0.29, 0.51);
212.0600; (0.19, 0.29, 0.51);
212.0646; (0.19, 0.29, 0.51);
212.0646; (0.19, 0.29, 0.51);
212.0754; (0.19, 0.29, 0.50);
212.0754; (0.19, 0.29, 0.50);
212.0800; (0.19, 0.29, 0.50);
212.0864; (0.19, 0.29, 0.50);
212.0864; (0.19, 0.29, 0.50);
212.0976; (0.19, 0.29, 0.50);
212.0976; (0.19, 0.29, 0.50);
212.1000; (0.19, 0.29, 0.50);
212.1091; (0.19, 0.29, 0.50);
212.1091; (0.19, 0.29, 0.50);
212.1199; (0.19, 0.29, 0.51);
212.1199; (0.19, 0.29, 0.50);
212.1200; (0.19, 0.29, 0.50);
212.1309; (0.19, 0.29, 0.50);
212.1309; (0.19, 0.29, 0.50);
212.1400; (0.19, 0.29, 0.50);
212.1419; (0.19, 0.28, 0.50);
212.1419; (0.19, 0.28, 0.50);
212.1531; (0.19, 0.28, 0.50);
212.1531; (0.19, 0.28, 0.50);
212.1600; (0.19, 0.28, 0.50);
212.1644; (0.19, 0.28, 0.50);
212.1644; (0.19, 0.28, 0.50);
212.1753; (0.19, 0.28, 0.50);
212.1753; (0.19, 0.28, 0.50);
212.1800; (0.19, 0.28, 0.50);
212.1863; (0.19, 0.28, 0.50);
212.1863; (0.19, 0.28, 0.50);
212.1981; (0.19, 0.28, 0.50);
212.1981; (0.19, 0.28, 0.50);
212.2000; (0.19, 0.28, 0.50);
212.2090; (0.19, 0.28, 0.50);
212.2090; (0.19, 0.28, 0.50);
212.2200; (0.19, 0.29, 0.50);
212.2204; (0.19, 0.29, 0.50);
212.2204; (0.19, 0.29, 0.50);
212.2315; (0.19, 0.29, 0.50);
212.2315; (0.19, 0.29, 0.50);
212.2400; (0.19, 0.29, 0.50);
212.2427; (0.19, 0.29, 0.50);
212.2427; (0.19, 0.29, 0.50);
212.2532; (0.19, 0.29, 0.50);
212.2532; (0.19, 0.29, 0.50);
212.2600; (0.19, 0.29, 0.50);
212.2645; (0.19, 0.29, 0.50);
212.2645; (0.19, 0.29, 0.50);
212.2756; (0.19, 0.29, 0.49);
212.2756; (0.19, 0.29, 0.49);
212.2800; (0.19, 0.29, 0.49);
212.2864; (0.19, 0.29, 0.49);
212.2864; (0.19, 0.29, 0.49);
212.2976; (0.19, 0.29, 0.49);
212.2976; (0.19, 0.29, 0.49);
212.3000; (0.19, 0.29, 0.49);
212.3091; (0.19, 0.29, 0.49);
212.3091; (0.19, 0.29, 0.49);
212.3200; (0.19, 0.29, 0.49);
212.3202; (0.19, 0.29, 0.49);
212.3202; (0.19, 0.29, 0.49);
212.3312; (0.19, 0.29, 0.49);
212.3312; (0.19, 0.29, 0.49);
212.3400; (0.19, 0.29, 0.49);
212.3423; (0.19, 0.29, 0.49);
212.3423; (0.19, 0.29, 0.49);
212.3534; (0.19, 0.29, 0.49);
212.3534; (0.19, 0.29, 0.49);
212.3600; (0.19, 0.29, 0.49);
212.3645; (0.19, 0.29, 0.49);
212.3645; (0.19, 0.29, 0.49);
212.3756; (0.19, 0.29, 0.49);
212.3756; (0.19, 0.29, 0.49);
212.3800; (0.19, 0.29, 0.49);
212.3867; (0.19, 0.29, 0.49);
212.3867; (0.19, 0.29, 0.49);
212.3977; (0.19, 0.29, 0.49);
212.3977; (0.19, 0.29, 0.49);
212.4000; (0.19, 0.29, 0.49);
212.4088; (0.19, 0.29, 0.49);
212.4088; (0.19, 0.29, 0.49);
212.4199; (0.19, 0.29, 0.49);
212.4199; (0.19, 0.29, 0.49);
212.4200; (0.19, 0.29, 0.49);
212.4308; (0.19, 0.30, 0.49);
212.4308; (0.19, 0.30, 0.49);
212.4400; (0.19, 0.30, 0.49);
212.4420; (0.19, 0.30, 0.49);
212.4420; (0.19, 0.30, 0.49);
212.4535; (0.19, 0.30, 0.49);
212.4535; (0.19, 0.30, 0.49);
212.4600; (0.19, 0.30, 0.49);
212.4643; (0.19, 0.30, 0.49);
212.4643; (0.19, 0.30, 0.49);
212.4753; (0.19, 0.30, 0.49);
212.4753; (0.19, 0.30, 0.49);
212.4800; (0.19, 0.30, 0.49);
212.4867; (0.19, 0.30, 0.49);
212.4867; (0.19, 0.30, 0.49);
212.4978; (0.19, 0.30, 0.49);
212.4978; (0.19, 0.30, 0.49);
212.5000; (0.19, 0.30, 0.49);
212.5090; (0.19, 0.30, 0.49);
212.5090; (0.19, 0.30, 0.49);
212.5199; (0.19, 0.30, 0.49);
212.5199; (0.19, 0.30, 0.49);
212.5200; (0.19, 0.30, 0.49);
212.5310; (0.19, 0.30, 0.49);
212.5310; (0.19, 0.30, 0.49);
212.5400; (0.19, 0.30, 0.49);
212.5420; (0.19, 0.30, 0.49);
212.5420; (0.19, 0.30, 0.49);
212.5532; (0.19, 0.30, 0.49);
212.5532; (0.19, 0.30, 0.49);
212.5600; (0.19, 0.30, 0.49);
212.5642; (0.19, 0.30, 0.49);
212.5642; (0.19, 0.30, 0.49);
212.5754; (0.19, 0.30, 0.49);
212.5754; (0.19, 0.30, 0.49);
212.5800; (0.19, 0.30, 0.49);
