Experiment: 2
Latency: 750
Source: (0.35, 0.70, 0.50)
SourceSize: 0.0750
Target: (0.65, 0.30, 0.50)
TargetSize: 0.0750

Trace:
time; position; button;
196.3459; (0.34, 0.72, 0.47);
196.3459; (0.34, 0.72, 0.47);
196.3570; (0.34, 0.72, 0.47);
196.3570; (0.34, 0.72, 0.47);
196.3600; (0.34, 0.72, 0.47);
196.3680; (0.34, 0.72, 0.47);
196.3680; (0.34, 0.72, 0.47);
196.3790; (0.34, 0.72, 0.47);
196.3790; (0.34, 0.73, 0.47);
196.3800; (0.34, 0.73, 0.47);
196.3905; (0.34, 0.73, 0.47);
196.3905; (0.34, 0.73, 0.47);
196.4000; (0.34, 0.73, 0.47);
196.4015; (0.34, 0.73, 0.47);
196.4015; (0.34, 0.73, 0.47);
196.4120; (0.33, 0.73, 0.47);
196.4120; (0.33, 0.73, 0.47);
196.4200; (0.33, 0.73, 0.47);
196.4232; (0.33, 0.73, 0.46);
196.4232; (0.33, 0.73, 0.46);
196.4344; (0.33, 0.73, 0.46);
196.4344; (0.33, 0.73, 0.46);
196.4400; (0.33, 0.73, 0.46);
196.4459; (0.33, 0.73, 0.46);
196.4459; (0.33, 0.73, 0.46);
196.4568; (0.33, 0.73, 0.46);
196.4568; (0.33, 0.73, 0.46);
196.4600; (0.33, 0.73, 0.46);
196.4680; (0.33, 0.73, 0.46);
196.4680; (0.33, 0.73, 0.46);
196.4789; (0.33, 0.73, 0.46);
196.4789; (0.32, 0.72, 0.46);
196.4800; (0.32, 0.72, 0.46);
196.4901; (0.33, 0.72, 0.46);
196.4901; (0.32, 0.72, 0.46);
196.5000; (0.32, 0.72, 0.46);
196.5012; (0.32, 0.72, 0.46);
196.5012; (0.32, 0.72, 0.46);
196.5121; (0.32, 0.72, 0.46);
196.5121; (0.32, 0.72, 0.46);
196.5200; (0.32, 0.72, 0.46);
196.5235; (0.32, 0.72, 0.46);
196.5235; (0.32, 0.72, 0.46);
196.5346; (0.32, 0.72, 0.46);
196.5346; (0.32, 0.72, 0.46);
196.5400; (0.32, 0.72, 0.46);
196.5461; (0.32, 0.72, 0.46);
196.5461; (0.32, 0.72, 0.46);
196.5565; (0.32, 0.72, 0.46);
196.5565; (0.32, 0.72, 0.46);
196.5600; (0.32, 0.72, 0.46);
196.5681; (0.32, 0.72, 0.46);
196.5681; (0.32, 0.72, 0.46);
196.5790; (0.32, 0.71, 0.46);
196.5790; (0.32, 0.71, 0.46);
196.5800; (0.32, 0.71, 0.46);
196.5900; (0.32, 0.71, 0.46);
196.5900; (0.31, 0.71, 0.46);
196.6000; (0.31, 0.71, 0.46);
196.6015; (0.31, 0.71, 0.46);
196.6015; (0.31, 0.71, 0.46);
196.6124; (0.31, 0.71, 0.46);
196.6124; (0.31, 0.71, 0.46);
196.6200; (0.31, 0.71, 0.46);
196.6233; (0.31, 0.71, 0.46);
196.6233; (0.31, 0.71, 0.46);
196.6346; (0.31, 0.71, 0.46);
196.6346; (0.31, 0.71, 0.46);
196.6400; (0.31, 0.71, 0.46);
196.6458; (0.31, 0.71, 0.46);
196.6458; (0.31, 0.71, 0.46);
196.6568; (0.31, 0.71, 0.46);
196.6568; (0.31, 0.71, 0.46);
196.6600; (0.31, 0.71, 0.46);
196.6683; (0.31, 0.71, 0.46);
196.6683; (0.31, 0.71, 0.46);
196.6790; (0.31, 0.71, 0.46);
196.6790; (0.31, 0.71, 0.46);
196.6800; (0.31, 0.71, 0.46);
196.6900; (0.31, 0.71, 0.46);
196.6900; (0.31, 0.71, 0.46);
196.7000; (0.31, 0.71, 0.46);
196.7013; (0.31, 0.71, 0.46);
196.7013; (0.31, 0.71, 0.46);
196.7127; (0.31, 0.71, 0.46);
196.7127; (0.31, 0.71, 0.46);
196.7200; (0.31, 0.71, 0.47);
196.7237; (0.31, 0.71, 0.47);
196.7237; (0.31, 0.71, 0.47);
196.7348; (0.31, 0.71, 0.47);
196.7348; (0.31, 0.70, 0.47);
196.7400; (0.31, 0.70, 0.47);
196.7455; (0.31, 0.70, 0.47);
196.7455; (0.31, 0.70, 0.47);
196.7567; (0.31, 0.70, 0.47);
196.7567; (0.31, 0.70, 0.47);
196.7600; (0.31, 0.70, 0.47);
196.7679; (0.31, 0.70, 0.47);
196.7679; (0.31, 0.70, 0.47);
196.7788; (0.31, 0.70, 0.47);
196.7788; (0.31, 0.70, 0.47);
196.7800; (0.31, 0.70, 0.47);
196.7897; (0.31, 0.70, 0.47);
196.7897; (0.31, 0.71, 0.47);
196.8000; (0.31, 0.70, 0.47);
196.8015; (0.31, 0.71, 0.47);
196.8015; (0.31, 0.71, 0.47);
196.8124; (0.31, 0.70, 0.47);
196.8124; (0.31, 0.70, 0.47);
196.8200; (0.31, 0.70, 0.47);
196.8232; (0.31, 0.71, 0.48);
196.8232; (0.31, 0.71, 0.48);
196.8349; (0.31, 0.71, 0.47);
196.8349; (0.31, 0.71, 0.48);
196.8400; (0.31, 0.71, 0.47);
196.8456; (0.31, 0.71, 0.48);
196.8456; (0.31, 0.71, 0.48);
196.8567; (0.31, 0.71, 0.47);
196.8567; (0.31, 0.71, 0.47);
196.8600; (0.31, 0.71, 0.47);
196.8682; (0.31, 0.71, 0.48);
196.8682; (0.31, 0.71, 0.48);
196.8790; (0.31, 0.71, 0.48);
196.8790; (0.31, 0.71, 0.48);
196.8800; (0.31, 0.71, 0.48);
196.8902; (0.31, 0.71, 0.48);
196.8902; (0.31, 0.71, 0.48);
196.9000; (0.31, 0.71, 0.48);
196.9011; (0.31, 0.71, 0.48);
196.9011; (0.31, 0.71, 0.48);
196.9123; (0.31, 0.71, 0.48);
196.9123; (0.31, 0.71, 0.48);
196.9200; (0.31, 0.71, 0.48);
196.9234; (0.32, 0.71, 0.48);
196.9234; (0.32, 0.71, 0.48);
196.9346; (0.32, 0.71, 0.48);
196.9346; (0.32, 0.71, 0.48);
196.9400; (0.32, 0.71, 0.48);
196.9458; (0.32, 0.72, 0.48);
196.9458; (0.32, 0.72, 0.48);
196.9566; (0.32, 0.72, 0.48);
196.9566; (0.32, 0.72, 0.48);
196.9600; (0.32, 0.72, 0.48);
196.9679; (0.32, 0.71, 0.48);
196.9679; (0.32, 0.72, 0.48);
196.9792; (0.32, 0.71, 0.48);
196.9792; (0.32, 0.71, 0.48);
196.9800; (0.32, 0.71, 0.48);
196.9901; (0.32, 0.71, 0.48);
196.9901; (0.32, 0.71, 0.48);
197.0000; (0.32, 0.71, 0.49);
197.0013; (0.32, 0.71, 0.49);
197.0013; (0.32, 0.71, 0.49);
197.0124; (0.32, 0.71, 0.49);
197.0124; (0.32, 0.71, 0.49);
197.0200; (0.32, 0.71, 0.49);
197.0232; (0.32, 0.71, 0.49);
197.0232; (0.32, 0.71, 0.49);
197.0348; (0.32, 0.71, 0.49);
197.0348; (0.32, 0.71, 0.49);
197.0400; (0.32, 0.71, 0.49);
197.0456; (0.32, 0.71, 0.49);
197.0456; (0.32, 0.71, 0.49);
197.0569; (0.32, 0.71, 0.48);
197.0569; (0.33, 0.71, 0.48);
197.0600; (0.33, 0.71, 0.48);
197.0680; (0.32, 0.71, 0.48);
197.0680; (0.33, 0.71, 0.48);
197.0794; (0.32, 0.71, 0.48);
197.0794; (0.32, 0.71, 0.48);
197.0800; (0.32, 0.71, 0.48);
197.0903; (0.32, 0.71, 0.48);
197.0903; (0.32, 0.71, 0.48);
197.1000; (0.32, 0.71, 0.48);
197.1012; (0.32, 0.70, 0.48);
197.1012; (0.32, 0.70, 0.48);
197.1123; (0.32, 0.70, 0.49);
197.1123; (0.32, 0.70, 0.49);
197.1200; (0.32, 0.70, 0.49);
197.1234; (0.32, 0.70, 0.49);
197.1234; (0.32, 0.70, 0.49);
197.1346; (0.32, 0.70, 0.49);
197.1346; (0.32, 0.70, 0.49);
197.1400; (0.32, 0.70, 0.48);
197.1455; (0.32, 0.70, 0.48);
197.1455; (0.32, 0.70, 0.48);
197.1570; (0.32, 0.70, 0.48);
197.1570; (0.32, 0.70, 0.48);
197.1600; (0.32, 0.70, 0.48);
197.1681; (0.32, 0.70, 0.48);
197.1681; (0.32, 0.70, 0.48);
197.1791; (0.32, 0.70, 0.48);
197.1791; (0.32, 0.70, 0.48);
197.1800; (0.32, 0.70, 0.48);
197.1899; (0.32, 0.70, 0.48);
197.1899; (0.32, 0.70, 0.48);
197.2000; (0.33, 0.70, 0.48);
197.2010; (0.33, 0.70, 0.48);
197.2010; (0.33, 0.70, 0.48);
197.2125; (0.33, 0.70, 0.48);
197.2125; (0.33, 0.70, 0.48);
197.2200; (0.33, 0.70, 0.48);
197.2234; (0.33, 0.70, 0.48);
197.2234; (0.33, 0.70, 0.48);
197.2348; (0.33, 0.70, 0.48);
197.2348; (0.33, 0.70, 0.48);
197.2400; (0.33, 0.70, 0.48);
197.2457; (0.33, 0.70, 0.48);
197.2457; (0.33, 0.70, 0.48);
197.2569; (0.33, 0.70, 0.48);
197.2569; (0.34, 0.69, 0.48);
197.2600; (0.34, 0.69, 0.48);
197.2680; (0.33, 0.69, 0.48);
197.2680; (0.34, 0.69, 0.48);
197.2790; (0.33, 0.69, 0.48);
197.2790; (0.34, 0.69, 0.48);
197.2800; (0.34, 0.69, 0.48);
197.2904; (0.34, 0.69, 0.48);
197.2904; (0.34, 0.69, 0.48);
197.3000; (0.34, 0.69, 0.48);
197.3012; (0.34, 0.69, 0.48);
197.3012; (0.34, 0.69, 0.48);
197.3125; (0.34, 0.69, 0.48);
197.3125; (0.35, 0.69, 0.48);
197.3200; (0.35, 0.69, 0.48);
197.3233; (0.35, 0.69, 0.48);
197.3233; (0.35, 0.69, 0.48);
197.3351; (0.35, 0.68, 0.48);
197.3351; (0.36, 0.68, 0.48);
197.3400; (0.36, 0.68, 0.48);
197.3459; (0.37, 0.68, 0.48);
197.3459; (0.37, 0.68, 0.48);
197.3570; (0.37, 0.67, 0.48);
197.3570; (0.37, 0.67, 0.48);
197.3600; (0.37, 0.67, 0.48);
197.3683; (0.37, 0.67, 0.48);
197.3683; (0.38, 0.66, 0.48);
197.3791; (0.38, 0.66, 0.48);
197.3791; (0.39, 0.65, 0.48);
197.3800; (0.39, 0.65, 0.48);
197.3902; (0.39, 0.65, 0.48);
197.3902; (0.39, 0.64, 0.48);
197.4000; (0.39, 0.64, 0.49);
197.4013; (0.40, 0.64, 0.49);
197.4013; (0.40, 0.64, 0.49);
197.4124; (0.40, 0.64, 0.49);
197.4124; (0.41, 0.63, 0.49);
197.4200; (0.41, 0.63, 0.49);
197.4232; (0.41, 0.62, 0.49);
197.4232; (0.41, 0.62, 0.49);
197.4345; (0.42, 0.62, 0.49);
197.4345; (0.43, 0.61, 0.49);
197.4400; (0.43, 0.61, 0.49);
197.4460; (0.44, 0.60, 0.49);
197.4460; (0.44, 0.60, 0.49);
197.4569; (0.44, 0.60, 0.49);
197.4569; (0.45, 0.59, 0.49);
197.4600; (0.45, 0.59, 0.49);
197.4679; (0.45, 0.59, 0.49);
197.4679; (0.46, 0.58, 0.49);
197.4791; (0.46, 0.58, 0.49);
197.4791; (0.47, 0.57, 0.50);
197.4800; (0.47, 0.57, 0.50);
197.4904; (0.47, 0.57, 0.50);
197.4904; (0.48, 0.56, 0.50);
197.5000; (0.48, 0.56, 0.50);
197.5017; (0.48, 0.55, 0.50);
197.5017; (0.48, 0.55, 0.50);
197.5126; (0.48, 0.55, 0.50);
197.5126; (0.49, 0.54, 0.50);
197.5200; (0.49, 0.54, 0.51);
197.5234; (0.50, 0.53, 0.51);
197.5234; (0.50, 0.53, 0.51);
197.5350; (0.50, 0.53, 0.51);
197.5350; (0.50, 0.52, 0.51);
197.5400; (0.50, 0.52, 0.51);
197.5457; (0.51, 0.50, 0.51);
197.5457; (0.51, 0.50, 0.51);
197.5570; (0.51, 0.51, 0.51);
197.5570; (0.52, 0.50, 0.51);
197.5600; (0.52, 0.50, 0.51);
197.5682; (0.52, 0.50, 0.52);
197.5682; (0.53, 0.49, 0.52);
197.5791; (0.53, 0.49, 0.52);
197.5791; (0.53, 0.48, 0.52);
197.5800; (0.53, 0.48, 0.52);
197.5900; (0.53, 0.47, 0.52);
197.5900; (0.54, 0.46, 0.52);
197.6000; (0.54, 0.46, 0.52);
197.6012; (0.55, 0.45, 0.52);
197.6012; (0.55, 0.45, 0.52);
197.6121; (0.54, 0.45, 0.52);
197.6121; (0.55, 0.44, 0.52);
197.6200; (0.55, 0.44, 0.52);
197.6236; (0.55, 0.43, 0.52);
197.6236; (0.55, 0.43, 0.52);
197.6347; (0.55, 0.43, 0.52);
197.6347; (0.56, 0.42, 0.52);
197.6400; (0.56, 0.42, 0.53);
197.6464; (0.57, 0.41, 0.53);
197.6464; (0.57, 0.41, 0.53);
197.6564; (0.57, 0.41, 0.53);
197.6564; (0.57, 0.40, 0.53);
197.6600; (0.57, 0.40, 0.53);
197.6680; (0.57, 0.40, 0.53);
197.6680; (0.58, 0.39, 0.53);
197.6790; (0.58, 0.40, 0.53);
197.6790; (0.58, 0.39, 0.53);
197.6800; (0.58, 0.39, 0.53);
197.6901; (0.57, 0.39, 0.52);
197.6901; (0.58, 0.38, 0.52);
197.7000; (0.58, 0.39, 0.52);
197.7012; (0.58, 0.38, 0.52);
197.7012; (0.58, 0.38, 0.52);
197.7121; (0.58, 0.38, 0.52);
197.7121; (0.59, 0.37, 0.52);
197.7200; (0.58, 0.37, 0.52);
197.7235; (0.59, 0.36, 0.53);
197.7235; (0.59, 0.36, 0.53);
197.7348; (0.59, 0.36, 0.53);
197.7348; (0.60, 0.35, 0.53);
197.7400; (0.59, 0.36, 0.53);
197.7454; (0.60, 0.35, 0.53);
197.7454; (0.60, 0.35, 0.53);
197.7567; (0.60, 0.35, 0.53);
197.7567; (0.60, 0.34, 0.53);
197.7600; (0.60, 0.34, 0.53);
197.7679; (0.61, 0.34, 0.52);
197.7679; (0.61, 0.33, 0.52);
197.7789; (0.60, 0.34, 0.52);
197.7789; (0.60, 0.33, 0.52);
197.7800; (0.60, 0.33, 0.52);
197.7902; (0.61, 0.33, 0.52);
197.7902; (0.61, 0.33, 0.52);
197.8000; (0.61, 0.33, 0.52);
197.8010; (0.61, 0.32, 0.52);
197.8010; (0.61, 0.32, 0.52);
197.8121; (0.61, 0.32, 0.52);
197.8121; (0.62, 0.32, 0.52);
197.8200; (0.62, 0.32, 0.52);
197.8235; (0.62, 0.31, 0.52);
197.8235; (0.62, 0.31, 0.52);
197.8347; (0.62, 0.31, 0.52);
197.8347; (0.62, 0.31, 0.52);
197.8400; (0.62, 0.31, 0.52);
197.8456; (0.63, 0.31, 0.52);
197.8456; (0.63, 0.31, 0.52);
197.8567; (0.63, 0.31, 0.52);
197.8567; (0.63, 0.31, 0.52);
197.8600; (0.63, 0.31, 0.52);
