Experiment: 0
Latency: 600
Source: (0.83, 0.67, 0.50)
SourceSize: 0.0750
Target: (0.17, 0.33, 0.50)
TargetSize: 0.0750

Trace:
time; position; button;
142.8122; (0.83, 0.64, 0.49);
142.8200; (0.82, 0.64, 0.49);
142.8230; (0.83, 0.64, 0.49);
142.8230; (0.83, 0.64, 0.48);
142.8346; (0.83, 0.64, 0.48);
142.8346; (0.83, 0.64, 0.48);
142.8400; (0.83, 0.64, 0.48);
142.8455; (0.83, 0.64, 0.48);
142.8455; (0.83, 0.64, 0.48);
142.8565; (0.83, 0.64, 0.47);
142.8565; (0.83, 0.64, 0.47);
142.8600; (0.83, 0.64, 0.47);
142.8677; (0.84, 0.64, 0.47);
142.8677; (0.83, 0.64, 0.47);
142.8788; (0.84, 0.64, 0.47);
142.8788; (0.84, 0.64, 0.47);
142.8800; (0.84, 0.64, 0.47);
142.8897; (0.84, 0.64, 0.47);
142.8897; (0.84, 0.64, 0.47);
142.9000; (0.84, 0.64, 0.47);
142.9010; (0.84, 0.64, 0.47);
142.9010; (0.84, 0.64, 0.47);
142.9121; (0.84, 0.64, 0.47);
142.9121; (0.84, 0.64, 0.47);
142.9200; (0.84, 0.65, 0.47);
142.9232; (0.84, 0.65, 0.47);
142.9232; (0.84, 0.65, 0.47);
142.9347; (0.84, 0.65, 0.47);
142.9347; (0.84, 0.65, 0.47);
142.9400; (0.84, 0.65, 0.47);
142.9456; (0.84, 0.65, 0.47);
142.9456; (0.84, 0.65, 0.47);
142.9563; (0.84, 0.65, 0.47);
142.9563; (0.84, 0.65, 0.47);
142.9600; (0.84, 0.65, 0.47);
142.9683; (0.85, 0.65, 0.47);
142.9683; (0.85, 0.65, 0.47);
142.9784; (0.85, 0.65, 0.47);
142.9784; (0.85, 0.65, 0.47);
142.9800; (0.85, 0.65, 0.47);
142.9901; (0.85, 0.65, 0.47);
142.9901; (0.85, 0.65, 0.47);
143.0000; (0.85, 0.65, 0.47);
143.0015; (0.85, 0.65, 0.47);
143.0015; (0.85, 0.65, 0.47);
143.0121; (0.85, 0.65, 0.47);
143.0121; (0.85, 0.65, 0.47);
143.0200; (0.85, 0.65, 0.47);
143.0233; (0.86, 0.65, 0.47);
143.0233; (0.86, 0.65, 0.47);
143.0347; (0.86, 0.65, 0.47);
143.0347; (0.86, 0.65, 0.47);
143.0400; (0.86, 0.65, 0.47);
143.0454; (0.86, 0.65, 0.48);
143.0454; (0.86, 0.65, 0.48);
143.0566; (0.86, 0.65, 0.48);
143.0566; (0.86, 0.65, 0.48);
143.0600; (0.86, 0.65, 0.48);
143.0678; (0.86, 0.65, 0.48);
143.0678; (0.86, 0.65, 0.47);
143.0791; (0.86, 0.65, 0.47);
143.0791; (0.86, 0.65, 0.47);
143.0800; (0.86, 0.65, 0.47);
143.0903; (0.87, 0.65, 0.47);
143.0903; (0.87, 0.65, 0.48);
143.1000; (0.87, 0.65, 0.48);
143.1018; (0.87, 0.65, 0.48);
143.1018; (0.87, 0.65, 0.48);
143.1126; (0.87, 0.65, 0.48);
143.1126; (0.87, 0.65, 0.48);
143.1200; (0.87, 0.65, 0.48);
143.1231; (0.87, 0.65, 0.48);
143.1231; (0.87, 0.65, 0.48);
143.1347; (0.87, 0.65, 0.48);
143.1347; (0.87, 0.65, 0.48);
143.1400; (0.87, 0.65, 0.48);
143.1458; (0.87, 0.65, 0.48);
143.1458; (0.87, 0.65, 0.48);
143.1565; (0.87, 0.65, 0.48);
143.1565; (0.87, 0.65, 0.48);
143.1600; (0.87, 0.65, 0.48);
143.1679; (0.87, 0.65, 0.48);
143.1679; (0.87, 0.65, 0.48);
143.1785; (0.87, 0.65, 0.49);
143.1785; (0.87, 0.65, 0.49);
143.1800; (0.87, 0.65, 0.49);
143.1898; (0.87, 0.65, 0.49);
143.1898; (0.87, 0.65, 0.49);
143.2000; (0.87, 0.65, 0.49);
143.2013; (0.87, 0.65, 0.49);
143.2013; (0.87, 0.65, 0.49);
143.2121; (0.87, 0.65, 0.49);
143.2121; (0.87, 0.65, 0.49);
143.2200; (0.88, 0.65, 0.49);
143.2232; (0.88, 0.65, 0.49);
143.2232; (0.88, 0.65, 0.49);
143.2348; (0.88, 0.65, 0.49);
143.2348; (0.88, 0.65, 0.49);
143.2400; (0.88, 0.65, 0.49);
143.2459; (0.88, 0.65, 0.49);
143.2459; (0.88, 0.65, 0.49);
143.2565; (0.88, 0.65, 0.49);
143.2565; (0.88, 0.65, 0.49);
143.2600; (0.88, 0.65, 0.49);
143.2677; (0.88, 0.65, 0.49);
143.2677; (0.88, 0.65, 0.49);
143.2786; (0.88, 0.65, 0.49);
143.2786; (0.88, 0.65, 0.49);
143.2800; (0.88, 0.65, 0.50);
143.2900; (0.88, 0.65, 0.50);
143.2900; (0.88, 0.65, 0.50);
143.3000; (0.88, 0.65, 0.50);
143.3013; (0.88, 0.65, 0.50);
143.3013; (0.88, 0.65, 0.50);
143.3121; (0.88, 0.65, 0.50);
143.3121; (0.88, 0.65, 0.50);
143.3200; (0.88, 0.65, 0.50);
143.3239; (0.88, 0.65, 0.50);
143.3239; (0.88, 0.65, 0.50);
143.3347; (0.88, 0.65, 0.50);
143.3347; (0.88, 0.65, 0.50);
143.3400; (0.88, 0.65, 0.50);
143.3455; (0.88, 0.65, 0.50);
143.3455; (0.88, 0.65, 0.50);
143.3567; (0.88, 0.65, 0.50);
143.3567; (0.88, 0.65, 0.50);
143.3600; (0.88, 0.65, 0.50);
143.3680; (0.88, 0.65, 0.50);
143.3680; (0.88, 0.65, 0.50);
143.3788; (0.88, 0.65, 0.50);
143.3788; (0.88, 0.65, 0.50);
143.3800; (0.88, 0.65, 0.50);
143.3901; (0.88, 0.65, 0.50);
143.3901; (0.87, 0.65, 0.50);
143.4000; (0.87, 0.65, 0.50);
143.4013; (0.87, 0.65, 0.50);
143.4013; (0.87, 0.65, 0.50);
143.4120; (0.87, 0.65, 0.51);
143.4120; (0.87, 0.65, 0.51);
143.4200; (0.87, 0.65, 0.51);
143.4232; (0.87, 0.65, 0.51);
143.4232; (0.87, 0.65, 0.51);
143.4345; (0.87, 0.65, 0.51);
143.4345; (0.87, 0.65, 0.51);
143.4400; (0.87, 0.65, 0.51);
143.4453; (0.87, 0.65, 0.51);
143.4453; (0.87, 0.65, 0.51);
143.4566; (0.86, 0.65, 0.51);
143.4566; (0.86, 0.65, 0.51);
143.4600; (0.86, 0.65, 0.51);
143.4679; (0.86, 0.65, 0.51);
143.4679; (0.86, 0.64, 0.51);
143.4787; (0.86, 0.64, 0.51);
143.4787; (0.86, 0.64, 0.51);
143.4800; (0.86, 0.64, 0.51);
143.4900; (0.86, 0.64, 0.51);
143.4900; (0.86, 0.64, 0.50);
143.5000; (0.85, 0.64, 0.50);
143.5012; (0.85, 0.64, 0.50);
143.5012; (0.85, 0.64, 0.50);
143.5125; (0.85, 0.63, 0.50);
143.5125; (0.85, 0.63, 0.50);
143.5200; (0.85, 0.63, 0.50);
143.5231; (0.85, 0.63, 0.50);
143.5231; (0.85, 0.63, 0.50);
143.5346; (0.84, 0.62, 0.50);
143.5346; (0.84, 0.62, 0.50);
143.5400; (0.85, 0.63, 0.50);
143.5455; (0.84, 0.62, 0.50);
143.5455; (0.84, 0.62, 0.50);
143.5566; (0.84, 0.62, 0.50);
143.5566; (0.84, 0.62, 0.50);
143.5600; (0.84, 0.62, 0.50);
143.5679; (0.84, 0.62, 0.50);
143.5679; (0.84, 0.62, 0.50);
143.5787; (0.83, 0.62, 0.50);
143.5787; (0.83, 0.62, 0.50);
143.5800; (0.83, 0.62, 0.50);
143.5897; (0.83, 0.61, 0.50);
143.5897; (0.82, 0.61, 0.50);
143.6000; (0.82, 0.61, 0.50);
143.6010; (0.82, 0.61, 0.50);
143.6010; (0.82, 0.61, 0.50);
143.6118; (0.81, 0.61, 0.50);
143.6118; (0.81, 0.61, 0.50);
143.6200; (0.81, 0.61, 0.50);
143.6232; (0.81, 0.60, 0.50);
143.6232; (0.81, 0.60, 0.50);
143.6343; (0.80, 0.60, 0.50);
143.6343; (0.80, 0.60, 0.50);
143.6400; (0.80, 0.60, 0.50);
143.6452; (0.80, 0.59, 0.50);
143.6452; (0.80, 0.59, 0.50);
143.6561; (0.79, 0.58, 0.50);
143.6561; (0.79, 0.58, 0.50);
143.6600; (0.79, 0.58, 0.50);
143.6678; (0.79, 0.58, 0.50);
143.6678; (0.79, 0.58, 0.50);
143.6785; (0.78, 0.57, 0.50);
143.6785; (0.78, 0.57, 0.50);
143.6800; (0.78, 0.57, 0.50);
143.6894; (0.78, 0.57, 0.50);
143.6894; (0.78, 0.57, 0.50);
143.7000; (0.78, 0.56, 0.49);
143.7010; (0.78, 0.56, 0.49);
143.7010; (0.78, 0.56, 0.50);
143.7118; (0.77, 0.56, 0.49);
143.7118; (0.77, 0.56, 0.49);
143.7200; (0.77, 0.56, 0.49);
143.7229; (0.77, 0.55, 0.50);
143.7229; (0.77, 0.55, 0.50);
143.7344; (0.76, 0.54, 0.49);
143.7344; (0.76, 0.54, 0.49);
143.7400; (0.76, 0.54, 0.50);
143.7453; (0.76, 0.54, 0.50);
143.7453; (0.76, 0.54, 0.50);
143.7568; (0.75, 0.53, 0.50);
143.7568; (0.75, 0.53, 0.50);
143.7600; (0.75, 0.53, 0.50);
143.7675; (0.74, 0.52, 0.50);
143.7675; (0.74, 0.53, 0.50);
143.7783; (0.74, 0.52, 0.50);
143.7783; (0.74, 0.52, 0.50);
143.7800; (0.74, 0.52, 0.50);
143.7899; (0.73, 0.52, 0.50);
143.7899; (0.74, 0.52, 0.50);
143.8000; (0.73, 0.51, 0.50);
143.8006; (0.73, 0.51, 0.50);
143.8006; (0.73, 0.51, 0.50);
143.8122; (0.73, 0.51, 0.50);
143.8122; (0.73, 0.51, 0.50);
143.8200; (0.73, 0.51, 0.50);
143.8229; (0.72, 0.50, 0.50);
143.8229; (0.72, 0.50, 0.50);
143.8348; (0.71, 0.49, 0.50);
143.8348; (0.71, 0.49, 0.50);
143.8400; (0.71, 0.49, 0.51);
143.8454; (0.70, 0.49, 0.51);
143.8454; (0.70, 0.49, 0.51);
143.8563; (0.69, 0.48, 0.51);
143.8563; (0.69, 0.48, 0.51);
143.8600; (0.69, 0.48, 0.51);
143.8673; (0.69, 0.47, 0.51);
143.8673; (0.69, 0.48, 0.51);
143.8783; (0.68, 0.47, 0.51);
143.8783; (0.68, 0.47, 0.51);
143.8800; (0.68, 0.47, 0.51);
143.8896; (0.67, 0.47, 0.51);
143.8896; (0.66, 0.47, 0.50);
143.9000; (0.65, 0.47, 0.50);
143.9007; (0.65, 0.47, 0.50);
143.9007; (0.65, 0.47, 0.50);
143.9119; (0.64, 0.46, 0.50);
143.9119; (0.64, 0.46, 0.50);
143.9200; (0.64, 0.46, 0.50);
143.9230; (0.63, 0.46, 0.50);
143.9230; (0.63, 0.46, 0.50);
143.9344; (0.63, 0.46, 0.50);
143.9344; (0.63, 0.46, 0.50);
143.9400; (0.63, 0.46, 0.50);
143.9455; (0.62, 0.45, 0.50);
143.9455; (0.62, 0.45, 0.51);
143.9574; (0.61, 0.45, 0.51);
143.9574; (0.61, 0.45, 0.51);
143.9600; (0.61, 0.45, 0.51);
143.9673; (0.60, 0.44, 0.51);
143.9673; (0.60, 0.44, 0.51);
143.9787; (0.59, 0.44, 0.51);
143.9787; (0.59, 0.44, 0.51);
143.9800; (0.59, 0.44, 0.51);
143.9897; (0.58, 0.43, 0.51);
143.9897; (0.58, 0.43, 0.51);
144.0000; (0.57, 0.43, 0.51);
144.0013; (0.57, 0.43, 0.51);
144.0013; (0.57, 0.43, 0.51);
144.0125; (0.56, 0.42, 0.51);
144.0125; (0.56, 0.42, 0.51);
144.0200; (0.56, 0.42, 0.51);
144.0235; (0.56, 0.42, 0.51);
144.0235; (0.56, 0.42, 0.51);
144.0346; (0.55, 0.41, 0.51);
144.0346; (0.55, 0.41, 0.51);
144.0400; (0.55, 0.41, 0.51);
144.0453; (0.54, 0.41, 0.51);
144.0453; (0.54, 0.41, 0.52);
144.0569; (0.53, 0.40, 0.52);
144.0569; (0.53, 0.40, 0.52);
144.0600; (0.53, 0.40, 0.52);
144.0680; (0.52, 0.40, 0.52);
144.0680; (0.52, 0.40, 0.52);
144.0790; (0.51, 0.39, 0.52);
144.0790; (0.51, 0.39, 0.52);
144.0800; (0.52, 0.39, 0.52);
144.0897; (0.51, 0.39, 0.52);
144.0897; (0.51, 0.39, 0.52);
144.1000; (0.50, 0.39, 0.52);
144.1013; (0.50, 0.39, 0.52);
144.1013; (0.50, 0.39, 0.52);
144.1122; (0.49, 0.38, 0.52);
144.1122; (0.49, 0.38, 0.52);
144.1200; (0.49, 0.38, 0.52);
144.1230; (0.48, 0.38, 0.52);
144.1230; (0.48, 0.38, 0.52);
144.1341; (0.48, 0.37, 0.52);
144.1341; (0.48, 0.37, 0.52);
144.1400; (0.48, 0.37, 0.52);
144.1456; (0.47, 0.37, 0.52);
144.1456; (0.47, 0.37, 0.52);
144.1565; (0.47, 0.37, 0.52);
144.1565; (0.47, 0.37, 0.52);
144.1600; (0.47, 0.37, 0.52);
144.1674; (0.46, 0.37, 0.52);
144.1674; (0.46, 0.37, 0.52);
144.1788; (0.46, 0.36, 0.52);
144.1788; (0.46, 0.36, 0.52);
144.1800; (0.46, 0.36, 0.52);
144.1894; (0.45, 0.36, 0.52);
144.1894; (0.45, 0.36, 0.52);
144.2000; (0.44, 0.36, 0.52);
144.2012; (0.44, 0.36, 0.52);
144.2012; (0.44, 0.36, 0.52);
144.2121; (0.43, 0.35, 0.52);
144.2121; (0.43, 0.35, 0.52);
144.2200; (0.43, 0.35, 0.52);
144.2229; (0.43, 0.35, 0.52);
144.2229; (0.43, 0.35, 0.53);
144.2340; (0.42, 0.35, 0.53);
144.2340; (0.42, 0.35, 0.53);
144.2400; (0.42, 0.35, 0.53);
144.2455; (0.42, 0.35, 0.53);
144.2455; (0.42, 0.35, 0.53);
144.2565; (0.41, 0.35, 0.53);
144.2565; (0.41, 0.35, 0.53);
144.2600; (0.42, 0.35, 0.53);
144.2673; (0.41, 0.35, 0.53);
144.2673; (0.41, 0.35, 0.52);
144.2786; (0.41, 0.35, 0.52);
144.2786; (0.41, 0.35, 0.52);
144.2800; (0.41, 0.35, 0.52);
144.2901; (0.40, 0.34, 0.52);
144.2901; (0.40, 0.35, 0.52);
144.3000; (0.40, 0.34, 0.52);
144.3011; (0.40, 0.34, 0.52);
144.3011; (0.40, 0.34, 0.52);
144.3121; (0.39, 0.34, 0.52);
144.3121; (0.39, 0.34, 0.52);
144.3200; (0.39, 0.34, 0.52);
144.3234; (0.39, 0.34, 0.52);
144.3234; (0.39, 0.34, 0.52);
144.3347; (0.38, 0.34, 0.51);
144.3347; (0.38, 0.34, 0.51);
144.3400; (0.38, 0.34, 0.52);
144.3457; (0.38, 0.34, 0.52);
144.3457; (0.38, 0.34, 0.52);
144.3570; (0.38, 0.34, 0.52);
144.3570; (0.38, 0.34, 0.52);
144.3600; (0.38, 0.34, 0.52);
144.3679; (0.37, 0.34, 0.52);
144.3679; (0.37, 0.34, 0.51);
144.3788; (0.37, 0.34, 0.51);
144.3788; (0.37, 0.34, 0.51);
144.3800; (0.37, 0.34, 0.51);
144.3898; (0.36, 0.33, 0.51);
144.3898; (0.36, 0.34, 0.51);
144.4000; (0.36, 0.34, 0.51);
144.4010; (0.36, 0.34, 0.51);
144.4010; (0.36, 0.33, 0.51);
144.4118; (0.35, 0.33, 0.51);
144.4118; (0.35, 0.33, 0.51);
144.4200; (0.35, 0.33, 0.51);
144.4230; (0.35, 0.33, 0.51);
144.4230; (0.35, 0.33, 0.51);
144.4340; (0.34, 0.33, 0.51);
144.4340; (0.34, 0.33, 0.51);
144.4400; (0.34, 0.33, 0.51);
144.4454; (0.34, 0.33, 0.51);
144.4454; (0.34, 0.33, 0.51);
144.4565; (0.34, 0.33, 0.51);
144.4565; (0.34, 0.33, 0.51);
144.4600; (0.33, 0.33, 0.51);
144.4678; (0.33, 0.33, 0.51);
144.4678; (0.33, 0.33, 0.51);
144.4786; (0.32, 0.33, 0.51);
144.4786; (0.32, 0.33, 0.51);
144.4800; (0.32, 0.33, 0.51);
144.4900; (0.32, 0.33, 0.51);
144.4900; (0.32, 0.33, 0.51);
144.5000; (0.31, 0.33, 0.51);
144.5011; (0.31, 0.33, 0.51);
144.5011; (0.31, 0.33, 0.51);
144.5121; (0.31, 0.33, 0.51);
144.5121; (0.31, 0.33, 0.51);
144.5200; (0.31, 0.33, 0.51);
144.5235; (0.30, 0.33, 0.51);
144.5235; (0.31, 0.33, 0.51);
144.5346; (0.30, 0.33, 0.51);
144.5346; (0.30, 0.33, 0.51);
144.5400; (0.30, 0.33, 0.51);
144.5458; (0.30, 0.33, 0.51);
144.5458; (0.30, 0.33, 0.51);
144.5569; (0.29, 0.33, 0.51);
144.5569; (0.29, 0.33, 0.51);
144.5600; (0.29, 0.33, 0.51);
144.5675; (0.29, 0.33, 0.51);
144.5675; (0.29, 0.33, 0.51);
144.5784; (0.28, 0.33, 0.51);
144.5784; (0.28, 0.33, 0.51);
144.5800; (0.28, 0.33, 0.51);
144.5901; (0.28, 0.33, 0.51);
144.5901; (0.28, 0.33, 0.51);
144.6000; (0.27, 0.33, 0.51);
144.6011; (0.27, 0.33, 0.51);
144.6011; (0.27, 0.33, 0.51);
144.6120; (0.27, 0.33, 0.51);
144.6120; (0.27, 0.33, 0.51);
144.6200; (0.27, 0.33, 0.51);
144.6233; (0.26, 0.33, 0.51);
144.6233; (0.27, 0.33, 0.51);
144.6341; (0.26, 0.33, 0.51);
144.6341; (0.26, 0.33, 0.51);
144.6400; (0.26, 0.33, 0.51);
144.6456; (0.26, 0.33, 0.51);
144.6456; (0.26, 0.33, 0.51);
144.6564; (0.26, 0.33, 0.51);
144.6564; (0.26, 0.33, 0.51);
144.6600; (0.26, 0.33, 0.52);
144.6680; (0.25, 0.33, 0.52);
144.6680; (0.25, 0.33, 0.52);
144.6785; (0.25, 0.33, 0.52);
144.6785; (0.25, 0.33, 0.52);
144.6800; (0.25, 0.33, 0.52);
144.6899; (0.24, 0.33, 0.52);
144.6899; (0.24, 0.33, 0.52);
144.7000; (0.24, 0.33, 0.52);
144.7010; (0.24, 0.33, 0.52);
144.7010; (0.24, 0.33, 0.52);
144.7120; (0.24, 0.33, 0.52);
144.7120; (0.24, 0.33, 0.52);
144.7200; (0.24, 0.33, 0.52);
144.7233; (0.24, 0.33, 0.52);
144.7233; (0.24, 0.33, 0.52);
144.7341; (0.23, 0.33, 0.52);
144.7341; (0.23, 0.33, 0.52);
144.7400; (0.23, 0.33, 0.52);
144.7450; (0.23, 0.33, 0.52);
144.7450; (0.23, 0.33, 0.52);
144.7566; (0.23, 0.33, 0.52);
144.7566; (0.23, 0.33, 0.52);
144.7600; (0.23, 0.33, 0.52);
144.7677; (0.23, 0.33, 0.52);
144.7677; (0.23, 0.33, 0.52);
144.7787; (0.22, 0.33, 0.52);
144.7787; (0.22, 0.33, 0.52);
144.7800; (0.22, 0.33, 0.52);
144.7898; (0.22, 0.33, 0.52);
144.7898; (0.22, 0.33, 0.52);
144.8000; (0.22, 0.33, 0.52);
144.8007; (0.22, 0.33, 0.52);
144.8007; (0.22, 0.33, 0.52);
144.8121; (0.22, 0.33, 0.52);
144.8121; (0.22, 0.33, 0.52);
144.8200; (0.22, 0.33, 0.52);
144.8233; (0.22, 0.33, 0.52);
144.8233; (0.22, 0.33, 0.52);
144.8340; (0.21, 0.33, 0.52);
144.8340; (0.21, 0.33, 0.52);
144.8400; (0.21, 0.33, 0.52);
144.8450; (0.21, 0.32, 0.53);
144.8450; (0.21, 0.33, 0.52);
144.8561; (0.21, 0.32, 0.53);
144.8561; (0.21, 0.32, 0.53);
144.8600; (0.21, 0.32, 0.52);
144.8678; (0.21, 0.32, 0.53);
144.8678; (0.21, 0.32, 0.53);
144.8785; (0.21, 0.32, 0.53);
144.8785; (0.21, 0.32, 0.53);
144.8800; (0.21, 0.32, 0.53);
144.8896; (0.21, 0.32, 0.53);
144.8896; (0.21, 0.32, 0.53);
144.9000; (0.21, 0.32, 0.53);
144.9008; (0.21, 0.32, 0.53);
144.9008; (0.21, 0.32, 0.53);
144.9117; (0.21, 0.32, 0.53);
144.9117; (0.21, 0.32, 0.53);
144.9200; (0.21, 0.32, 0.53);
144.9233; (0.21, 0.32, 0.53);
144.9233; (0.21, 0.32, 0.53);
144.9341; (0.21, 0.32, 0.53);
144.9341; (0.21, 0.32, 0.53);
144.9400; (0.21, 0.32, 0.53);
