Experiment: 1
Latency: 300
Source: (0.81, 0.97, 0.50)
SourceSize: 0.0750
Target: (0.19, 0.03, 0.50)
TargetSize: 0.0750

Trace:
time; position; button;
109.9877; (0.82, 0.96, 0.50);
109.9877; (0.82, 0.96, 0.50);
109.9987; (0.82, 0.96, 0.50);
109.9987; (0.82, 0.96, 0.50);
110.0000; (0.82, 0.96, 0.50);
110.0097; (0.82, 0.96, 0.50);
110.0097; (0.82, 0.96, 0.50);
110.0200; (0.82, 0.95, 0.50);
110.0211; (0.82, 0.95, 0.50);
110.0211; (0.82, 0.95, 0.50);
110.0322; (0.82, 0.95, 0.51);
110.0322; (0.82, 0.95, 0.51);
110.0400; (0.82, 0.95, 0.51);
110.0432; (0.82, 0.95, 0.51);
110.0432; (0.83, 0.95, 0.51);
110.0545; (0.83, 0.95, 0.51);
110.0545; (0.83, 0.95, 0.51);
110.0600; (0.83, 0.95, 0.51);
110.0657; (0.83, 0.95, 0.51);
110.0657; (0.83, 0.95, 0.51);
110.0766; (0.83, 0.95, 0.51);
110.0766; (0.83, 0.95, 0.51);
110.0800; (0.83, 0.95, 0.51);
110.0878; (0.83, 0.95, 0.51);
110.0878; (0.83, 0.95, 0.51);
110.0988; (0.83, 0.95, 0.51);
110.0988; (0.83, 0.95, 0.51);
110.1000; (0.83, 0.95, 0.51);
110.1103; (0.83, 0.95, 0.52);
110.1103; (0.83, 0.95, 0.51);
110.1200; (0.83, 0.95, 0.52);
110.1212; (0.83, 0.95, 0.52);
110.1212; (0.83, 0.95, 0.52);
110.1323; (0.83, 0.94, 0.52);
110.1323; (0.83, 0.94, 0.52);
110.1400; (0.83, 0.94, 0.52);
110.1433; (0.83, 0.94, 0.52);
110.1433; (0.82, 0.94, 0.52);
110.1545; (0.82, 0.94, 0.52);
110.1545; (0.82, 0.94, 0.52);
110.1600; (0.82, 0.94, 0.52);
110.1660; (0.82, 0.94, 0.52);
110.1660; (0.82, 0.94, 0.52);
110.1765; (0.82, 0.94, 0.52);
110.1765; (0.82, 0.94, 0.52);
110.1800; (0.83, 0.94, 0.52);
110.1875; (0.83, 0.94, 0.53);
110.1875; (0.83, 0.94, 0.53);
110.1990; (0.83, 0.94, 0.53);
110.1990; (0.83, 0.94, 0.53);
110.2000; (0.83, 0.94, 0.53);
110.2100; (0.83, 0.94, 0.53);
110.2100; (0.82, 0.94, 0.53);
110.2200; (0.82, 0.94, 0.53);
110.2214; (0.82, 0.94, 0.53);
110.2214; (0.82, 0.94, 0.53);
110.2320; (0.82, 0.94, 0.53);
110.2320; (0.82, 0.94, 0.53);
110.2400; (0.83, 0.94, 0.53);
110.2434; (0.83, 0.94, 0.53);
110.2434; (0.83, 0.94, 0.53);
110.2545; (0.83, 0.94, 0.54);
110.2545; (0.83, 0.94, 0.54);
110.2600; (0.83, 0.94, 0.54);
110.2654; (0.83, 0.94, 0.54);
110.2654; (0.83, 0.93, 0.53);
110.2764; (0.83, 0.93, 0.53);
110.2764; (0.83, 0.93, 0.53);
110.2800; (0.82, 0.93, 0.53);
110.2878; (0.82, 0.93, 0.53);
110.2878; (0.82, 0.93, 0.54);
110.2991; (0.82, 0.92, 0.54);
110.2991; (0.82, 0.92, 0.54);
110.3000; (0.82, 0.92, 0.54);
110.3103; (0.82, 0.92, 0.54);
110.3103; (0.82, 0.93, 0.54);
110.3200; (0.82, 0.92, 0.54);
110.3215; (0.82, 0.92, 0.54);
110.3215; (0.82, 0.93, 0.54);
110.3325; (0.82, 0.93, 0.54);
110.3325; (0.82, 0.93, 0.54);
110.3400; (0.82, 0.93, 0.54);
110.3443; (0.82, 0.93, 0.54);
110.3443; (0.82, 0.93, 0.54);
110.3549; (0.82, 0.93, 0.54);
110.3549; (0.82, 0.93, 0.54);
110.3600; (0.83, 0.93, 0.54);
110.3658; (0.83, 0.93, 0.54);
110.3658; (0.83, 0.93, 0.54);
110.3771; (0.83, 0.93, 0.54);
110.3771; (0.83, 0.93, 0.54);
110.3800; (0.83, 0.93, 0.54);
110.3894; (0.84, 0.93, 0.54);
110.3894; (0.84, 0.93, 0.54);
110.3997; (0.84, 0.93, 0.54);
110.3997; (0.84, 0.93, 0.54);
110.4000; (0.84, 0.93, 0.54);
110.4105; (0.84, 0.93, 0.53);
110.4105; (0.84, 0.93, 0.53);
110.4200; (0.84, 0.93, 0.53);
110.4214; (0.84, 0.93, 0.53);
110.4214; (0.84, 0.93, 0.53);
110.4326; (0.84, 0.92, 0.53);
110.4326; (0.84, 0.92, 0.53);
110.4400; (0.83, 0.92, 0.53);
110.4443; (0.83, 0.92, 0.53);
110.4443; (0.83, 0.92, 0.53);
110.4550; (0.83, 0.91, 0.53);
110.4550; (0.83, 0.91, 0.53);
110.4600; (0.83, 0.91, 0.53);
110.4663; (0.83, 0.91, 0.52);
110.4663; (0.83, 0.91, 0.52);
110.4769; (0.82, 0.91, 0.52);
110.4769; (0.82, 0.91, 0.52);
110.4800; (0.82, 0.91, 0.52);
110.4882; (0.82, 0.90, 0.52);
110.4882; (0.82, 0.90, 0.51);
110.4994; (0.82, 0.90, 0.51);
110.4994; (0.82, 0.90, 0.51);
110.5000; (0.82, 0.90, 0.51);
110.5104; (0.82, 0.89, 0.51);
110.5104; (0.82, 0.89, 0.51);
110.5200; (0.81, 0.88, 0.50);
110.5217; (0.81, 0.88, 0.50);
110.5217; (0.81, 0.88, 0.50);
110.5324; (0.81, 0.88, 0.50);
110.5324; (0.81, 0.88, 0.50);
110.5400; (0.81, 0.87, 0.50);
110.5435; (0.81, 0.87, 0.49);
110.5435; (0.80, 0.86, 0.49);
110.5550; (0.80, 0.85, 0.49);
110.5550; (0.80, 0.85, 0.49);
110.5600; (0.80, 0.85, 0.49);
110.5662; (0.79, 0.84, 0.49);
110.5662; (0.79, 0.84, 0.49);
110.5768; (0.78, 0.82, 0.48);
110.5768; (0.78, 0.82, 0.48);
110.5800; (0.78, 0.82, 0.48);
110.5878; (0.77, 0.81, 0.47);
110.5878; (0.76, 0.81, 0.47);
110.5989; (0.75, 0.79, 0.47);
110.5989; (0.75, 0.79, 0.47);
110.6000; (0.75, 0.79, 0.47);
110.6104; (0.74, 0.77, 0.46);
110.6104; (0.73, 0.77, 0.46);
110.6200; (0.72, 0.75, 0.46);
110.6214; (0.72, 0.75, 0.46);
110.6214; (0.72, 0.75, 0.46);
110.6321; (0.70, 0.73, 0.46);
110.6321; (0.70, 0.73, 0.46);
110.6400; (0.70, 0.73, 0.46);
110.6432; (0.68, 0.71, 0.45);
110.6432; (0.68, 0.71, 0.45);
110.6548; (0.66, 0.69, 0.45);
110.6548; (0.66, 0.69, 0.45);
110.6600; (0.66, 0.69, 0.45);
110.6658; (0.64, 0.67, 0.44);
110.6658; (0.64, 0.67, 0.44);
110.6769; (0.62, 0.64, 0.44);
110.6769; (0.62, 0.64, 0.44);
110.6800; (0.62, 0.64, 0.44);
110.6880; (0.60, 0.62, 0.43);
110.6880; (0.60, 0.62, 0.44);
110.6991; (0.58, 0.60, 0.43);
110.6991; (0.58, 0.60, 0.43);
110.7000; (0.58, 0.60, 0.43);
110.7101; (0.55, 0.58, 0.43);
110.7101; (0.55, 0.58, 0.43);
110.7200; (0.53, 0.55, 0.42);
110.7211; (0.53, 0.55, 0.42);
110.7211; (0.53, 0.55, 0.43);
110.7320; (0.51, 0.53, 0.42);
110.7320; (0.51, 0.53, 0.42);
110.7400; (0.51, 0.53, 0.42);
110.7432; (0.48, 0.50, 0.41);
110.7432; (0.49, 0.50, 0.42);
110.7546; (0.46, 0.48, 0.41);
110.7546; (0.46, 0.48, 0.41);
110.7600; (0.47, 0.48, 0.42);
110.7657; (0.44, 0.46, 0.41);
110.7657; (0.44, 0.46, 0.41);
110.7770; (0.42, 0.43, 0.40);
110.7770; (0.42, 0.43, 0.40);
110.7800; (0.42, 0.43, 0.41);
110.7879; (0.40, 0.41, 0.40);
110.7879; (0.40, 0.41, 0.40);
110.7989; (0.38, 0.39, 0.39);
110.7989; (0.38, 0.39, 0.39);
110.8000; (0.38, 0.39, 0.39);
110.8099; (0.36, 0.37, 0.38);
110.8099; (0.36, 0.37, 0.39);
110.8200; (0.34, 0.35, 0.38);
110.8209; (0.34, 0.35, 0.38);
110.8209; (0.35, 0.35, 0.39);
110.8319; (0.33, 0.33, 0.38);
110.8319; (0.33, 0.33, 0.38);
110.8400; (0.33, 0.33, 0.38);
110.8436; (0.32, 0.32, 0.37);
110.8436; (0.32, 0.32, 0.37);
110.8548; (0.31, 0.31, 0.37);
110.8548; (0.31, 0.31, 0.37);
110.8600; (0.31, 0.31, 0.37);
110.8656; (0.30, 0.29, 0.37);
110.8656; (0.30, 0.29, 0.37);
110.8766; (0.29, 0.28, 0.37);
110.8766; (0.29, 0.28, 0.37);
110.8800; (0.29, 0.28, 0.37);
110.8875; (0.28, 0.26, 0.36);
110.8875; (0.28, 0.26, 0.36);
110.8987; (0.27, 0.25, 0.36);
110.8987; (0.27, 0.25, 0.36);
110.9000; (0.27, 0.25, 0.36);
110.9099; (0.26, 0.23, 0.36);
110.9099; (0.26, 0.23, 0.36);
110.9200; (0.25, 0.22, 0.36);
110.9210; (0.25, 0.22, 0.36);
110.9210; (0.25, 0.22, 0.36);
110.9319; (0.24, 0.21, 0.35);
110.9319; (0.24, 0.21, 0.35);
110.9400; (0.24, 0.21, 0.35);
110.9437; (0.23, 0.20, 0.35);
110.9437; (0.23, 0.20, 0.35);
110.9547; (0.22, 0.19, 0.35);
110.9547; (0.22, 0.19, 0.35);
110.9600; (0.22, 0.20, 0.35);
110.9656; (0.21, 0.19, 0.35);
110.9656; (0.22, 0.19, 0.35);
110.9767; (0.21, 0.18, 0.35);
110.9767; (0.21, 0.18, 0.35);
110.9800; (0.22, 0.18, 0.36);
110.9879; (0.21, 0.17, 0.36);
110.9879; (0.21, 0.17, 0.36);
110.9989; (0.21, 0.16, 0.37);
110.9989; (0.21, 0.16, 0.37);
111.0000; (0.21, 0.16, 0.37);
111.0099; (0.20, 0.15, 0.37);
111.0099; (0.20, 0.15, 0.37);
111.0200; (0.20, 0.15, 0.37);
111.0214; (0.20, 0.15, 0.37);
111.0214; (0.20, 0.15, 0.37);
111.0320; (0.20, 0.14, 0.37);
111.0320; (0.20, 0.14, 0.37);
111.0400; (0.20, 0.14, 0.37);
111.0435; (0.19, 0.13, 0.38);
111.0435; (0.20, 0.13, 0.38);
111.0549; (0.19, 0.12, 0.38);
111.0549; (0.19, 0.12, 0.38);
111.0600; (0.20, 0.13, 0.38);
